0.00000E+00 0.00000E+00
1.54067E-10 0.00000E+00
3.08133E-10 2.47395E-36
4.62200E-10 2.10247E-35
6.16267E-10 1.74807E-34
7.70333E-10 1.66410E-33
9.24400E-10 1.62438E-32
1.07847E-09 1.54608E-31
1.23253E-09 1.42056E-30
1.38660E-09 1.25834E-29
1.54067E-09 1.07449E-28
1.69473E-09 8.84452E-28
1.84880E-09 7.01813E-27
2.00287E-09 5.36845E-26
2.15693E-09 3.95880E-25
2.31100E-09 2.81431E-24
2.46507E-09 1.92877E-23
2.61913E-09 1.27436E-22
2.77320E-09 8.11746E-22
2.92727E-09 4.98501E-21
3.08133E-09 2.95146E-20
3.23540E-09 1.68476E-19
3.38947E-09 9.27213E-19
3.54353E-09 4.91998E-18
3.69760E-09 2.51708E-17
3.85167E-09 1.24161E-16
4.00573E-09 5.90519E-16
4.15980E-09 2.70799E-15
4.31387E-09 1.19737E-14
4.46793E-09 5.10487E-14
4.62200E-09 2.09853E-13
4.77607E-09 8.31809E-13
4.93013E-09 3.17914E-12
5.08420E-09 1.17159E-11
5.23827E-09 4.16309E-11
5.39233E-09 1.42636E-10
5.54640E-09 4.71207E-10
5.70047E-09 1.50091E-09
5.85453E-09 4.60942E-09
6.00860E-09 1.36482E-08
6.16267E-09 3.89604E-08
6.31673E-09 1.07219E-07
6.47080E-09 2.84440E-07
6.62487E-09 7.27367E-07
6.77893E-09 1.79275E-06
6.93300E-09 4.25839E-06
7.08707E-09 9.74710E-06
7.24113E-09 2.14954E-05
7.39520E-09 4.56645E-05
7.54927E-09 9.34295E-05
7.70333E-09 1.84057E-04
7.85740E-09 3.49024E-04
8.01147E-09 6.36851E-04
8.16553E-09 1.11768E-03
8.31960E-09 1.88567E-03
8.47367E-09 3.05648E-03
8.62773E-09 4.75612E-03
8.78180E-09 7.09831E-03
8.93587E-09 1.01490E-02
9.08993E-09 1.38809E-02
9.24400E-09 1.81261E-02
9.39807E-09 2.25414E-02
9.55213E-09 2.66033E-02
9.70620E-09 2.96478E-02
9.86027E-09 3.09645E-02
1.00143E-08 2.99337E-02
1.01684E-08 2.61838E-02
1.03225E-08 1.97249E-02
1.04765E-08 1.10171E-02
1.06306E-08 9.38763E-04
1.07847E-08 -9.35078E-03
1.09387E-08 -1.86280E-02
1.10928E-08 -2.58466E-02
1.12469E-08 -3.03375E-02
1.14009E-08 -3.19127E-02
1.15550E-08 -3.08505E-02
1.17091E-08 -2.77742E-02
1.18631E-08 -2.34732E-02
1.20172E-08 -1.87215E-02
1.21713E-08 -1.41428E-02
1.23253E-08 -1.01452E-02
1.24794E-08 -6.92217E-03
1.26335E-08 -4.49706E-03
1.27875E-08 -2.78423E-03
1.29416E-08 -1.64531E-03
1.30957E-08 -9.30907E-04
1.32497E-08 -5.06454E-04
1.34038E-08 -2.65306E-04
1.35579E-08 -1.32373E-04
1.37119E-08 -6.08479E-05
1.38660E-08 -2.45357E-05
1.40201E-08 -9.01526E-06
1.41741E-08 -4.89479E-06
1.43282E-08 -4.91245E-06
1.44823E-08 -4.20356E-06
1.46363E-08 -1.34322E-06
1.47904E-08 2.02847E-06
1.49445E-08 3.37702E-06
1.50985E-08 1.74907E-06
1.52526E-08 -1.34217E-06
1.54067E-08 -3.21947E-06
1.55607E-08 -2.32003E-06
1.57148E-08 5.21862E-07
1.58689E-08 2.84917E-06
1.60229E-08 2.70424E-06
1.61770E-08 2.71285E-07
1.63311E-08 -2.33400E-06
1.64851E-08 -2.90150E-06
1.66392E-08 -9.97833E-07
1.67933E-08 1.70917E-06
1.69473E-08 2.90953E-06
1.71014E-08 1.61936E-06
1.72555E-08 -1.01613E-06
1.74095E-08 -2.73719E-06
1.75636E-08 -2.10475E-06
1.77177E-08 2.98871E-07
1.78717E-08 2.40335E-06
1.80258E-08 2.43174E-06
1.81799E-08 3.98739E-07
1.83339E-08 -1.93561E-06
1.84880E-08 -2.58811E-06
1.86421E-08 -1.03551E-06
1.87961E-08 1.36843E-06
1.89502E-08 2.57206E-06
1.91043E-08 1.57532E-06
1.92583E-08 -7.40953E-07
1.94124E-08 -2.39216E-06
1.95665E-08 -1.98911E-06
1.97205E-08 9.45480E-08
1.98746E-08 2.06651E-06
2.00287E-08 2.25646E-06
2.01827E-08 5.29739E-07
2.03368E-08 -1.62141E-06
2.04909E-08 -2.36657E-06
2.06449E-08 -1.09364E-06
2.07990E-08 1.08957E-06
2.09531E-08 2.31865E-06
2.11071E-08 1.56390E-06
2.12612E-08 -5.07923E-07
2.14153E-08 -2.12173E-06
2.15693E-08 -1.91420E-06
2.17234E-08 -8.47278E-08
2.18775E-08 1.79376E-06
2.20315E-08 2.12653E-06
2.21856E-08 6.50168E-07
2.23397E-08 -1.36034E-06
2.24937E-08 -2.19213E-06
2.26478E-08 -1.15310E-06
2.28019E-08 8.52873E-07
2.29559E-08 2.11174E-06
2.31100E-08 1.56329E-06
2.32641E-08 -3.06478E-07
2.34181E-08 -1.89532E-06
2.35722E-08 -1.85726E-06
2.37263E-08 -2.42321E-07
2.38803E-08 1.56117E-06
2.40344E-08 2.01966E-06
2.41885E-08 7.57915E-07
2.43425E-08 -1.13457E-06
2.44966E-08 -2.04395E-06
2.46507E-08 -1.20784E-06
2.48047E-08 6.45979E-07
2.49588E-08 1.93264E-06
2.51129E-08 1.56475E-06
2.52669E-08 -1.29003E-07
2.54210E-08 -1.69688E-06
2.55751E-08 -1.80804E-06
2.57291E-08 -3.81839E-07
2.58832E-08 1.35552E-06
2.60373E-08 1.92494E-06
2.61913E-08 8.53335E-07
2.63454E-08 -9.33750E-07
2.64995E-08 -1.91123E-06
2.66535E-08 -1.25568E-06
2.68076E-08 4.61316E-07
2.69617E-08 1.77122E-06
2.71157E-08 1.56429E-06
2.72698E-08 2.94957E-08
2.74239E-08 -1.51732E-06
2.75779E-08 -1.76129E-06
2.77320E-08 -5.05993E-07
2.78861E-08 1.16905E-06
2.80401E-08 1.83649E-06
2.81942E-08 9.37195E-07
2.83483E-08 -7.51611E-07
2.85023E-08 -1.78787E-06
2.86564E-08 -1.29580E-06
2.88105E-08 2.94133E-07
2.89645E-08 1.62154E-06
2.91186E-08 1.55987E-06
2.92727E-08 1.72299E-07
2.94267E-08 -1.35119E-06
2.95808E-08 -1.71415E-06
2.97349E-08 -6.16705E-07
2.98889E-08 9.96998E-07
3.00430E-08 1.75089E-06
3.01971E-08 1.01022E-06
3.03511E-08 -5.84200E-07
3.05052E-08 -1.67023E-06
3.06593E-08 -1.32793E-06
3.08133E-08 1.41353E-07
3.09674E-08 1.48001E-06
3.11215E-08 1.55043E-06
3.12755E-08 3.01603E-07
3.14296E-08 -1.19511E-06
3.15837E-08 -1.66495E-06
3.17377E-08 -7.15333E-07
3.18918E-08 8.36333E-07
3.20459E-08 1.66611E-06
3.21999E-08 1.07301E-06
3.23540E-08 -4.28951E-07
3.25081E-08 -1.55608E-06
3.26621E-08 -1.35202E-06
3.28162E-08 9.36187E-10
3.29703E-08 1.34434E-06
3.31243E-08 1.53537E-06
3.32784E-08 4.18907E-07
3.34325E-08 -1.04688E-06
3.35865E-08 -1.61272E-06
3.37406E-08 -8.02852E-07
3.38947E-08 6.85083E-07
3.40487E-08 1.58090E-06
3.42028E-08 1.12605E-06
3.43569E-08 -2.84167E-07
3.45109E-08 -1.44403E-06
3.46650E-08 -1.36813E-06
3.48191E-08 -1.28499E-07
3.49731E-08 1.21309E-06
3.51272E-08 1.51444E-06
3.52813E-08 5.25256E-07
3.54353E-08 -9.05120E-07
3.55894E-08 -1.55691E-06
3.57435E-08 -8.79975E-07
3.58975E-08 5.41952E-07
3.60516E-08 1.49452E-06
3.62057E-08 1.16976E-06
3.63597E-08 -1.48711E-07
3.65138E-08 -1.33321E-06
3.66679E-08 -1.37640E-06
3.68219E-08 -2.47899E-07
3.69760E-08 1.08536E-06
3.71301E-08 1.48752E-06
3.72841E-08 6.21392E-07
3.74382E-08 -7.68921E-07
3.75923E-08 -1.49725E-06
3.77463E-08 -9.47242E-07
3.79004E-08 4.06097E-07
3.80545E-08 1.40657E-06
3.82085E-08 1.20448E-06
3.83626E-08 -2.18256E-08
3.85167E-08 -1.22313E-06
3.86707E-08 -1.37701E-06
3.88248E-08 -3.57917E-07
3.89789E-08 9.60607E-07
3.91329E-08 1.45464E-06
3.92870E-08 7.07854E-07
3.94411E-08 -6.37734E-07
3.95951E-08 -1.43363E-06
3.97492E-08 -1.00507E-06
3.99033E-08 2.76981E-07
4.00573E-08 1.31686E-06
4.02114E-08 1.23051E-06
4.03655E-08 9.69928E-08
4.05195E-08 -1.11355E-06
4.06736E-08 -1.37016E-06
4.08277E-08 -4.59007E-07
4.09817E-08 8.38539E-07
4.11358E-08 1.41593E-06
4.12899E-08 7.85040E-07
4.14439E-08 -5.11242E-07
4.15980E-08 -1.36611E-06
4.17521E-08 -1.05381E-06
4.19061E-08 1.54277E-07
4.20602E-08 1.22537E-06
4.22143E-08 1.24815E-06
4.23683E-08 2.08069E-07
4.25224E-08 -1.00439E-06
4.26765E-08 -1.35608E-06
4.28305E-08 -5.51487E-07
4.29846E-08 7.19043E-07
4.31387E-08 1.37157E-06
4.32927E-08 8.53258E-07
4.34468E-08 -3.89298E-07
4.36009E-08 -1.29482E-06
4.37549E-08 -1.09375E-06
4.39090E-08 3.78103E-08
4.40631E-08 1.13220E-06
4.42171E-08 1.25766E-06
4.43712E-08 3.11606E-07
4.45253E-08 -8.95702E-07
4.46793E-08 -1.33504E-06
4.48334E-08 -6.35583E-07
4.49875E-08 6.02132E-07
4.51415E-08 1.32179E-06
4.52956E-08 9.12753E-07
4.54497E-08 -2.71872E-07
4.56037E-08 -1.21998E-06
4.57578E-08 -1.12514E-06
4.59119E-08 -7.24940E-08
4.60659E-08 1.03752E-06
4.62200E-08 1.25934E-06
4.63741E-08 4.07721E-07
4.65281E-08 -7.87641E-07
4.66822E-08 -1.30731E-06
4.68363E-08 -7.11458E-07
4.69903E-08 4.87911E-07
4.71444E-08 1.26689E-06
4.72985E-08 9.63734E-07
4.74525E-08 -1.59020E-07
4.76066E-08 -1.14186E-06
4.77607E-08 -1.14825E-06
4.79147E-08 -1.76637E-07
4.80688E-08 9.41597E-07
4.82229E-08 1.25345E-06
4.83769E-08 4.96477E-07
4.85310E-08 -6.80421E-07
4.86851E-08 -1.27320E-06
4.88391E-08 -7.79238E-07
4.89932E-08 3.76551E-07
4.91473E-08 1.20717E-06
4.93013E-08 1.00639E-06
4.94554E-08 -5.08558E-08
4.96095E-08 -1.06077E-06
4.97635E-08 -1.16332E-06
4.99176E-08 -2.74570E-07
5.00717E-08 8.44725E-07
5.02257E-08 1.24030E-06
5.03798E-08 5.77899E-07
5.05339E-08 -5.74309E-07
5.06879E-08 -1.23305E-06
5.08420E-08 -8.39024E-07
5.09961E-08 2.68270E-07
5.11501E-08 1.14300E-06
5.13042E-08 1.04089E-06
5.14583E-08 5.24676E-08
5.16123E-08 -9.77075E-07
5.17664E-08 -1.17058E-06
5.19205E-08 -3.66217E-07
5.20745E-08 7.47243E-07
5.22286E-08 1.22018E-06
5.23827E-08 6.51993E-07
5.25367E-08 -4.69609E-07
5.26908E-08 -1.18720E-06
5.28449E-08 -8.90908E-07
5.29989E-08 1.63316E-07
5.31530E-08 1.07474E-06
5.33071E-08 1.06741E-06
5.34611E-08 1.50771E-07
5.36152E-08 -8.91154E-07
5.37693E-08 -1.17030E-06
5.39233E-08 -4.51481E-07
5.40774E-08 6.49518E-07
5.42315E-08 1.19342E-06
5.43855E-08 7.18756E-07
5.45396E-08 -3.66648E-07
5.46937E-08 -1.13603E-06
5.48477E-08 -9.34983E-07
5.50018E-08 6.19604E-08
5.51559E-08 1.00279E-06
5.53099E-08 1.08615E-06
5.54640E-08 2.43861E-07
5.56181E-08 -8.03412E-07
5.57721E-08 -1.16275E-06
5.59262E-08 -5.30259E-07
5.60803E-08 5.51937E-07
5.62343E-08 1.16036E-06
5.63884E-08 7.78183E-07
5.65425E-08 -2.65773E-07
5.66965E-08 -1.07992E-06
5.68506E-08 -9.71346E-07
5.70047E-08 -3.55172E-08
5.71587E-08 9.27583E-07
5.73128E-08 1.09729E-06
5.74669E-08 3.31541E-07
5.76209E-08 -7.14272E-07
5.77750E-08 -1.14820E-06
5.79291E-08 -6.02452E-07
5.80831E-08 4.54901E-07
5.82372E-08 1.12135E-06
5.83913E-08 8.30279E-07
5.85453E-08 -1.67336E-07
5.86994E-08 -1.01928E-06
5.88535E-08 -1.00011E-06
5.90075E-08 -1.28833E-07
5.91616E-08 8.49544E-07
5.93157E-08 1.10106E-06
5.94697E-08 4.13614E-07
5.96238E-08 -6.24171E-07
5.97779E-08 -1.12696E-06
5.99319E-08 -6.67966E-07
6.00860E-08 3.58820E-07
6.02401E-08 1.07677E-06
6.03941E-08 8.75060E-07
6.05482E-08 -7.16936E-08
6.07023E-08 -9.54540E-07
6.08563E-08 -1.02139E-06
6.10104E-08 -2.17706E-07
6.11645E-08 7.69123E-07
6.13185E-08 1.09766E-06
6.14726E-08 4.89896E-07
6.16267E-08 -5.33551E-07
6.17807E-08 -1.09936E-06
6.19348E-08 -7.26721E-07
6.20889E-08 2.64104E-07
6.22429E-08 1.02701E-06
6.23970E-08 9.12560E-07
6.25511E-08 2.07998E-08
6.27051E-08 -8.86131E-07
6.28592E-08 -1.03535E-06
6.30133E-08 -3.01863E-07
6.31673E-08 6.86778E-07
6.33214E-08 1.08737E-06
6.34755E-08 5.60211E-07
6.36295E-08 -4.42861E-07
6.37836E-08 -1.06572E-06
6.39377E-08 -7.78656E-07
6.40917E-08 1.71165E-07
6.42458E-08 9.72477E-07
6.43999E-08 9.42832E-07
6.45539E-08 1.09798E-07
6.47080E-08 -8.14506E-07
6.48621E-08 -1.04215E-06
6.50161E-08 -3.81046E-07
6.51702E-08 6.02972E-07
6.53243E-08 1.07045E-06
6.54783E-08 6.24405E-07
6.56324E-08 -3.52550E-07
6.57865E-08 -1.02641E-06
6.59405E-08 -8.23727E-07
6.60946E-08 8.04075E-08
6.62487E-08 9.13588E-07
6.64027E-08 9.65953E-07
6.65568E-08 1.94966E-07
6.67109E-08 -7.40123E-07
6.68649E-08 -1.04197E-06
6.70190E-08 -4.55009E-07
6.71731E-08 5.18175E-07
6.73271E-08 1.04718E-06
6.74812E-08 6.82342E-07
6.76353E-08 -2.63066E-07
6.77893E-08 -9.81803E-07
6.79434E-08 -8.61919E-07
6.80975E-08 -7.77092E-09
6.82515E-08 8.50783E-07
6.84056E-08 9.82024E-07
6.85597E-08 2.75982E-07
6.87137E-08 -6.63452E-07
6.88678E-08 -1.03503E-06
6.90219E-08 -5.23531E-07
6.91759E-08 4.32856E-07
6.93300E-08 1.01789E-06
6.94841E-08 7.33910E-07
6.96381E-08 -1.74850E-07
6.97922E-08 -9.32289E-07
6.99463E-08 -8.93238E-07
7.01003E-08 -9.29863E-08
7.02544E-08 7.84508E-07
7.04085E-08 9.91171E-07
7.05625E-08 3.52545E-07
7.07166E-08 -5.84965E-07
7.08707E-08 -1.02158E-06
7.10247E-08 -5.86410E-07
7.11788E-08 3.47482E-07
7.13329E-08 9.82907E-07
7.14869E-08 7.79023E-07
7.16410E-08 -8.83340E-08
7.17951E-08 -8.78279E-07
7.19491E-08 -9.17718E-07
7.21032E-08 -1.74869E-07
7.22573E-08 7.15219E-07
7.24113E-08 9.93548E-07
7.25654E-08 4.24372E-07
7.27195E-08 -5.05136E-07
7.28735E-08 -1.00186E-06
7.30276E-08 -6.43470E-07
7.31817E-08 2.62518E-07
7.33357E-08 9.42585E-07
7.34898E-08 8.17623E-07
7.36439E-08 -3.93953E-09
7.37979E-08 -8.20194E-07
7.39520E-08 -9.35423E-07
7.41061E-08 -2.53068E-07
7.42601E-08 6.43383E-07
7.44142E-08 9.89334E-07
7.45683E-08 4.91205E-07
7.47223E-08 -4.24443E-07
7.48764E-08 -9.76173E-07
7.50305E-08 -6.94561E-07
7.51845E-08 1.78419E-07
7.53386E-08 8.97296E-07
7.54927E-08 8.49679E-07
7.56467E-08 7.79264E-08
7.58008E-08 -7.58473E-07
7.59549E-08 -9.46444E-07
7.61089E-08 -3.27253E-07
7.62630E-08 5.69468E-07
7.64171E-08 9.78736E-07
7.65711E-08 5.52810E-07
7.67252E-08 -3.43359E-07
7.68793E-08 -9.44821E-07
7.70333E-08 -7.39563E-07
7.71874E-08 9.56328E-08
7.73415E-08 8.47432E-07
7.74955E-08 8.75192E-07
7.76496E-08 1.56873E-07
7.78037E-08 -6.93559E-07
7.79577E-08 -9.50901E-07
7.81118E-08 -3.97113E-07
7.82659E-08 4.93948E-07
7.84199E-08 9.61988E-07
7.85740E-08 6.08981E-07
7.87281E-08 -2.62354E-07
7.88821E-08 -9.08135E-07
7.90362E-08 -7.78385E-07
7.91903E-08 1.45934E-08
7.93443E-08 7.93399E-07
7.94984E-08 8.94191E-07
7.96525E-08 2.32530E-07
7.98065E-08 -6.25910E-07
7.99606E-08 -9.48944E-07
8.01147E-08 -4.62367E-07
8.02687E-08 4.17298E-07
8.04228E-08 9.39348E-07
8.05769E-08 6.59539E-07
8.07309E-08 -1.81889E-07
8.08850E-08 -8.66467E-07
8.10391E-08 -8.10967E-07
8.11931E-08 -6.42791E-08
8.13472E-08 7.35617E-07
8.15013E-08 9.06739E-07
8.16553E-08 3.04546E-07
8.18094E-08 -5.55986E-07
8.19635E-08 -9.40751E-07
8.21175E-08 -5.22755E-07
8.22716E-08 3.39991E-07
8.24257E-08 9.11101E-07
8.25797E-08 7.04337E-07
8.27338E-08 -1.02418E-07
8.28879E-08 -8.20186E-07
8.30419E-08 -8.37280E-07
8.31960E-08 -1.40582E-07
8.33501E-08 6.74518E-07
8.35041E-08 9.12926E-07
8.36582E-08 3.72595E-07
8.38123E-08 -4.84254E-07
8.39663E-08 -9.26529E-07
8.41204E-08 -5.78050E-07
8.42745E-08 2.62494E-07
8.44285E-08 8.77553E-07
8.45826E-08 7.43258E-07
8.47367E-08 -2.43822E-08
8.48907E-08 -7.69681E-07
8.50448E-08 -8.57327E-07
8.51989E-08 -2.13930E-07
8.53529E-08 6.10545E-07
8.55070E-08 9.12875E-07
8.56611E-08 4.36375E-07
8.58151E-08 -4.11181E-07
8.59692E-08 -9.06511E-07
8.61233E-08 -6.28051E-07
8.62773E-08 1.85271E-07
8.64314E-08 8.39033E-07
8.65855E-08 7.76217E-07
8.67395E-08 5.17930E-08
8.68936E-08 -7.15355E-07
8.70477E-08 -8.71142E-07
8.72017E-08 -2.83962E-07
8.73558E-08 5.44147E-07
8.75099E-08 9.06740E-07
8.76639E-08 4.95611E-07
8.78180E-08 -3.37234E-07
8.79721E-08 -8.80958E-07
8.81261E-08 -6.72588E-07
8.82802E-08 1.08776E-07
8.84343E-08 7.95893E-07
8.85883E-08 8.03161E-07
8.87424E-08 1.25697E-07
8.88965E-08 -6.57624E-07
8.90505E-08 -8.78794E-07
8.92046E-08 -3.50339E-07
8.93587E-08 4.75782E-07
8.95127E-08 8.94703E-07
8.96668E-08 5.50057E-07
8.98209E-08 -2.62879E-07
8.99749E-08 -8.50155E-07
9.01290E-08 -7.11525E-07
9.02831E-08 3.34499E-08
9.04371E-08 7.48500E-07
9.05912E-08 8.24071E-07
9.07453E-08 1.96939E-07
9.08993E-08 -5.96916E-07
9.10534E-08 -8.80381E-07
9.12075E-08 -4.12745E-07
9.13615E-08 4.05906E-07
9.15156E-08 8.76973E-07
9.16697E-08 5.99494E-07
9.18237E-08 -1.88573E-07
9.19778E-08 -8.14410E-07
9.21319E-08 -7.44755E-07
9.22859E-08 -4.02774E-08
9.24400E-08 6.97240E-07
9.25941E-08 8.38958E-07
9.27481E-08 2.65148E-07
9.29022E-08 -5.33668E-07
9.30563E-08 -8.76033E-07
9.32103E-08 -4.70892E-07
9.33644E-08 3.34980E-07
9.35185E-08 8.53790E-07
9.36725E-08 6.43738E-07
9.38266E-08 -1.14769E-07
9.39807E-08 -7.74054E-07
9.41347E-08 -7.72205E-07
9.42888E-08 -1.11993E-07
9.44429E-08 6.42514E-07
9.45969E-08 8.47869E-07
9.47510E-08 3.29975E-07
9.49051E-08 -4.68324E-07
9.50591E-08 -8.65909E-07
9.52132E-08 -5.24521E-07
9.53673E-08 2.63460E-07
9.55213E-08 8.25417E-07
9.56754E-08 6.82633E-07
9.58295E-08 -4.19072E-08
9.59835E-08 -7.29436E-07
9.61376E-08 -7.93837E-07
9.62917E-08 -1.81301E-07
9.64457E-08 5.84735E-07
9.65998E-08 8.50881E-07
9.67539E-08 3.91098E-07
9.69079E-08 -4.01331E-07
9.70620E-08 -8.50200E-07
9.72161E-08 -5.73402E-07
9.73701E-08 1.91801E-07
9.75242E-08 7.92143E-07
9.76783E-08 7.16056E-07
9.78323E-08 2.95841E-08
9.79864E-08 -6.80925E-07
9.81405E-08 -8.09643E-07
9.82945E-08 -2.47827E-07
9.84486E-08 5.24325E-07
9.86027E-08 8.48103E-07
9.87567E-08 4.48219E-07
9.89108E-08 -3.33140E-07
9.90649E-08 -8.29124E-07
9.92189E-08 -6.17334E-07
9.93730E-08 1.20449E-07
9.95271E-08 7.54280E-07
9.96811E-08 7.43919E-07
9.98352E-08 9.92909E-08
9.99893E-08 -6.28906E-07
1.00143E-07 -8.19651E-07
1.00297E-07 -3.11217E-07
1.00451E-07 4.61715E-07
1.00606E-07 8.39676E-07
1.00760E-07 5.01069E-07
1.00914E-07 -2.64201E-07
1.01068E-07 -8.02925E-07
1.01222E-07 -6.56148E-07
1.01376E-07 4.98409E-08
1.01530E-07 7.12160E-07
1.01684E-07 7.66164E-07
1.01838E-07 1.66816E-07
1.01992E-07 -5.73775E-07
1.02146E-07 -8.23918E-07
1.02300E-07 -3.71140E-07
1.02454E-07 3.97343E-07
1.02608E-07 8.25771E-07
1.02762E-07 5.49405E-07
1.02917E-07 -1.94958E-07
1.03071E-07 -7.71873E-07
1.03225E-07 -6.89708E-07
1.03379E-07 -1.95962E-08
1.03533E-07 6.66134E-07
1.03687E-07 7.82769E-07
1.03841E-07 2.31783E-07
1.03995E-07 -5.15942E-07
1.04149E-07 -8.22537E-07
1.04303E-07 -4.27294E-07
1.04457E-07 3.31648E-07
1.04611E-07 8.06586E-07
1.04765E-07 5.93016E-07
1.04919E-07 -1.25854E-07
1.05073E-07 -7.36262E-07
1.05228E-07 -7.17910E-07
1.05382E-07 -8.74502E-08
1.05536E-07 6.16571E-07
1.05690E-07 7.93742E-07
1.05844E-07 2.93833E-07
1.05998E-07 -4.55826E-07
1.06152E-07 -8.15629E-07
1.06306E-07 -4.79399E-07
1.06460E-07 2.65071E-07
1.06614E-07 7.82349E-07
1.06768E-07 6.31724E-07
1.06922E-07 -5.73203E-08
1.07076E-07 -6.96408E-07
1.07230E-07 -7.40683E-07
1.07384E-07 -1.53324E-07
1.07539E-07 5.63854E-07
1.07693E-07 7.99128E-07
1.07847E-07 3.52633E-07
1.08001E-07 -3.93852E-07
1.08155E-07 -8.03348E-07
1.08309E-07 -5.27207E-07
1.08463E-07 1.98049E-07
1.08617E-07 7.53311E-07
1.08771E-07 6.65378E-07
1.08925E-07 1.02200E-08
1.09079E-07 -6.52646E-07
1.09233E-07 -7.57989E-07
1.09387E-07 -2.16840E-07
1.09541E-07 5.08379E-07
1.09695E-07 7.98999E-07
1.09850E-07 4.07874E-07
1.10004E-07 -3.30448E-07
1.10158E-07 -7.85876E-07
1.10312E-07 -5.70497E-07
1.10466E-07 1.31017E-07
1.10620E-07 7.19751E-07
1.10774E-07 6.93864E-07
1.10928E-07 7.63569E-08
1.11082E-07 -6.05329E-07
1.11236E-07 -7.69823E-07
1.11390E-07 -2.77639E-07
1.11544E-07 4.50551E-07
1.11698E-07 7.93463E-07
1.11852E-07 4.59271E-07
1.12006E-07 -2.66046E-07
1.12161E-07 -7.63422E-07
1.12315E-07 -6.09080E-07
1.12469E-07 6.44014E-08
1.12623E-07 6.81967E-07
1.12777E-07 7.17096E-07
1.12931E-07 1.40695E-07
1.13085E-07 -5.54826E-07
1.13239E-07 -7.76213E-07
1.13393E-07 -3.35384E-07
1.13547E-07 3.90784E-07
1.13701E-07 7.82657E-07
1.13855E-07 5.06569E-07
1.14009E-07 -2.01076E-07
1.14163E-07 -7.36224E-07
1.14317E-07 -6.42797E-07
1.14472E-07 -1.37893E-09
1.14626E-07 6.40281E-07
1.14780E-07 7.35025E-07
1.14934E-07 2.02857E-07
1.15088E-07 -5.01520E-07
1.15242E-07 -7.77218E-07
1.15396E-07 -3.89763E-07
1.15550E-07 3.29495E-07
1.15704E-07 7.66746E-07
1.15858E-07 5.49540E-07
1.16012E-07 -1.35963E-07
1.16166E-07 -7.04543E-07
1.16320E-07 -6.71521E-07
1.16474E-07 -6.59179E-08
1.16628E-07 5.95030E-07
1.16783E-07 7.47632E-07
1.16937E-07 2.62484E-07
1.17091E-07 -4.45803E-07
1.17245E-07 -7.72931E-07
1.17399E-07 -4.40486E-07
1.17553E-07 2.67107E-07
1.17707E-07 7.45926E-07
1.17861E-07 5.87987E-07
1.18015E-07 -7.11304E-08
1.18169E-07 -6.68663E-07
1.18323E-07 -6.95157E-07
1.18477E-07 -1.28823E-07
1.18631E-07 5.46570E-07
1.18785E-07 7.54931E-07
1.18939E-07 3.19236E-07
1.19094E-07 -3.88078E-07
1.19248E-07 -7.63472E-07
1.19402E-07 -4.87293E-07
1.19556E-07 2.04041E-07
1.19710E-07 7.20418E-07
1.19864E-07 6.21742E-07
1.20018E-07 -6.98970E-09
1.20172E-07 -6.28891E-07
1.20326E-07 -7.13644E-07
1.20480E-07 -1.89717E-07
1.20634E-07 4.95270E-07
1.20788E-07 7.56970E-07
1.20942E-07 3.72799E-07
1.21096E-07 -3.28752E-07
1.21250E-07 -7.48996E-07
1.21405E-07 -5.29951E-07
1.21559E-07 1.40715E-07
1.21713E-07 6.90470E-07
1.21867E-07 6.50669E-07
1.22021E-07 5.60564E-08
1.22175E-07 -5.85551E-07
1.22329E-07 -7.26951E-07
1.22483E-07 -2.48241E-07
1.22637E-07 4.41512E-07
1.22791E-07 7.53826E-07
1.22945E-07 4.22881E-07
1.23099E-07 -2.68237E-07
1.23253E-07 -7.29681E-07
1.23407E-07 -5.68254E-07
1.23561E-07 7.75454E-08
1.23716E-07 6.56351E-07
1.23870E-07 6.74664E-07
1.24024E-07 1.17618E-07
1.24178E-07 -5.38985E-07
1.24332E-07 -7.35081E-07
1.24486E-07 -3.04057E-07
1.24640E-07 3.85686E-07
1.24794E-07 7.45608E-07
1.24948E-07 4.69216E-07
1.25102E-07 -2.06946E-07
1.25256E-07 -7.05735E-07
1.25410E-07 -6.02029E-07
1.25564E-07 1.49382E-08
1.25718E-07 6.18353E-07
1.25872E-07 6.93654E-07
1.26027E-07 1.77321E-07
1.26181E-07 -4.89551E-07
1.26335E-07 -7.38068E-07
1.26489E-07 -3.56847E-07
1.26643E-07 3.28189E-07
1.26797E-07 7.32455E-07
1.26951E-07 5.11567E-07
1.27105E-07 -1.45291E-07
1.27259E-07 -6.77392E-07
1.27413E-07 -6.31131E-07
1.27567E-07 -4.67081E-08
1.27721E-07 5.76789E-07
1.27875E-07 7.07600E-07
1.28029E-07 2.34807E-07
1.28183E-07 -4.37617E-07
1.28338E-07 -7.35978E-07
1.28492E-07 -4.06318E-07
1.28646E-07 2.69424E-07
1.28800E-07 7.14534E-07
1.28954E-07 5.49723E-07
1.29108E-07 -8.36783E-08
1.29262E-07 -6.44909E-07
1.29416E-07 -6.55447E-07
1.29570E-07 -1.07007E-07
1.29724E-07 5.31989E-07
1.29878E-07 7.16492E-07
1.30032E-07 2.89737E-07
1.30186E-07 -3.83564E-07
1.30340E-07 -7.28908E-07
1.30494E-07 -4.52201E-07
1.30649E-07 2.09794E-07
1.30803E-07 6.92040E-07
1.30957E-07 5.83503E-07
1.31111E-07 -2.25107E-08
1.31265E-07 -6.08565E-07
1.31419E-07 -6.74895E-07
1.31573E-07 -1.65588E-07
1.31727E-07 4.84296E-07
1.31881E-07 7.20355E-07
1.32035E-07 3.41794E-07
1.32189E-07 -3.27779E-07
1.32343E-07 -7.16984E-07
1.32497E-07 -4.94253E-07
1.32651E-07 1.49705E-07
1.32805E-07 6.65193E-07
1.32960E-07 6.12756E-07
1.33114E-07 3.78189E-08
1.33268E-07 -5.68659E-07
1.33422E-07 -6.89427E-07
1.33576E-07 -2.22092E-07
1.33730E-07 4.34070E-07
1.33884E-07 7.19242E-07
1.34038E-07 3.90682E-07
1.34192E-07 -2.70654E-07
1.34346E-07 -7.00360E-07
1.34500E-07 -5.32260E-07
1.34654E-07 8.95563E-08
1.34808E-07 6.34237E-07
1.34962E-07 6.37362E-07
1.35116E-07 9.69281E-08
1.35271E-07 -5.25510E-07
1.35425E-07 -6.99024E-07
1.35579E-07 -2.76184E-07
1.35733E-07 3.81679E-07
1.35887E-07 7.13239E-07
1.36041E-07 4.36130E-07
1.36195E-07 -2.12586E-07
1.36349E-07 -6.79220E-07
1.36503E-07 -5.66034E-07
1.36657E-07 2.97443E-08
1.36811E-07 5.99439E-07
1.36965E-07 6.57230E-07
1.37119E-07 1.54448E-07
1.37273E-07 -4.79450E-07
1.37427E-07 -7.03699E-07
1.37582E-07 -3.27544E-07
1.37736E-07 3.27501E-07
1.37890E-07 7.02461E-07
1.38044E-07 4.77892E-07
1.38198E-07 -1.53971E-07
1.38352E-07 -6.53771E-07
1.38506E-07 -5.95419E-07
1.38660E-07 -2.93428E-08
1.38814E-07 5.61088E-07
1.38968E-07 6.72304E-07
1.39122E-07 2.10023E-07
1.39276E-07 -4.30827E-07
1.39430E-07 -7.03496E-07
1.39584E-07 -3.75876E-07
1.39738E-07 2.71920E-07
1.39893E-07 6.87050E-07
1.40047E-07 5.15749E-07
1.40201E-07 -9.52025E-08
1.40355E-07 -6.24246E-07
1.40509E-07 -6.20288E-07
1.40663E-07 -8.73269E-08
1.40817E-07 5.19488E-07
1.40971E-07 6.82554E-07
1.41125E-07 2.63318E-07
1.41279E-07 -3.80000E-07
1.41433E-07 -6.98489E-07
1.41587E-07 -4.20906E-07
1.41741E-07 2.15323E-07
1.41895E-07 6.67179E-07
1.42049E-07 5.49510E-07
1.42204E-07 -3.66710E-08
1.42358E-07 -5.90901E-07
1.42512E-07 -6.40543E-07
1.42666E-07 -1.43842E-07
1.42820E-07 4.74964E-07
1.42974E-07 6.87986E-07
1.43128E-07 3.14014E-07
1.43282E-07 -3.27337E-07
1.43436E-07 -6.88784E-07
1.43590E-07 -4.62387E-07
1.43744E-07 1.58100E-07
1.43898E-07 6.43043E-07
1.44052E-07 5.79012E-07
1.44206E-07 2.12406E-08
1.44360E-07 -5.54012E-07
1.44515E-07 -6.56119E-07
1.44669E-07 -1.98535E-07
1.44823E-07 4.27852E-07
1.44977E-07 6.88634E-07
1.45131E-07 3.61814E-07
1.45285E-07 -2.73213E-07
1.45439E-07 -6.74512E-07
1.45593E-07 -5.00095E-07
1.45747E-07 1.00637E-07
1.45901E-07 6.14864E-07
1.46055E-07 6.04121E-07
1.46209E-07 7.81580E-08
1.46363E-07 -5.13874E-07
1.46517E-07 -6.66979E-07
1.46671E-07 -2.51072E-07
1.46826E-07 3.78501E-07
1.46980E-07 6.84562E-07
1.47134E-07 4.06443E-07
1.47288E-07 -2.18008E-07
1.47442E-07 -6.55833E-07
1.47596E-07 -5.33835E-07
1.47750E-07 4.33181E-08
1.47904E-07 5.82887E-07
1.48058E-07 6.24734E-07
1.48212E-07 1.33718E-07
1.48366E-07 -4.70799E-07
1.48520E-07 -6.73120E-07
1.48674E-07 -3.01134E-07
1.48828E-07 3.27271E-07
1.48982E-07 6.75865E-07
1.49137E-07 4.47651E-07
1.49291E-07 -1.62102E-07
1.49445E-07 -6.32935E-07
1.49599E-07 -5.63440E-07
1.49753E-07 -1.34781E-08
1.49907E-07 5.47378E-07
1.50061E-07 6.40778E-07
1.50215E-07 1.87573E-07
1.50369E-07 -4.25115E-07
1.50523E-07 -6.74567E-07
1.50677E-07 -3.48425E-07
1.50831E-07 2.74526E-07
1.50985E-07 6.62665E-07
1.51139E-07 4.85212E-07
1.51293E-07 -1.05876E-07
1.51448E-07 -6.06027E-07
1.51602E-07 -5.88770E-07
1.51756E-07 -6.93819E-08
1.51910E-07 5.08621E-07
1.52064E-07 6.52210E-07
1.52218E-07 2.39387E-07
1.52372E-07 -3.77162E-07
1.52526E-07 -6.71375E-07
1.52680E-07 -3.92669E-07
1.52834E-07 2.20640E-07
1.52988E-07 6.45113E-07
1.53142E-07 5.18927E-07
1.53296E-07 -4.97094E-08
1.53450E-07 -5.75343E-07
1.53604E-07 -6.09716E-07
1.53759E-07 -1.24034E-07
1.53913E-07 4.66919E-07
1.54067E-07 6.59016E-07
1.54221E-07 2.88844E-07
1.54375E-07 -3.27289E-07
1.54529E-07 -6.63629E-07
1.54683E-07 -4.33612E-07
1.54837E-07 1.65985E-07
1.54991E-07 6.23383E-07
1.55145E-07 5.48623E-07
1.55299E-07 6.02594E-09
1.55453E-07 -5.41140E-07
1.55607E-07 -6.26199E-07
1.55761E-07 -1.77088E-07
1.55915E-07 4.22589E-07
1.56070E-07 6.61216E-07
1.56224E-07 3.35646E-07
1.56378E-07 -2.75854E-07
1.56532E-07 -6.51442E-07
1.56686E-07 -4.71028E-07
1.56840E-07 1.10936E-07
1.56994E-07 5.97678E-07
1.57148E-07 5.74157E-07
1.57302E-07 6.09644E-08
1.57456E-07 -5.03693E-07
1.57610E-07 -6.38167E-07
1.57764E-07 -2.28211E-07
1.57918E-07 3.75962E-07
1.58072E-07 6.58855E-07
1.58226E-07 3.79519E-07
1.58381E-07 -2.23221E-07
1.58535E-07 -6.34955E-07
1.58689E-07 -5.04713E-07
1.58843E-07 5.58657E-08
1.58997E-07 5.68221E-07
1.59151E-07 5.95415E-07
1.59305E-07 1.14750E-07
1.59459E-07 -4.63294E-07
1.59613E-07 -6.45602E-07
1.59767E-07 -2.77089E-07
1.59921E-07 3.27379E-07
1.60075E-07 6.52009E-07
1.60229E-07 4.20206E-07
1.60383E-07 -1.69757E-07
1.60537E-07 -6.14334E-07
1.60692E-07 -5.34491E-07
1.60846E-07 1.14154E-09
1.61000E-07 5.35259E-07
1.61154E-07 6.12309E-07
1.61308E-07 1.67039E-07
1.61462E-07 -4.20251E-07
1.61616E-07 -6.48513E-07
1.61770E-07 -3.23423E-07
1.61924E-07 2.77191E-07
1.62078E-07 6.40782E-07
1.62232E-07 4.57479E-07
1.62386E-07 -1.15829E-07
1.62540E-07 -5.89770E-07
1.62694E-07 -5.60215E-07
1.62848E-07 -5.28753E-08
1.63003E-07 4.99056E-07
1.63157E-07 6.24785E-07
1.63311E-07 2.17501E-07
1.63465E-07 -3.74886E-07
1.63619E-07 -6.46939E-07
1.63773E-07 -3.66937E-07
1.63927E-07 2.25752E-07
1.64081E-07 6.25306E-07
1.64235E-07 4.91131E-07
1.64389E-07 -6.18051E-08
1.64543E-07 -5.61479E-07
1.64697E-07 -5.81765E-07
1.64851E-07 -1.05833E-07
1.65005E-07 4.59896E-07
1.65159E-07 6.32814E-07
1.65314E-07 2.65823E-07
1.65468E-07 -3.27533E-07
1.65622E-07 -6.40946E-07
1.65776E-07 -4.07377E-07
1.65930E-07 1.73424E-07
1.66084E-07 6.05739E-07
1.66238E-07 5.20983E-07
1.66392E-07 -8.04693E-09
1.66546E-07 -5.29697E-07
1.66700E-07 -5.99048E-07
1.66854E-07 -1.57390E-07
1.67008E-07 4.18080E-07
1.67162E-07 6.36399E-07
1.67316E-07 3.11707E-07
1.67470E-07 -2.78533E-07
1.67625E-07 -6.30632E-07
1.67779E-07 -4.44509E-07
1.67933E-07 1.20567E-07
1.68087E-07 5.82262E-07
1.68241E-07 5.46884E-07
1.68395E-07 4.50885E-08
1.68549E-07 -4.94680E-07
1.68703E-07 -6.12003E-07
1.68857E-07 -2.07218E-07
1.69011E-07 3.73919E-07
1.69165E-07 6.35572E-07
1.69319E-07 3.54876E-07
1.69473E-07 -2.28235E-07
1.69627E-07 -6.16119E-07
1.69781E-07 -4.78126E-07
1.69936E-07 6.75435E-08
1.70090E-07 5.55081E-07
1.70244E-07 5.68708E-07
1.70398E-07 9.72526E-08
1.70552E-07 -4.56704E-07
1.70706E-07 -6.20595E-07
1.70860E-07 -2.55006E-07
1.71014E-07 3.27740E-07
1.71168E-07 6.30392E-07
1.71322E-07 3.95075E-07
1.71476E-07 -1.76992E-07
1.71630E-07 -5.97555E-07
1.71784E-07 -5.08045E-07
1.71938E-07 1.47101E-08
1.72092E-07 5.24425E-07
1.72247E-07 5.86359E-07
1.72401E-07 1.48107E-07
1.72555E-07 -4.16058E-07
1.72709E-07 -6.24822E-07
1.72863E-07 -3.00456E-07
1.73017E-07 2.79876E-07
1.73171E-07 6.20947E-07
1.73325E-07 4.32069E-07
1.73479E-07 -1.25161E-07
1.73633E-07 -5.75115E-07
1.73787E-07 -5.34111E-07
1.73941E-07 -3.75805E-08
1.74095E-07 4.90541E-07
1.74249E-07 5.99768E-07
1.74403E-07 1.97327E-07
1.74558E-07 -3.73049E-07
1.74712E-07 -6.24706E-07
1.74866E-07 -3.43292E-07
1.75020E-07 2.30670E-07
1.75174E-07 6.07351E-07
1.75328E-07 4.65649E-07
1.75482E-07 -7.30952E-08
1.75636E-07 -5.48995E-07
1.75790E-07 -5.56194E-07
1.75944E-07 -8.89834E-08
1.76098E-07 4.53695E-07
1.76252E-07 6.08897E-07
1.76406E-07 2.44600E-07
1.76560E-07 -3.27993E-07
1.76714E-07 -6.20300E-07
1.76869E-07 -3.83257E-07
1.77023E-07 1.80467E-07
1.77177E-07 5.89746E-07
1.77331E-07 4.95629E-07
1.77485E-07 -2.11487E-08
1.77639E-07 -5.19416E-07
1.77793E-07 -5.74193E-07
1.77947E-07 -1.39164E-07
1.78101E-07 4.14170E-07
1.78255E-07 6.13734E-07
1.78409E-07 2.89633E-07
1.78563E-07 -2.81217E-07
1.78717E-07 -6.11685E-07
1.78871E-07 -4.20116E-07
1.79025E-07 1.29618E-07
1.79180E-07 5.68297E-07
1.79334E-07 5.21849E-07
1.79488E-07 3.03308E-08
1.79642E-07 -4.86615E-07
1.79796E-07 -5.88036E-07
1.79950E-07 -1.87798E-07
1.80104E-07 3.72263E-07
1.80258E-07 6.14297E-07
1.80412E-07 3.32146E-07
1.80566E-07 -2.33057E-07
1.80720E-07 -5.98967E-07
1.80874E-07 -4.53657E-07
1.81028E-07 7.84727E-08
1.81182E-07 5.43193E-07
1.81336E-07 5.44178E-07
1.81491E-07 8.10020E-08
1.81645E-07 -4.50852E-07
1.81799E-07 -5.97675E-07
1.81953E-07 -2.34576E-07
1.82107E-07 3.28284E-07
1.82261E-07 6.10632E-07
1.82415E-07 3.71885E-07
1.82569E-07 -1.83853E-07
1.82723E-07 -5.82279E-07
1.82877E-07 -4.83692E-07
1.83031E-07 2.73783E-08
1.83185E-07 5.14644E-07
1.83339E-07 5.62509E-07
1.83493E-07 1.30533E-07
1.83647E-07 -4.12402E-07
1.83802E-07 -6.03096E-07
1.83956E-07 -2.79204E-07
1.84110E-07 2.82554E-07
1.84264E-07 6.02810E-07
1.84418E-07 4.08611E-07
1.84572E-07 -1.33948E-07
1.84726E-07 -5.61779E-07
1.84880E-07 -5.10059E-07
1.85034E-07 -2.33211E-08
1.85188E-07 4.82883E-07
1.85342E-07 5.76763E-07
1.85496E-07 1.78602E-07
1.85650E-07 -3.71553E-07
1.85804E-07 -6.04308E-07
1.85958E-07 -3.21406E-07
1.86113E-07 2.35399E-07
1.86267E-07 5.90933E-07
1.86421E-07 4.42112E-07
1.86575E-07 -8.36872E-08
1.86729E-07 -5.37649E-07
1.86883E-07 -5.32620E-07
1.87037E-07 -7.32878E-08
1.87191E-07 4.48160E-07
1.87345E-07 5.86891E-07
1.87499E-07 2.24903E-07
1.87653E-07 -3.28609E-07
1.87807E-07 -6.01351E-07
1.87961E-07 -3.60923E-07
1.88115E-07 1.87155E-07
1.88269E-07 5.75125E-07
1.88424E-07 4.72197E-07
1.88578E-07 -3.34129E-08
1.88732E-07 -5.10090E-07
1.88886E-07 -5.51266E-07
1.89040E-07 -1.22193E-07
1.89194E-07 4.10742E-07
1.89348E-07 5.92870E-07
1.89502E-07 2.69140E-07
1.89656E-07 -2.83883E-07
1.89810E-07 -5.94291E-07
1.89964E-07 -3.97520E-07
1.90118E-07 1.38158E-07
1.90272E-07 5.55536E-07
1.90426E-07 4.98701E-07
1.90580E-07 1.65348E-08
1.90735E-07 -4.79327E-07
1.90889E-07 -5.65915E-07
1.91043E-07 -1.69717E-07
1.91197E-07 3.70910E-07
1.91351E-07 5.94704E-07
1.91505E-07 3.11040E-07
1.91659E-07 -2.37695E-07
1.91813E-07 -5.83220E-07
1.91967E-07 -4.30980E-07
1.92121E-07 8.87488E-08
1.92275E-07 5.32340E-07
1.92429E-07 5.21484E-07
1.92583E-07 6.58222E-08
1.92737E-07 -4.45603E-07
1.92891E-07 -5.76510E-07
1.93046E-07 -2.15556E-07
1.93200E-07 3.28962E-07
1.93354E-07 5.92427E-07
1.93508E-07 3.50343E-07
1.93662E-07 -1.90375E-07
1.93816E-07 -5.68256E-07
1.93970E-07 -4.61111E-07
1.94124E-07 3.92651E-08
1.94278E-07 5.05733E-07
1.94432E-07 5.40432E-07
1.94586E-07 1.14123E-07
1.94740E-07 -4.09178E-07
1.94894E-07 -5.83023E-07
1.95048E-07 -2.59415E-07
1.95202E-07 2.85202E-07
1.95357E-07 5.86097E-07
1.95511E-07 3.86812E-07
1.95665E-07 -1.42254E-07
1.95819E-07 -5.49543E-07
1.95973E-07 -4.87745E-07
1.96127E-07 -9.95747E-09
1.96281E-07 4.75931E-07
1.96435E-07 5.55457E-07
1.96589E-07 1.61121E-07
1.96743E-07 -3.70326E-07
1.96897E-07 -5.85455E-07
1.97051E-07 -3.01021E-07
1.97205E-07 2.39947E-07
1.97359E-07 5.75801E-07
1.97513E-07 4.20230E-07
1.97668E-07 -9.36665E-08
1.97822E-07 -5.27247E-07
1.97976E-07 -5.10739E-07
1.98130E-07 -5.85886E-08
1.98284E-07 4.43169E-07
1.98438E-07 5.66500E-07
1.98592E-07 2.06512E-07
1.98746E-07 -3.29337E-07
1.98900E-07 -5.83831E-07
1.99054E-07 -3.40115E-07
1.99208E-07 1.93518E-07
1.99362E-07 5.61651E-07
1.99516E-07 4.50402E-07
1.99670E-07 -4.49461E-08
1.99824E-07 -5.01556E-07
1.99979E-07 -5.29975E-07
2.00133E-07 -1.06305E-07
2.00287E-07 4.07701E-07
2.00441E-07 5.73528E-07
2.00595E-07 2.50005E-07
2.00749E-07 -2.86510E-07
2.00903E-07 -5.78204E-07
2.01057E-07 -3.76459E-07
2.01211E-07 1.46242E-07
2.01365E-07 5.43781E-07
2.01519E-07 4.77159E-07
2.01673E-07 3.57571E-09
2.01827E-07 -4.72680E-07
2.01981E-07 -5.45362E-07
2.02135E-07 -1.52794E-07
2.02290E-07 3.69794E-07
2.02444E-07 5.76533E-07
2.02598E-07 2.91326E-07
2.02752E-07 -2.42155E-07
2.02906E-07 -5.68655E-07
2.03060E-07 -4.09834E-07
2.03214E-07 9.84485E-08
2.03368E-07 5.22352E-07
2.03522E-07 5.00355E-07
2.03676E-07 5.15722E-08
2.03830E-07 -4.40847E-07
2.03984E-07 -5.56835E-07
2.04138E-07 -1.97751E-07
2.04292E-07 3.29731E-07
2.04446E-07 5.75537E-07
2.04601E-07 3.30216E-07
2.04755E-07 -1.96587E-07
2.04909E-07 -5.55287E-07
2.05063E-07 -4.40045E-07
2.05217E-07 5.04661E-08
2.05371E-07 4.97545E-07
2.05525E-07 5.19867E-07
2.05679E-07 9.87232E-08
2.05833E-07 -4.06302E-07
2.05987E-07 -5.64356E-07
2.06141E-07 -2.40889E-07
2.06295E-07 2.87805E-07
2.06449E-07 5.70588E-07
2.06603E-07 3.66437E-07
2.06757E-07 -1.50128E-07
2.06912E-07 -5.38231E-07
2.07066E-07 -4.66919E-07
2.07220E-07 2.62238E-09
2.07374E-07 4.69562E-07
2.07528E-07 5.35601E-07
2.07682E-07 1.44718E-07
2.07836E-07 -3.69308E-07
2.07990E-07 -5.67914E-07
2.08144E-07 -2.81932E-07
2.08298E-07 2.44319E-07
2.08452E-07 5.61758E-07
2.08606E-07 3.99768E-07
2.08760E-07 -1.03102E-07
2.08914E-07 -5.17639E-07
2.09068E-07 -4.90306E-07
2.09223E-07 -4.47594E-08
2.09377E-07 4.38625E-07
2.09531E-07 5.47488E-07
2.09685E-07 1.89255E-07
2.09839E-07 -3.30140E-07
2.09993E-07 -5.67524E-07
2.10147E-07 -3.20623E-07
2.10301E-07 1.99584E-07
2.10455E-07 5.49147E-07
2.10609E-07 4.30014E-07
2.10763E-07 -5.58343E-08
2.10917E-07 -4.93685E-07
2.11071E-07 -5.10083E-07
2.11225E-07 -9.13621E-08
2.11379E-07 4.04974E-07
2.11534E-07 5.55485E-07
2.11688E-07 2.32046E-07
2.11842E-07 -2.89085E-07
2.11996E-07 -5.63228E-07
2.12150E-07 -3.56722E-07
2.12304E-07 1.53916E-07
2.12458E-07 5.32876E-07
2.12612E-07 4.56999E-07
2.12766E-07 -8.64760E-09
2.12920E-07 -4.66566E-07
2.13074E-07 -5.26151E-07
2.13228E-07 -1.36877E-07
2.13382E-07 3.68862E-07
2.13536E-07 5.59576E-07
2.13690E-07 2.72819E-07
2.13845E-07 -2.46441E-07
2.13999E-07 -5.55093E-07
2.14153E-07 -3.90010E-07
2.14307E-07 1.07634E-07
2.14461E-07 5.13092E-07
2.14615E-07 4.80570E-07
2.14769E-07 3.81380E-08
2.14923E-07 -4.36496E-07
2.15077E-07 -5.38437E-07
2.15231E-07 -1.81005E-07
2.15385E-07 3.30560E-07
2.15539E-07 5.59771E-07
2.15693E-07 3.11315E-07
2.15847E-07 -2.02513E-07
2.16001E-07 -5.43212E-07
2.16156E-07 -4.20287E-07
2.16310E-07 6.10589E-08
2.16464E-07 4.89964E-07
2.16618E-07 5.00602E-07
2.16772E-07 8.42085E-08
2.16926E-07 -4.03708E-07
2.17080E-07 -5.46893E-07
2.17234E-07 -2.23460E-07
2.17388E-07 2.90349E-07
2.17542E-07 5.56106E-07
2.17696E-07 3.47296E-07
2.17850E-07 -1.57611E-07
2.18004E-07 -5.27700E-07
2.18158E-07 -4.47377E-07
2.18312E-07 1.45098E-08
2.18467E-07 4.63680E-07
2.18621E-07 5.16991E-07
2.18775E-07 1.29257E-07
2.18929E-07 -3.68452E-07
2.19083E-07 -5.51498E-07
2.19237E-07 -2.63969E-07
2.19391E-07 2.48521E-07
2.19545E-07 5.48642E-07
2.19699E-07 3.80539E-07
2.19853E-07 -1.12051E-07
2.20007E-07 -5.08699E-07
2.20161E-07 -4.71125E-07
2.20315E-07 -3.16970E-08
2.20469E-07 4.34450E-07
2.20623E-07 5.29661E-07
2.20778E-07 1.72988E-07
2.20932E-07 -3.30989E-07
2.21086E-07 -5.52258E-07
2.21240E-07 -3.02276E-07
2.21394E-07 2.05375E-07
2.21548E-07 5.37467E-07
2.21702E-07 4.10845E-07
2.21856E-07 -6.61477E-08
2.22010E-07 -4.86370E-07
2.22164E-07 -4.91402E-07
2.22318E-07 -7.72501E-08
2.22472E-07 4.02499E-07
2.22626E-07 5.38560E-07
2.22780E-07 2.15115E-07
2.22934E-07 -2.91596E-07
2.23089E-07 -5.49203E-07
2.23243E-07 -3.38138E-07
2.23397E-07 1.61217E-07
2.23551E-07 5.22691E-07
2.23705E-07 4.38035E-07
2.23859E-07 -2.02178E-08
2.24013E-07 -4.60896E-07
2.24167E-07 -5.08101E-07
2.24321E-07 -1.21846E-07
2.24475E-07 3.68071E-07
2.24629E-07 5.43662E-07
2.24783E-07 2.55367E-07
2.24937E-07 -2.50559E-07
2.25091E-07 -5.42390E-07
2.25245E-07 -3.71337E-07
2.25400E-07 1.16357E-07
2.25554E-07 5.04448E-07
2.25708E-07 4.61952E-07
2.25862E-07 2.54262E-08
2.26016E-07 -4.32480E-07
2.26170E-07 -5.21141E-07
2.26324E-07 -1.65189E-07
2.26478E-07 3.31423E-07
2.26632E-07 5.44969E-07
2.26786E-07 2.93486E-07
2.26940E-07 -2.08173E-07
2.27094E-07 -5.31899E-07
2.27248E-07 -4.01669E-07
2.27402E-07 7.11076E-08
2.27556E-07 4.82893E-07
2.27711E-07 4.82464E-07
2.27865E-07 7.04760E-08
2.28019E-07 -4.01341E-07
2.28173E-07 -5.30469E-07
2.28327E-07 -2.06996E-07
2.28481E-07 2.92825E-07
2.28635E-07 5.42505E-07
2.28789E-07 3.29233E-07
2.28943E-07 -1.64737E-07
2.29097E-07 -5.17836E-07
2.29251E-07 -4.28954E-07
2.29405E-07 2.57798E-08
2.29559E-07 4.58205E-07
2.29713E-07 4.99462E-07
2.29867E-07 1.14630E-07
2.30022E-07 -3.67718E-07
2.30176E-07 -5.36052E-07
2.30330E-07 -2.46996E-07
2.30484E-07 2.52557E-07
2.30638E-07 5.36322E-07
2.30792E-07 3.62386E-07
2.30946E-07 -1.20559E-07
2.31100E-07 -5.00327E-07
2.31254E-07 -4.53034E-07
2.31408E-07 -1.93164E-08
2.31562E-07 4.30578E-07
2.31716E-07 5.12861E-07
2.31870E-07 1.57595E-07
2.32024E-07 -3.31861E-07
2.32178E-07 -5.37888E-07
2.32333E-07 -2.84933E-07
2.32487E-07 2.10908E-07
2.32641E-07 5.26494E-07
2.32795E-07 3.92741E-07
2.32949E-07 -7.59447E-08
2.33103E-07 -4.79525E-07
2.33257E-07 -4.73773E-07
2.33411E-07 -6.38758E-08
2.33565E-07 4.00229E-07
2.33719E-07 5.22603E-07
2.33873E-07 1.99090E-07
2.34027E-07 -2.94034E-07
2.34181E-07 -5.35997E-07
2.34335E-07 -3.20566E-07
2.34489E-07 1.68176E-07
2.34644E-07 5.13122E-07
2.34798E-07 4.20117E-07
2.34952E-07 -3.12033E-08
2.35106E-07 -4.55599E-07
2.35260E-07 -4.91059E-07
2.35414E-07 -1.07599E-07
2.35568E-07 3.67387E-07
2.35722E-07 5.28653E-07
2.35876E-07 2.38844E-07
2.36030E-07 -2.54514E-07
2.36184E-07 -5.30425E-07
2.36338E-07 -3.53672E-07
2.36492E-07 1.24660E-07
2.36646E-07 4.96328E-07
2.36800E-07 4.44353E-07
2.36955E-07 1.33592E-08
2.37109E-07 -4.28740E-07
2.37263E-07 -5.04805E-07
2.37417E-07 -1.50196E-07
2.37571E-07 3.32299E-07
2.37725E-07 5.31002E-07
2.37879E-07 2.76601E-07
2.38033E-07 -2.13583E-07
2.38187E-07 -5.21241E-07
2.38341E-07 -3.84048E-07
2.38495E-07 8.06651E-08
2.38649E-07 4.76255E-07
2.38803E-07 4.65311E-07
2.38957E-07 5.74404E-08
2.39111E-07 -3.99157E-07
2.39266E-07 -5.14948E-07
2.39420E-07 -1.91385E-07
2.39574E-07 2.95223E-07
2.39728E-07 5.29666E-07
2.39882E-07 3.12121E-07
2.40036E-07 -1.71535E-07
2.40190E-07 -5.08541E-07
2.40344E-07 -4.11510E-07
2.40498E-07 3.64951E-08
2.40652E-07 4.53071E-07
2.40806E-07 4.82877E-07
2.40960E-07 1.00744E-07
2.41114E-07 -3.67076E-07
2.41268E-07 -5.21450E-07
2.41422E-07 -2.30897E-07
2.41577E-07 2.56430E-07
2.41731E-07 5.24687E-07
2.41885E-07 3.45180E-07
2.42039E-07 -1.28665E-07
2.42193E-07 -4.92440E-07
2.42347E-07 -4.35896E-07
2.42501E-07 -7.54688E-09
2.42655E-07 4.26958E-07
2.42809E-07 4.96959E-07
2.42963E-07 1.42980E-07
2.43117E-07 -3.32736E-07
2.43271E-07 -5.24297E-07
2.43425E-07 -2.68478E-07
2.43579E-07 2.16200E-07
2.43733E-07 5.16129E-07
2.43888E-07 3.75575E-07
2.44042E-07 -8.52739E-08
2.44196E-07 -4.73078E-07
2.44350E-07 -4.57066E-07
2.44504E-07 -5.11613E-08
2.44658E-07 3.98122E-07
2.44812E-07 5.07491E-07
2.44966E-07 1.83870E-07
2.45120E-07 -2.96392E-07
2.45274E-07 -5.23501E-07
2.45428E-07 -3.03886E-07
2.45582E-07 1.74819E-07
2.45736E-07 5.04081E-07
2.45890E-07 4.03119E-07
2.46044E-07 -4.16614E-08
2.46199E-07 -4.50614E-07
2.46353E-07 -4.74901E-07
2.46507E-07 -9.40537E-08
2.46661E-07 3.66780E-07
2.46815E-07 5.14431E-07
2.46969E-07 2.23146E-07
2.47123E-07 -2.58308E-07
2.47277E-07 -5.19098E-07
2.47431E-07 -3.36898E-07
2.47585E-07 1.32579E-07
2.47739E-07 4.88655E-07
2.47893E-07 4.27650E-07
2.48047E-07 1.87231E-09
2.48201E-07 -4.25228E-07
2.48355E-07 -4.89309E-07
2.48510E-07 -1.35937E-07
2.48664E-07 3.33170E-07
2.48818E-07 5.17761E-07
2.48972E-07 2.60552E-07
2.49126E-07 -2.18759E-07
2.49280E-07 -5.11149E-07
2.49434E-07 -3.67309E-07
2.49588E-07 8.97762E-08
2.49742E-07 4.69984E-07
2.49896E-07 4.49023E-07
2.50050E-07 4.50305E-08
2.50204E-07 -3.97118E-07
2.50358E-07 -5.00218E-07
2.50512E-07 -1.76534E-07
2.50666E-07 2.97538E-07
2.50821E-07 5.17490E-07
2.50975E-07 2.95850E-07
2.51129E-07 -1.78029E-07
2.51283E-07 -4.99736E-07
2.51437E-07 -3.94932E-07
2.51591E-07 4.67081E-08
2.51745E-07 4.48223E-07
2.51899E-07 4.67120E-07
2.52053E-07 8.75213E-08
2.52207E-07 -3.66499E-07
2.52361E-07 -5.07584E-07
2.52515E-07 -2.15578E-07
2.52669E-07 2.60146E-07
2.52823E-07 5.13648E-07
2.52977E-07 3.28814E-07
2.53132E-07 -1.36404E-07
2.53286E-07 -4.84967E-07
2.53440E-07 -4.19601E-07
2.53594E-07 3.67103E-09
2.53748E-07 4.23545E-07
2.53902E-07 4.81843E-07
2.54056E-07 1.29060E-07
2.54210E-07 -3.33599E-07
2.54364E-07 -5.11385E-07
2.54518E-07 -2.52813E-07
2.54672E-07 2.21263E-07
2.54826E-07 5.06290E-07
2.54980E-07 3.59238E-07
2.55134E-07 -9.41763E-08
2.55288E-07 -4.66969E-07
2.55443E-07 -4.41172E-07
2.55597E-07 -3.90410E-08
2.55751E-07 3.96144E-07
2.55905E-07 4.93119E-07
2.56059E-07 1.69369E-07
2.56213E-07 -2.98663E-07
2.56367E-07 -5.11623E-07
2.56521E-07 -2.88001E-07
2.56675E-07 1.81168E-07
2.56829E-07 4.95496E-07
2.56983E-07 3.86936E-07
2.57137E-07 -5.16404E-08
2.57291E-07 -4.45892E-07
2.57445E-07 -4.59522E-07
2.57599E-07 -8.11384E-08
2.57754E-07 3.66228E-07
2.57908E-07 5.00899E-07
2.58062E-07 2.08184E-07
2.58216E-07 -2.61946E-07
2.58370E-07 -5.08327E-07
2.58524E-07 -3.20916E-07
2.58678E-07 1.40143E-07
2.58832E-07 4.81367E-07
2.58986E-07 4.11739E-07
2.59140E-07 -9.08917E-09
2.59294E-07 -4.21905E-07
2.59448E-07 -4.74551E-07
2.59602E-07 -1.22338E-07
2.59756E-07 3.34022E-07
2.59910E-07 5.05157E-07
2.60065E-07 2.45251E-07
2.60219E-07 -2.23713E-07
2.60373E-07 -5.01546E-07
2.60527E-07 -3.51353E-07
2.60681E-07 9.84786E-08
2.60835E-07 4.64025E-07
2.60989E-07 4.33501E-07
2.61143E-07 3.31860E-08
2.61297E-07 -3.95194E-07
2.61451E-07 -4.86183E-07
2.61605E-07 -1.62365E-07
2.61759E-07 2.99765E-07
2.61913E-07 5.05892E-07
2.62067E-07 2.80329E-07
2.62221E-07 -1.84238E-07
2.62376E-07 -4.91354E-07
2.62530E-07 -3.79121E-07
2.62684E-07 5.64632E-08
2.62838E-07 4.43616E-07
2.62992E-07 4.52096E-07
2.63146E-07 7.48979E-08
2.63300E-07 -3.65965E-07
2.63454E-07 -4.94365E-07
2.63608E-07 -2.00956E-07
2.63762E-07 2.63707E-07
2.63916E-07 5.03127E-07
2.64070E-07 3.13196E-07
2.64224E-07 -1.43801E-07
2.64378E-07 -4.77849E-07
2.64532E-07 -4.04053E-07
2.64687E-07 1.43877E-08
2.64841E-07 4.20303E-07
2.64995E-07 4.67422E-07
2.65149E-07 1.15766E-07
2.65303E-07 -3.34437E-07
2.65457E-07 -4.99068E-07
2.65611E-07 -2.37856E-07
2.65765E-07 2.26110E-07
2.65919E-07 4.96908E-07
2.66073E-07 3.43642E-07
2.66227E-07 -1.02687E-07
2.66381E-07 -4.61148E-07
2.66535E-07 -4.25999E-07
2.66689E-07 -2.74594E-08
2.66843E-07 3.94267E-07
2.66998E-07 4.79401E-07
2.67152E-07 1.55516E-07
2.67306E-07 -3.00844E-07
2.67460E-07 -5.00287E-07
2.67614E-07 -2.72826E-07
2.67768E-07 1.87242E-07
2.67922E-07 4.87304E-07
2.68076E-07 3.71478E-07
2.68230E-07 -6.11811E-08
2.68384E-07 -4.41391E-07
2.68538E-07 -4.44832E-07
2.68692E-07 -6.87933E-08
2.68846E-07 3.65709E-07
2.69000E-07 4.87974E-07
2.69154E-07 1.93885E-07
2.69309E-07 -2.65431E-07
2.69463E-07 -4.98040E-07
2.69617E-07 -3.05643E-07
2.69771E-07 1.47380E-07
2.69925E-07 4.74408E-07
2.70079E-07 3.96533E-07
2.70233E-07 -1.95717E-08
2.70387E-07 -4.18735E-07
2.70541E-07 -4.60448E-07
2.70695E-07 -1.09335E-07
2.70849E-07 3.34843E-07
2.71003E-07 4.93111E-07
2.71157E-07 2.30620E-07
2.71311E-07 -2.28455E-07
2.71465E-07 -4.92370E-07
2.71620E-07 -3.36096E-07
2.71774E-07 1.06804E-07
2.71928E-07 4.58332E-07
2.72082E-07 4.18658E-07
2.72236E-07 2.18556E-08
2.72390E-07 -3.93359E-07
2.72544E-07 -4.72763E-07
2.72698E-07 -1.48812E-07
2.72852E-07 3.01899E-07
2.73006E-07 4.94801E-07
2.73160E-07 2.65483E-07
2.73314E-07 -1.90182E-07
2.73468E-07 -4.83340E-07
2.73622E-07 -3.63996E-07
2.73776E-07 6.57983E-08
2.73931E-07 4.39211E-07
2.74085E-07 4.37722E-07
2.74239E-07 6.28183E-08
2.74393E-07 -3.65457E-07
2.74547E-07 -4.81718E-07
2.74701E-07 -1.86963E-07
2.74855E-07 2.67117E-07
2.75009E-07 4.93060E-07
2.75163E-07 2.98248E-07
2.75317E-07 -1.50883E-07
2.75471E-07 -4.71038E-07
2.75625E-07 -3.89171E-07
2.75779E-07 2.46460E-08
2.75933E-07 4.17199E-07
2.76087E-07 4.53618E-07
2.76242E-07 1.03039E-07
2.76396E-07 -3.35240E-07
2.76550E-07 -4.87277E-07
2.76704E-07 -2.23536E-07
2.76858E-07 2.30750E-07
2.77012E-07 4.87924E-07
2.77166E-07 3.28707E-07
2.77320E-07 -1.10835E-07
2.77474E-07 -4.55573E-07
2.77628E-07 -4.11469E-07
2.77782E-07 -1.63693E-08
2.77936E-07 3.92468E-07
2.78090E-07 4.66261E-07
2.78244E-07 1.42248E-07
2.78398E-07 -3.02930E-07
2.78553E-07 -4.89427E-07
2.78707E-07 -2.58291E-07
2.78861E-07 1.93059E-07
2.79015E-07 4.79454E-07
2.79169E-07 3.56668E-07
2.79323E-07 -7.03186E-08
2.79477E-07 -4.37074E-07
2.79631E-07 -4.30757E-07
2.79785E-07 -5.69673E-08
2.79939E-07 3.65208E-07
2.80093E-07 4.75587E-07
2.80247E-07 1.80184E-07
2.80401E-07 -2.68766E-07
2.80555E-07 -4.88179E-07
2.80709E-07 -2.91005E-07
2.80864E-07 1.54311E-07
2.81018E-07 4.67734E-07
2.81172E-07 3.81958E-07
2.81326E-07 -2.96150E-08
2.81480E-07 -4.15691E-07
2.81634E-07 -4.46926E-07
2.81788E-07 -9.68729E-08
2.81942E-07 3.35624E-07
2.82096E-07 4.81559E-07
2.82250E-07 2.16595E-07
2.82404E-07 -2.32995E-07
2.82558E-07 -4.83565E-07
2.82712E-07 -3.21468E-07
2.82866E-07 1.14781E-07
2.83020E-07 4.52866E-07
2.83175E-07 4.04423E-07
2.83329E-07 1.09955E-08
2.83483E-07 -3.91591E-07
2.83637E-07 -4.59888E-07
2.83791E-07 -1.35817E-07
2.83945E-07 3.03937E-07
2.84099E-07 4.84157E-07
2.84253E-07 2.51244E-07
2.84407E-07 -1.95874E-07
2.84561E-07 -4.75643E-07
2.84715E-07 -3.49487E-07
2.84869E-07 7.47459E-08
2.85023E-07 4.34976E-07
2.85177E-07 4.23929E-07
2.85331E-07 5.12350E-08
2.85486E-07 -3.64960E-07
2.85640E-07 -4.69577E-07
2.85794E-07 -1.73541E-07
2.85948E-07 2.70378E-07
2.86102E-07 4.83391E-07
2.86256E-07 2.83906E-07
2.86410E-07 -1.57668E-07
2.86564E-07 -4.64491E-07
2.86718E-07 -3.74887E-07
2.86872E-07 3.44828E-08
2.87026E-07 4.14209E-07
2.87180E-07 4.40363E-07
2.87334E-07 9.08301E-08
2.87488E-07 -3.35997E-07
2.87642E-07 -4.75950E-07
2.87797E-07 -2.09793E-07
2.87951E-07 2.35192E-07
2.88105E-07 4.79288E-07
2.88259E-07 3.14370E-07
2.88413E-07 -1.18647E-07
2.88567E-07 -4.50207E-07
2.88721E-07 -3.97513E-07
2.88875E-07 -5.72981E-09
2.89029E-07 3.90727E-07
2.89183E-07 4.53636E-07
2.89337E-07 1.29514E-07
2.89491E-07 -3.04919E-07
2.89645E-07 -4.78987E-07
2.89799E-07 -2.44335E-07
2.89953E-07 1.98631E-07
2.90108E-07 4.71902E-07
2.90262E-07 3.42443E-07
2.90416E-07 -7.90833E-08
2.90570E-07 -4.32913E-07
2.90724E-07 -4.17231E-07
2.90878E-07 -4.56165E-08
2.91032E-07 3.64710E-07
2.91186E-07 4.63678E-07
2.91340E-07 1.67027E-07
2.91494E-07 -2.71954E-07
2.91648E-07 -4.78691E-07
2.91802E-07 -2.76943E-07
2.91956E-07 1.60956E-07
2.92110E-07 4.61305E-07
2.92264E-07 3.67950E-07
2.92419E-07 -3.92533E-08
2.92573E-07 -4.12748E-07
2.92727E-07 -4.33924E-07
2.92881E-07 -8.49057E-08
2.93035E-07 3.36357E-07
2.93189E-07 4.70444E-07
2.93343E-07 2.03121E-07
2.93497E-07 -2.37341E-07
2.93651E-07 -4.75087E-07
2.93805E-07 -3.07407E-07
2.93959E-07 1.22433E-07
2.94113E-07 4.47593E-07
2.94267E-07 3.90733E-07
2.94421E-07 5.67928E-10
2.94575E-07 -3.89872E-07
2.94730E-07 -4.47499E-07
2.94884E-07 -1.23332E-07
2.95038E-07 3.05876E-07
2.95192E-07 4.73909E-07
2.95346E-07 2.37557E-07
2.95500E-07 -2.01329E-07
2.95654E-07 -4.68224E-07
2.95808E-07 -3.35532E-07
2.95962E-07 8.33341E-08
2.96116E-07 4.30882E-07
2.96270E-07 4.10656E-07
2.96424E-07 4.01072E-08
2.96578E-07 -3.64459E-07
2.96732E-07 -4.57886E-07
2.96886E-07 -1.60638E-07
2.97041E-07 2.73493E-07
2.97195E-07 4.74073E-07
2.97349E-07 2.70111E-07
2.97503E-07 -1.64176E-07
2.97657E-07 -4.58171E-07
2.97811E-07 -3.61141E-07
2.97965E-07 4.39301E-08
2.98119E-07 4.11308E-07
2.98273E-07 4.27601E-07
2.98427E-07 7.90949E-08
2.98581E-07 -3.36702E-07
2.98735E-07 -4.65035E-07
2.98889E-07 -1.96574E-07
2.99043E-07 2.39443E-07
2.99197E-07 4.70958E-07
2.99352E-07 3.00572E-07
2.99506E-07 -1.26144E-07
2.99660E-07 -4.45020E-07
2.99814E-07 -3.84076E-07
2.99968E-07 4.49408E-09
3.00122E-07 3.89025E-07
3.00276E-07 4.41472E-07
3.00430E-07 1.17267E-07
3.00584E-07 -3.06808E-07
3.00738E-07 -4.68918E-07
3.00892E-07 -2.30904E-07
3.01046E-07 2.03971E-07
3.01200E-07 4.64608E-07
3.01354E-07 3.28746E-07
3.01508E-07 -8.75012E-08
3.01663E-07 -4.28881E-07
3.01817E-07 -4.04198E-07
3.01971E-07 -3.47028E-08
3.02125E-07 3.64204E-07
3.02279E-07 4.52195E-07
3.02433E-07 1.54367E-07
3.02587E-07 -2.74996E-07
3.02741E-07 -4.69533E-07
3.02895E-07 -2.63403E-07
3.03049E-07 1.67331E-07
3.03203E-07 4.55087E-07
3.03357E-07 3.54453E-07
3.03511E-07 -4.85164E-08
3.03665E-07 -4.09886E-07
3.03819E-07 -4.21388E-07
3.03974E-07 -7.33930E-08
3.04128E-07 3.37033E-07
3.04282E-07 4.59718E-07
3.04436E-07 1.90148E-07
3.04590E-07 -2.41499E-07
3.04744E-07 -4.66896E-07
3.04898E-07 -2.93860E-07
3.05052E-07 1.29781E-07
3.05206E-07 4.42484E-07
3.05360E-07 3.77536E-07
3.05514E-07 -9.45988E-09
3.05668E-07 -3.88184E-07
3.05822E-07 -4.35547E-07
3.05976E-07 -1.11314E-07
3.06130E-07 3.07714E-07
3.06285E-07 4.64010E-07
3.06439E-07 2.24372E-07
3.06593E-07 -2.06558E-07
3.06747E-07 -4.61047E-07
3.06901E-07 -3.22079E-07
3.07055E-07 9.15873E-08
3.07209E-07 4.26906E-07
3.07363E-07 3.97852E-07
3.07517E-07 2.93994E-08
3.07671E-07 -3.63944E-07
3.07825E-07 -4.46599E-07
3.07979E-07 -1.48211E-07
