0.00000E+00 0.00000E+00
1.54067E-10 0.00000E+00
3.08133E-10 2.47395E-36
4.62200E-10 2.10247E-35
6.16267E-10 1.74807E-34
7.70333E-10 1.66410E-33
9.24400E-10 1.62438E-32
1.07847E-09 1.54608E-31
1.23253E-09 1.42056E-30
1.38660E-09 1.25834E-29
1.54067E-09 1.07449E-28
1.69473E-09 8.84452E-28
1.84880E-09 7.01813E-27
2.00287E-09 5.36845E-26
2.15693E-09 3.95880E-25
2.31100E-09 2.81431E-24
2.46507E-09 1.92877E-23
2.61913E-09 1.27436E-22
2.77320E-09 8.11746E-22
2.92727E-09 4.98501E-21
3.08133E-09 2.95146E-20
3.23540E-09 1.68476E-19
3.38947E-09 9.27213E-19
3.54353E-09 4.91998E-18
3.69760E-09 2.51708E-17
3.85167E-09 1.24161E-16
4.00573E-09 5.90519E-16
4.15980E-09 2.70799E-15
4.31387E-09 1.19737E-14
4.46793E-09 5.10487E-14
4.62200E-09 2.09853E-13
4.77607E-09 8.31809E-13
4.93013E-09 3.17914E-12
5.08420E-09 1.17159E-11
5.23827E-09 4.16309E-11
5.39233E-09 1.42636E-10
5.54640E-09 4.71207E-10
5.70047E-09 1.50091E-09
5.85453E-09 4.60942E-09
6.00860E-09 1.36482E-08
6.16267E-09 3.89604E-08
6.31673E-09 1.07219E-07
6.47080E-09 2.84440E-07
6.62487E-09 7.27367E-07
6.77893E-09 1.79275E-06
6.93300E-09 4.25839E-06
7.08707E-09 9.74710E-06
7.24113E-09 2.14954E-05
7.39520E-09 4.56645E-05
7.54927E-09 9.34295E-05
7.70333E-09 1.84057E-04
7.85740E-09 3.49024E-04
8.01147E-09 6.36851E-04
8.16553E-09 1.11768E-03
8.31960E-09 1.88567E-03
8.47367E-09 3.05648E-03
8.62773E-09 4.75612E-03
8.78180E-09 7.09831E-03
8.93587E-09 1.01490E-02
9.08993E-09 1.38809E-02
9.24400E-09 1.81261E-02
9.39807E-09 2.25414E-02
9.55213E-09 2.66033E-02
9.70620E-09 2.96478E-02
9.86027E-09 3.09645E-02
1.00143E-08 2.99337E-02
1.01684E-08 2.61838E-02
1.03225E-08 1.97249E-02
1.04765E-08 1.10171E-02
1.06306E-08 9.38763E-04
1.07847E-08 -9.35078E-03
1.09387E-08 -1.86280E-02
1.10928E-08 -2.58466E-02
1.12469E-08 -3.03375E-02
1.14009E-08 -3.19127E-02
1.15550E-08 -3.08505E-02
1.17091E-08 -2.77742E-02
1.18631E-08 -2.34732E-02
1.20172E-08 -1.87215E-02
1.21713E-08 -1.41428E-02
1.23253E-08 -1.01451E-02
1.24794E-08 -6.92189E-03
1.26335E-08 -4.49650E-03
1.27875E-08 -2.78308E-03
1.29416E-08 -1.64302E-03
1.30957E-08 -9.26477E-04
1.32497E-08 -4.98097E-04
1.34038E-08 -2.49944E-04
1.35579E-08 -1.04862E-04
1.37119E-08 -1.28657E-05
1.38660E-08 5.69424E-05
1.40201E-08 1.25639E-04
1.41741E-08 2.11580E-04
1.43282E-08 3.33423E-04
1.44823E-08 5.09523E-04
1.46363E-08 7.55797E-04
1.47904E-08 1.08398E-03
1.49445E-08 1.50040E-03
1.50985E-08 2.00382E-03
1.52526E-08 2.58077E-03
1.54067E-08 3.19856E-03
1.55607E-08 3.79870E-03
1.57148E-08 4.29439E-03
1.58689E-08 4.57524E-03
1.60229E-08 4.52017E-03
1.61770E-08 4.01716E-03
1.63311E-08 2.98735E-03
1.64851E-08 1.41027E-03
1.66392E-08 -6.53968E-04
1.67933E-08 -3.05102E-03
1.69473E-08 -5.53395E-03
1.71014E-08 -7.78608E-03
1.72555E-08 -9.46694E-03
1.74095E-08 -1.02758E-02
1.75636E-08 -1.00201E-02
1.77177E-08 -8.67071E-03
1.78717E-08 -6.38701E-03
1.80258E-08 -3.50080E-03
1.81799E-08 -4.58281E-04
1.83339E-08 2.26866E-03
1.84880E-08 4.28165E-03
1.86421E-08 5.34066E-03
1.87961E-08 5.41159E-03
1.89502E-08 4.66242E-03
1.91043E-08 3.40790E-03
1.92583E-08 2.01825E-03
1.94124E-08 8.19309E-04
1.95665E-08 1.48168E-05
1.97205E-08 -3.46297E-04
1.98746E-08 -3.50818E-04
2.00287E-08 -1.62590E-04
2.01827E-08 5.01985E-05
2.03368E-08 1.73695E-04
2.04909E-08 1.73900E-04
2.06449E-08 8.56401E-05
2.07990E-08 -2.31744E-05
2.09531E-08 -9.21293E-05
2.11071E-08 -9.54254E-05
2.12612E-08 -4.65020E-05
2.14153E-08 1.72122E-05
2.15693E-08 5.82529E-05
2.17234E-08 5.85418E-05
2.18775E-08 2.54283E-05
2.20315E-08 -1.65622E-05
2.21856E-08 -4.18796E-05
2.23397E-08 -3.83620E-05
2.24937E-08 -1.23096E-05
2.26478E-08 1.75343E-05
2.28019E-08 3.25233E-05
2.29559E-08 2.52720E-05
2.31100E-08 2.95559E-06
2.32641E-08 -1.85997E-05
2.34181E-08 -2.56847E-05
2.35722E-08 -1.52382E-05
2.37263E-08 4.12543E-06
2.38803E-08 1.87393E-05
2.40344E-08 1.93212E-05
2.41885E-08 6.79848E-06
2.43425E-08 -9.13728E-06
2.44966E-08 -1.73003E-05
2.46507E-08 -1.27753E-05
2.48047E-08 1.86554E-07
2.49588E-08 1.18262E-05
2.51129E-08 1.41076E-05
2.52669E-08 6.21584E-06
2.54210E-08 -5.43767E-06
2.55751E-08 -1.23343E-05
2.57291E-08 -1.01007E-05
2.58832E-08 -1.35581E-06
2.60373E-08 6.63195E-06
2.61913E-08 7.39508E-06
2.63454E-08 -3.72193E-07
2.64995E-08 -1.26668E-05
2.66535E-08 -2.40982E-05
2.68076E-08 -3.27978E-05
2.69617E-08 -4.27624E-05
2.71157E-08 -6.22325E-05
2.72698E-08 -9.97062E-05
2.74239E-08 -1.60755E-04
2.75779E-08 -2.47868E-04
2.77320E-08 -3.62980E-04
2.78861E-08 -5.10162E-04
2.80401E-08 -6.95723E-04
2.81942E-08 -9.24762E-04
2.83483E-08 -1.19555E-03
2.85023E-08 -1.49434E-03
2.86564E-08 -1.79260E-03
2.88105E-08 -2.04720E-03
2.89645E-08 -2.20250E-03
2.91186E-08 -2.19384E-03
2.92727E-08 -1.95262E-03
2.94267E-08 -1.41469E-03
2.95808E-08 -5.33229E-04
2.97349E-08 7.04486E-04
2.98889E-08 2.25951E-03
3.00430E-08 4.02829E-03
3.01971E-08 5.83997E-03
3.03511E-08 7.46816E-03
3.05052E-08 8.65827E-03
3.06593E-08 9.16808E-03
3.08133E-08 8.81558E-03
3.09674E-08 7.52499E-03
3.11215E-08 5.36052E-03
3.12755E-08 2.53716E-03
3.14296E-08 -5.98847E-04
3.15837E-08 -3.62122E-03
3.17377E-08 -6.09988E-03
3.18918E-08 -7.68695E-03
3.20459E-08 -8.19202E-03
3.21999E-08 -7.62602E-03
3.23540E-08 -6.19918E-03
3.25081E-08 -4.27070E-03
3.26621E-08 -2.26162E-03
3.28162E-08 -5.53956E-04
3.29703E-08 5.95773E-04
3.31243E-08 1.10415E-03
3.32784E-08 1.05752E-03
3.34325E-08 6.61483E-04
3.35865E-08 1.62375E-04
3.37406E-08 -2.32399E-04
3.38947E-08 -4.09385E-04
3.40487E-08 -3.64381E-04
3.42028E-08 -1.78071E-04
3.43569E-08 3.37351E-05
3.45109E-08 1.73258E-04
3.46650E-08 1.96627E-04
3.48191E-08 1.21045E-04
3.49731E-08 4.81333E-06
3.51272E-08 -8.70859E-05
3.52813E-08 -1.14520E-04
3.54353E-08 -7.68978E-05
3.55894E-08 -6.50239E-06
3.57435E-08 5.33730E-05
3.58975E-08 7.25850E-05
3.60516E-08 4.79499E-05
3.62057E-08 7.83465E-07
3.63597E-08 -3.84998E-05
3.65138E-08 -4.87286E-05
3.66679E-08 -2.86708E-05
3.68219E-08 5.08617E-06
3.69760E-08 3.03372E-05
3.71301E-08 3.32045E-05
3.72841E-08 1.53276E-05
3.74382E-08 -9.23971E-06
3.75923E-08 -2.43218E-05
3.77463E-08 -2.19117E-05
3.79004E-08 -6.06525E-06
3.80545E-08 1.12713E-05
3.82085E-08 1.88799E-05
3.83626E-08 1.33053E-05
3.85167E-08 7.19531E-09
3.86707E-08 -1.13643E-05
3.88248E-08 -1.37591E-05
3.89789E-08 -6.91714E-06
3.91329E-08 3.41477E-06
3.92870E-08 1.00522E-05
3.94411E-08 9.22944E-06
3.95951E-08 2.54371E-06
3.97492E-08 -4.85512E-06
3.99033E-08 -8.10250E-06
4.00573E-08 -5.70088E-06
4.02114E-08 2.06800E-08
4.03655E-08 4.95400E-06
4.05195E-08 6.07167E-06
4.06736E-08 3.17225E-06
4.08277E-08 -1.39479E-06
4.09817E-08 -4.53177E-06
4.11358E-08 -4.39066E-06
4.12899E-08 -1.34523E-06
4.14439E-08 2.48364E-06
4.15980E-08 4.67993E-06
4.17521E-08 4.01185E-06
4.19061E-08 1.08758E-06
4.20602E-08 -2.13168E-06
4.22143E-08 -3.62513E-06
4.23683E-08 -2.62126E-06
4.25224E-08 -1.09173E-07
4.26765E-08 1.80631E-06
4.28305E-08 1.34554E-06
4.29846E-08 -1.63184E-06
4.31387E-08 -5.36376E-06
4.32927E-08 -7.24830E-06
4.34468E-08 -5.58203E-06
4.36009E-08 -7.75840E-07
4.37549E-08 4.85920E-06
4.39090E-08 8.65919E-06
4.40631E-08 9.38071E-06
4.42171E-08 7.86801E-06
4.43712E-08 6.08958E-06
4.45253E-08 5.29690E-06
4.46793E-08 4.81184E-06
4.48334E-08 2.52603E-06
4.49875E-08 -3.15012E-06
4.51415E-08 -1.13918E-05
4.52956E-08 -1.87358E-05
4.54497E-08 -2.09563E-05
4.56037E-08 -1.58428E-05
4.57578E-08 -4.88793E-06
4.59119E-08 7.39561E-06
4.60659E-08 1.60949E-05
4.62200E-08 1.86095E-05
4.63741E-08 1.56112E-05
4.65281E-08 9.79767E-06
4.66822E-08 3.66697E-06
4.68363E-08 -1.84491E-06
4.69903E-08 -6.92493E-06
4.71444E-08 -1.13507E-05
4.72985E-08 -1.35493E-05
4.74525E-08 -1.13917E-05
4.76066E-08 -4.24696E-06
4.77607E-08 5.50195E-06
4.79147E-08 1.30993E-05
4.80688E-08 1.41915E-05
4.82229E-08 7.88046E-06
4.83769E-08 -2.28555E-06
4.85310E-08 -1.03574E-05
4.86851E-08 -1.17931E-05
4.88391E-08 -6.36857E-06
4.89932E-08 1.87858E-06
4.91473E-08 7.58327E-06
4.93013E-08 7.68910E-06
4.94554E-08 3.18670E-06
4.96095E-08 -2.12130E-06
4.97635E-08 -4.65602E-06
4.99176E-08 -3.50123E-06
5.00717E-08 -5.28119E-07
5.02257E-08 1.57277E-06
5.03798E-08 1.53873E-06
5.05339E-08 2.36614E-07
5.06879E-08 -5.43230E-07
5.08420E-08 6.97362E-08
5.09961E-08 1.24957E-06
5.11501E-08 1.40301E-06
5.13042E-08 -1.32243E-07
5.14583E-08 -2.25082E-06
5.16123E-08 -2.94884E-06
5.17664E-08 -1.17842E-06
5.19205E-08 1.98642E-06
5.20745E-08 4.02147E-06
5.22286E-08 3.02313E-06
5.23827E-08 -5.47561E-07
5.25367E-08 -4.01176E-06
5.26908E-08 -4.53613E-06
5.28449E-08 -1.48732E-06
5.29989E-08 2.89551E-06
5.31530E-08 5.17195E-06
5.33071E-08 3.44569E-06
5.34611E-08 -1.03547E-06
5.36152E-08 -4.78267E-06
5.37693E-08 -4.81425E-06
5.39233E-08 -1.06049E-06
5.40774E-08 3.53501E-06
5.42315E-08 5.33850E-06
5.43855E-08 2.92702E-06
5.45396E-08 -1.76885E-06
5.46937E-08 -5.01062E-06
5.48477E-08 -4.24566E-06
5.50018E-08 -1.37663E-07
5.51559E-08 3.99599E-06
5.53099E-08 4.86963E-06
5.54640E-08 1.85703E-06
5.56181E-08 -2.55242E-06
5.57721E-08 -4.80685E-06
5.59262E-08 -3.16190E-06
5.60803E-08 9.59362E-07
5.62343E-08 4.18481E-06
5.63884E-08 3.95415E-06
5.65425E-08 5.58942E-07
5.66965E-08 -3.17070E-06
5.68506E-08 -4.22231E-06
5.70047E-08 -1.84025E-06
5.71587E-08 1.93197E-06
5.73128E-08 3.99488E-06
5.74669E-08 2.74156E-06
5.76209E-08 -6.85212E-07
5.77750E-08 -3.41359E-06
5.79291E-08 -3.24124E-06
5.80831E-08 -4.11757E-07
5.82372E-08 2.66487E-06
5.83913E-08 3.45619E-06
5.85453E-08 1.38635E-06
5.86994E-08 -1.75645E-06
5.88535E-08 -3.36610E-06
5.90075E-08 -2.18556E-06
5.91616E-08 7.08753E-07
5.93157E-08 2.87757E-06
5.94697E-08 2.57935E-06
5.96238E-08 1.81825E-07
5.97779E-08 -2.22299E-06
5.99319E-08 -2.62235E-06
6.00860E-08 -7.60128E-07
6.02401E-08 1.70608E-06
6.03941E-08 2.65430E-06
6.05482E-08 1.29703E-06
6.07023E-08 -1.18596E-06
6.08563E-08 -2.68165E-06
6.10104E-08 -1.93768E-06
6.11645E-08 4.04463E-07
6.13185E-08 2.38423E-06
6.14726E-08 2.38516E-06
6.16267E-08 4.69120E-07
6.17807E-08 -1.72465E-06
6.19348E-08 -2.39178E-06
6.20889E-08 -1.06762E-06
6.22429E-08 1.03801E-06
6.23970E-08 2.12066E-06
6.25511E-08 1.32343E-06
6.27051E-08 -5.74252E-07
6.28592E-08 -1.87955E-06
6.30133E-08 -1.46748E-06
6.31673E-08 2.62436E-07
6.33214E-08 1.76202E-06
6.34755E-08 1.69638E-06
6.36295E-08 1.06055E-07
6.37836E-08 -1.62989E-06
6.39377E-08 -1.98951E-06
6.40917E-08 -6.27506E-07
6.42458E-08 1.31668E-06
6.43999E-08 2.18646E-06
6.45539E-08 1.22291E-06
6.47080E-08 -7.81856E-07
6.48621E-08 -2.14953E-06
6.50161E-08 -1.73287E-06
6.51702E-08 1.17610E-07
6.53243E-08 1.85338E-06
6.54783E-08 2.03429E-06
6.56324E-08 5.33325E-07
6.57865E-08 -1.37333E-06
6.59405E-08 -2.09436E-06
6.60946E-08 -1.05957E-06
6.62487E-08 8.22661E-07
6.64027E-08 1.95742E-06
6.65568E-08 1.41698E-06
6.67109E-08 -2.94642E-07
6.68649E-08 -1.70010E-06
6.70190E-08 -1.61978E-06
6.71731E-08 -1.64033E-07
6.73271E-08 1.38968E-06
6.74812E-08 1.70986E-06
6.76353E-08 5.49289E-07
6.77893E-08 -1.06316E-06
6.79434E-08 -1.72671E-06
6.80975E-08 -8.79408E-07
6.82515E-08 7.27283E-07
6.84056E-08 1.69020E-06
6.85597E-08 1.17313E-06
6.87137E-08 -3.71558E-07
6.88678E-08 -1.59818E-06
6.90219E-08 -1.43523E-06
6.91759E-08 -1.55434E-08
6.93300E-08 1.43443E-06
6.94841E-08 1.65236E-06
6.96381E-08 4.34064E-07
6.97922E-08 -1.18095E-06
6.99463E-08 -1.79743E-06
7.01003E-08 -8.66974E-07
7.02544E-08 8.29205E-07
7.04085E-08 1.83886E-06
7.05625E-08 1.28161E-06
7.07166E-08 -3.86938E-07
7.08707E-08 -1.75057E-06
7.10247E-08 -1.63586E-06
7.11788E-08 -1.20266E-07
7.13329E-08 1.51982E-06
7.14869E-08 1.88636E-06
7.16410E-08 6.51500E-07
7.17951E-08 -1.15209E-06
7.19491E-08 -1.99726E-06
7.21032E-08 -1.15675E-06
7.22573E-08 6.72012E-07
7.24113E-08 1.94761E-06
7.25654E-08 1.58568E-06
7.27195E-08 -1.19136E-07
7.28735E-08 -1.73422E-06
7.30276E-08 -1.89480E-06
7.31817E-08 -4.58199E-07
7.33357E-08 1.37046E-06
7.34898E-08 2.05099E-06
7.36439E-08 1.00692E-06
7.37979E-08 -8.85978E-07
7.39520E-08 -2.03550E-06
7.41061E-08 -1.47407E-06
7.42601E-08 3.25843E-07
7.44142E-08 1.84959E-06
7.45683E-08 1.81625E-06
7.47223E-08 2.56670E-07
7.48764E-08 -1.51443E-06
7.50305E-08 -2.00732E-06
7.51845E-08 -8.11250E-07
7.53386E-08 1.06283E-06
7.54927E-08 2.03694E-06
7.56467E-08 1.29537E-06
7.58008E-08 -5.31939E-07
7.59549E-08 -1.90479E-06
7.61089E-08 -1.67171E-06
7.62630E-08 -3.62530E-08
7.64171E-08 1.62071E-06
7.65711E-08 1.90790E-06
7.67252E-08 5.92877E-07
7.68793E-08 -1.20972E-06
7.70333E-08 -1.98351E-06
7.71874E-08 -1.08728E-06
7.73415E-08 7.12646E-07
7.74955E-08 1.89728E-06
7.76496E-08 1.47761E-06
7.78037E-08 -1.78421E-07
7.79577E-08 -1.66703E-06
7.81118E-08 -1.73835E-06
7.82659E-08 -3.46630E-07
7.84199E-08 1.32219E-06
7.85740E-08 1.86013E-06
7.87281E-08 8.25051E-07
7.88821E-08 -8.95573E-07
7.90362E-08 -1.84450E-06
7.91903E-08 -1.22829E-06
7.93443E-08 4.19352E-07
7.94984E-08 1.69910E-06
7.96525E-08 1.53379E-06
7.98065E-08 7.46519E-08
7.99606E-08 -1.43632E-06
8.01147E-08 -1.72326E-06
8.02687E-08 -5.53401E-07
8.04228E-08 1.07479E-06
8.05769E-08 1.78389E-06
8.07309E-08 9.82798E-07
8.08850E-08 -6.40882E-07
8.10391E-08 -1.71127E-06
8.11931E-08 -1.33041E-06
8.13472E-08 1.68347E-07
8.15013E-08 1.51204E-06
8.16553E-08 1.56969E-06
8.18094E-08 3.04662E-07
8.19635E-08 -1.20451E-06
8.21175E-08 -1.68390E-06
8.22716E-08 -7.40102E-07
8.24257E-08 8.16779E-07
8.25797E-08 1.66831E-06
8.27338E-08 1.10470E-06
8.28879E-08 -3.83078E-07
8.30419E-08 -1.53023E-06
8.31960E-08 -1.37351E-06
8.33501E-08 -6.05807E-08
8.35041E-08 1.28705E-06
8.36582E-08 1.53172E-06
8.38123E-08 4.80373E-07
8.39663E-08 -9.63244E-07
8.41204E-08 -1.57475E-06
8.42745E-08 -8.47576E-07
8.44285E-08 5.87062E-07
8.45826E-08 1.50708E-06
8.47367E-08 1.14020E-06
8.48907E-08 -1.87589E-07
8.50448E-08 -1.34041E-06
8.51989E-08 -1.34353E-06
8.53529E-08 -2.07484E-07
8.55070E-08 1.09158E-06
8.56611E-08 1.44982E-06
8.58151E-08 5.73330E-07
8.59692E-08 -7.80812E-07
8.61233E-08 -1.45764E-06
8.62773E-08 -8.88835E-07
8.64314E-08 4.30193E-07
8.65855E-08 1.37106E-06
8.67395E-08 1.13705E-06
8.68936E-08 -6.25532E-08
8.70477E-08 -1.19895E-06
8.72017E-08 -1.30549E-06
8.73558E-08 -2.99477E-07
8.75099E-08 9.54251E-07
8.76639E-08 1.38629E-06
8.78180E-08 6.34306E-07
8.79721E-08 -6.53374E-07
8.81261E-08 -1.37640E-06
8.82802E-08 -9.22176E-07
8.84343E-08 3.15511E-07
8.85883E-08 1.27772E-06
8.87424E-08 1.14599E-06
8.88965E-08 3.80903E-08
8.90505E-08 -1.09716E-06
8.92046E-08 -1.29224E-06
8.93587E-08 -3.85094E-07
8.95127E-08 8.46588E-07
8.96668E-08 1.35198E-06
8.98209E-08 7.03334E-07
8.99749E-08 -5.42338E-07
9.01290E-08 -1.32161E-06
9.02831E-08 -9.72257E-07
9.04371E-08 2.04291E-07
9.05912E-08 1.20319E-06
9.07453E-08 1.17427E-06
9.08993E-08 1.45318E-07
9.10534E-08 -1.00450E-06
9.12075E-08 -1.29588E-06
9.13615E-08 -4.83212E-07
9.15156E-08 7.38641E-07
9.16697E-08 1.32865E-06
9.18237E-08 7.86465E-07
9.19778E-08 -4.23485E-07
9.21319E-08 -1.27003E-06
9.22859E-08 -1.03407E-06
9.24400E-08 8.07153E-08
9.25941E-08 1.12388E-06
9.27481E-08 1.20864E-06
9.29022E-08 2.65649E-07
9.30563E-08 -9.00500E-07
9.32103E-08 -1.29793E-06
9.33644E-08 -5.91132E-07
9.35185E-08 6.15904E-07
9.36725E-08 1.29595E-06
9.38266E-08 8.72801E-07
9.39807E-08 -2.90576E-07
9.41347E-08 -1.20345E-06
9.42888E-08 -1.09109E-06
9.44429E-08 -5.22405E-08
9.45969E-08 1.02764E-06
9.47510E-08 1.23117E-06
9.49051E-08 3.88335E-07
9.50591E-08 -7.81569E-07
9.52132E-08 -1.28388E-06
9.53673E-08 -6.94237E-07
9.55213E-08 4.83008E-07
9.56754E-08 1.24623E-06
9.58295E-08 9.48768E-07
9.59835E-08 -1.53238E-07
9.61376E-08 -1.12147E-06
9.62917E-08 -1.13441E-06
9.64457E-08 -1.84374E-07
9.65998E-08 9.18903E-07
9.67539E-08 1.23849E-06
9.69079E-08 5.05932E-07
9.70620E-08 -6.53332E-07
9.72161E-08 -1.25408E-06
9.73701E-08 -7.88664E-07
9.75242E-08 3.44063E-07
9.76783E-08 1.18064E-06
9.78323E-08 1.01259E-06
9.79864E-08 -1.35751E-08
9.81405E-08 -1.02409E-06
9.82945E-08 -1.16205E-06
9.84486E-08 -3.14135E-07
9.86027E-08 7.96475E-07
9.87567E-08 1.22697E-06
9.89108E-08 6.15396E-07
9.90649E-08 -5.15032E-07
9.92189E-08 -1.20361E-06
9.93730E-08 -8.68713E-07
9.95271E-08 2.00838E-07
9.96811E-08 1.09485E-06
9.98352E-08 1.05643E-06
9.99893E-08 1.22878E-07
1.00143E-07 -9.09908E-07
1.00297E-07 -1.16604E-06
1.00451E-07 -4.32585E-07
1.00606E-07 6.63447E-07
1.00760E-07 1.19108E-06
1.00914E-07 7.06269E-07
1.01068E-07 -3.74356E-07
1.01222E-07 -1.13142E-06
1.01376E-07 -9.25066E-07
1.01530E-07 6.41776E-08
1.01684E-07 9.93109E-07
1.01838E-07 1.07458E-06
1.01992E-07 2.44583E-07
1.02146E-07 -7.87698E-07
1.02300E-07 -1.14578E-06
1.02454E-07 -5.30148E-07
1.02608E-07 5.31211E-07
1.02762E-07 1.13548E-06
1.02917E-07 7.73005E-07
1.03071E-07 -2.42817E-07
1.03225E-07 -1.04631E-06
1.03379E-07 -9.57210E-07
1.03533E-07 -5.66406E-08
1.03687E-07 8.86327E-07
1.03841E-07 1.07136E-06
1.03995E-07 3.46154E-07
1.04149E-07 -6.68264E-07
1.04303E-07 -1.10922E-06
1.04457E-07 -6.05998E-07
1.04611E-07 4.08474E-07
1.04765E-07 1.06994E-06
1.04919E-07 8.19025E-07
1.05073E-07 -1.25708E-07
1.05228E-07 -9.57953E-07
1.05382E-07 -9.71728E-07
1.05536E-07 -1.60230E-07
1.05690E-07 7.82490E-07
1.05844E-07 1.05502E-06
1.05998E-07 4.29830E-07
1.06152E-07 -5.56816E-07
1.06306E-07 -1.06471E-06
1.06460E-07 -6.65149E-07
1.06614E-07 2.97241E-07
1.06768E-07 1.00162E-06
1.06922E-07 8.50947E-07
1.07076E-07 -2.19767E-08
1.07230E-07 -8.71394E-07
1.07384E-07 -9.75603E-07
1.07539E-07 -2.50096E-07
1.07693E-07 6.84061E-07
1.07847E-07 1.03180E-06
1.08001E-07 5.00667E-07
1.08155E-07 -4.53257E-07
1.08309E-07 -1.01691E-06
1.08463E-07 -7.13184E-07
1.08617E-07 1.95287E-07
1.08771E-07 9.33120E-07
1.08925E-07 8.73915E-07
1.09079E-07 7.19941E-08
1.09233E-07 -7.87168E-07
1.09387E-07 -9.72814E-07
1.09541E-07 -3.30388E-07
1.09695E-07 5.89868E-07
1.09850E-07 1.00414E-06
1.10004E-07 5.62570E-07
1.10158E-07 -3.55311E-07
1.10312E-07 -9.66755E-07
1.10466E-07 -7.53234E-07
1.10620E-07 9.98779E-08
1.10774E-07 8.64170E-07
1.10928E-07 8.90076E-07
1.11082E-07 1.58881E-07
1.11236E-07 -7.04201E-07
1.11390E-07 -9.64573E-07
1.11544E-07 -4.03434E-07
1.11698E-07 4.98412E-07
1.11852E-07 9.72488E-07
1.12006E-07 6.17421E-07
1.12161E-07 -2.61293E-07
1.12315E-07 -9.14102E-07
1.12469E-07 -7.86729E-07
1.12623E-07 9.26933E-09
1.12777E-07 7.94144E-07
1.12931E-07 9.00397E-07
1.13085E-07 2.40403E-07
1.13239E-07 -6.21433E-07
1.13393E-07 -9.51317E-07
1.13547E-07 -4.70795E-07
1.13701E-07 4.08264E-07
1.13855E-07 9.36682E-07
1.14009E-07 6.66426E-07
1.14163E-07 -1.69567E-07
1.14317E-07 -8.58150E-07
1.14472E-07 -8.14303E-07
1.14626E-07 -7.81192E-08
1.14780E-07 7.21710E-07
1.14934E-07 9.04783E-07
1.15088E-07 3.17765E-07
1.15242E-07 -5.37258E-07
1.15396E-07 -9.32220E-07
1.15550E-07 -5.33020E-07
1.15704E-07 3.17907E-07
1.15858E-07 8.95334E-07
1.16012E-07 7.09334E-07
1.16166E-07 -7.90691E-08
1.16320E-07 -7.97284E-07
1.16474E-07 -8.34950E-07
1.16628E-07 -1.62620E-07
1.16783E-07 6.45425E-07
1.16937E-07 9.01713E-07
1.17091E-07 3.90465E-07
1.17245E-07 -4.50775E-07
1.17399E-07 -9.05611E-07
1.17553E-07 -5.88876E-07
1.17707E-07 2.27221E-07
1.17861E-07 8.47030E-07
1.18015E-07 7.44451E-07
1.18169E-07 9.47793E-09
1.18323E-07 -7.30694E-07
1.18477E-07 -8.46898E-07
1.18631E-07 -2.42805E-07
1.18785E-07 5.65288E-07
1.18939E-07 8.89723E-07
1.19094E-07 4.56656E-07
1.19248E-07 -3.62820E-07
1.19402E-07 -8.70654E-07
1.19556E-07 -6.36462E-07
1.19710E-07 1.37731E-07
1.19864E-07 7.91742E-07
1.20018E-07 7.70194E-07
1.20172E-07 9.41349E-08
1.20326E-07 -6.59176E-07
1.20480E-07 -8.49168E-07
1.20634E-07 -3.16664E-07
1.20788E-07 4.82789E-07
1.20942E-07 8.68617E-07
1.21096E-07 5.14598E-07
1.21250E-07 -2.75322E-07
1.21405E-07 -8.27958E-07
1.21559E-07 -6.74587E-07
1.21713E-07 5.14995E-08
1.21867E-07 7.30780E-07
1.22021E-07 7.86090E-07
1.22175E-07 1.73026E-07
1.22329E-07 -5.84528E-07
1.22483E-07 -8.42062E-07
1.22637E-07 -3.82773E-07
1.22791E-07 3.99933E-07
1.22945E-07 8.39391E-07
1.23099E-07 5.63499E-07
1.23253E-07 -1.90213E-07
1.23407E-07 -7.79048E-07
1.23561E-07 -7.03164E-07
1.23716E-07 -2.98717E-08
1.23870E-07 6.65962E-07
1.24024E-07 7.92725E-07
1.24178E-07 2.45059E-07
1.24332E-07 -5.08613E-07
1.24486E-07 -8.26710E-07
1.24640E-07 -4.40645E-07
1.24794E-07 3.18401E-07
1.24948E-07 8.03543E-07
1.25102E-07 6.03480E-07
1.25256E-07 -1.08812E-07
1.25410E-07 -7.25586E-07
1.25564E-07 -7.22850E-07
1.25718E-07 -1.05532E-07
1.25872E-07 5.98919E-07
1.26027E-07 7.91171E-07
1.26181E-07 3.09897E-07
1.26335E-07 -4.32868E-07
1.26489E-07 -8.04454E-07
1.26643E-07 -4.90438E-07
1.26797E-07 2.39313E-07
1.26951E-07 7.62530E-07
1.27105E-07 6.35138E-07
1.27259E-07 -3.18447E-08
1.27413E-07 -6.68995E-07
1.27567E-07 -7.34592E-07
1.27721E-07 -1.75191E-07
1.27875E-07 5.30913E-07
1.28029E-07 7.82607E-07
1.28183E-07 3.67677E-07
1.28338E-07 -3.58280E-07
1.28492E-07 -7.76577E-07
1.28646E-07 -5.32681E-07
1.28800E-07 1.63307E-07
1.28954E-07 7.17604E-07
1.29108E-07 6.59310E-07
1.29262E-07 4.04425E-08
1.29416E-07 -6.10373E-07
1.29570E-07 -7.39423E-07
1.29724E-07 -2.38987E-07
1.29878E-07 4.62781E-07
1.30032E-07 7.68140E-07
1.30186E-07 4.18876E-07
1.30340E-07 -2.85365E-07
1.30494E-07 -7.44129E-07
1.30649E-07 -5.68095E-07
1.30803E-07 9.05520E-08
1.30957E-07 6.69650E-07
1.31111E-07 6.76852E-07
1.31265E-07 1.08198E-07
1.31419E-07 -5.50360E-07
1.31573E-07 -7.38218E-07
1.31727E-07 -2.97318E-07
1.31881E-07 3.94888E-07
1.32035E-07 7.48557E-07
1.32189E-07 4.64049E-07
1.32343E-07 -2.14221E-07
1.32497E-07 -7.07737E-07
1.32651E-07 -5.97294E-07
1.32805E-07 2.09325E-08
1.32960E-07 6.19099E-07
1.33114E-07 6.88350E-07
1.33268E-07 1.71681E-07
1.33422E-07 -4.89196E-07
1.33576E-07 -7.31472E-07
1.33730E-07 -3.50512E-07
1.33884E-07 3.27317E-07
1.34038E-07 7.24234E-07
1.34192E-07 5.03525E-07
1.34346E-07 -1.44827E-07
1.34500E-07 -6.67660E-07
1.34654E-07 -6.20566E-07
1.34808E-07 -4.56229E-08
1.34962E-07 5.66120E-07
1.35116E-07 6.94030E-07
1.35271E-07 2.30968E-07
1.35425E-07 -4.27001E-07
1.35579E-07 -7.19358E-07
1.35733E-07 -3.98621E-07
1.35887E-07 2.60177E-07
1.36041E-07 6.95317E-07
1.36195E-07 5.37328E-07
1.36349E-07 -7.73113E-08
1.36503E-07 -6.24049E-07
1.36657E-07 -6.37919E-07
1.36811E-07 -1.08954E-07
1.36965E-07 5.10900E-07
1.37119E-07 6.93918E-07
1.37273E-07 2.85872E-07
1.37427E-07 -3.64018E-07
1.37582E-07 -7.01952E-07
1.37736E-07 -4.41458E-07
1.37890E-07 1.93772E-07
1.38044E-07 6.61960E-07
1.38198E-07 5.65306E-07
1.38352E-07 -1.20244E-08
1.38506E-07 -5.77159E-07
1.38660E-07 -6.49279E-07
1.38814E-07 -1.68696E-07
1.38968E-07 4.53795E-07
1.39122E-07 6.88046E-07
1.39276E-07 3.36056E-07
1.39430E-07 -3.00685E-07
1.39584E-07 -6.79419E-07
1.39738E-07 -4.78760E-07
1.39893E-07 1.28591E-07
1.40047E-07 6.24467E-07
1.40201E-07 5.87311E-07
1.40355E-07 5.05409E-08
1.40509E-07 -5.27418E-07
1.40663E-07 -6.54642E-07
1.40817E-07 -2.24401E-07
1.40971E-07 3.95328E-07
1.41125E-07 6.76576E-07
1.41279E-07 3.81170E-07
1.41433E-07 -2.37580E-07
1.41587E-07 -6.52080E-07
1.41741E-07 -5.10314E-07
1.41895E-07 6.52093E-08
1.42049E-07 5.83301E-07
1.42204E-07 6.03298E-07
1.42358E-07 1.09863E-07
1.42512E-07 -4.75394E-07
1.42666E-07 -6.54146E-07
1.42820E-07 -2.75656E-07
1.42974E-07 3.36127E-07
1.43128E-07 6.59821E-07
1.43282E-07 4.20948E-07
1.43436E-07 -1.75331E-07
1.43590E-07 -6.20402E-07
1.43744E-07 -5.36033E-07
1.43898E-07 4.20178E-09
1.44052E-07 5.39045E-07
1.44206E-07 6.13373E-07
1.44360E-07 1.65478E-07
1.44515E-07 -4.21735E-07
1.44669E-07 -6.48082E-07
1.44823E-07 -3.22148E-07
1.44977E-07 2.76845E-07
1.45131E-07 6.38233E-07
1.45285E-07 4.55261E-07
1.45439E-07 -1.14539E-07
1.45593E-07 -5.84959E-07
1.45747E-07 -5.55985E-07
1.45901E-07 -5.39374E-08
1.46055E-07 4.92341E-07
1.46209E-07 6.17789E-07
1.46363E-07 2.17041E-07
1.46517E-07 -3.67093E-07
1.46671E-07 -6.36863E-07
1.46826E-07 -3.63713E-07
1.46980E-07 2.18085E-07
1.47134E-07 6.12346E-07
1.47288E-07 4.84134E-07
1.47442E-07 -5.57076E-08
1.47596E-07 -5.46355E-07
1.47750E-07 -5.70371E-07
1.47904E-07 -1.08847E-07
1.48058E-07 4.43805E-07
1.48212E-07 6.16902E-07
1.48366E-07 2.64355E-07
1.48520E-07 -3.12045E-07
1.48674E-07 -6.20961E-07
1.48828E-07 -4.00326E-07
1.48982E-07 1.60339E-07
1.49137E-07 5.82702E-07
1.49291E-07 5.07704E-07
1.49445E-07 7.94215E-10
1.49599E-07 -5.05150E-07
1.49753E-07 -5.79470E-07
1.49907E-07 -1.60298E-07
1.50061E-07 3.93971E-07
1.50215E-07 6.11098E-07
1.50369E-07 3.07342E-07
1.50523E-07 -2.57060E-07
1.50677E-07 -6.00833E-07
1.50831E-07 -4.32048E-07
1.50985E-07 1.03980E-07
1.51139E-07 5.49784E-07
1.51293E-07 5.26157E-07
1.51448E-07 5.47036E-08
1.51602E-07 -4.61821E-07
1.51756E-07 -5.83569E-07
1.51910E-07 -2.08149E-07
1.52064E-07 3.43280E-07
1.52218E-07 6.00736E-07
1.52372E-07 3.45975E-07
1.52526E-07 -2.02515E-07
1.52680E-07 -5.76878E-07
1.52834E-07 -4.58964E-07
1.52988E-07 4.93053E-08
1.53142E-07 5.14010E-07
1.53296E-07 5.39673E-07
1.53450E-07 1.05816E-07
1.53604E-07 -4.16774E-07
1.53759E-07 -5.82924E-07
1.53913E-07 -2.52289E-07
1.54067E-07 2.92105E-07
1.54221E-07 5.86129E-07
1.54375E-07 3.80241E-07
1.54529E-07 -1.48733E-07
1.54683E-07 -5.49449E-07
1.54837E-07 -4.81149E-07
1.54991E-07 -3.42447E-09
1.55145E-07 4.75747E-07
1.55299E-07 5.48408E-07
1.55453E-07 1.53944E-07
1.55607E-07 -3.70377E-07
1.55761E-07 -5.77760E-07
1.55915E-07 -2.92612E-07
1.56070E-07 2.40792E-07
1.56224E-07 5.67561E-07
1.56378E-07 4.10115E-07
1.56532E-07 -9.60233E-08
1.56686E-07 -5.18868E-07
1.56840E-07 -4.98662E-07
1.56994E-07 -5.39528E-08
1.57148E-07 4.35344E-07
1.57302E-07 5.52502E-07
1.57456E-07 1.98896E-07
1.57610E-07 -3.22984E-07
1.57764E-07 -5.68292E-07
1.57918E-07 -3.29003E-07
1.58072E-07 1.89685E-07
1.58226E-07 5.45307E-07
1.58381E-07 4.35567E-07
1.58535E-07 -4.46986E-08
1.58689E-07 -4.85462E-07
1.58843E-07 -5.11561E-07
1.58997E-07 -1.02018E-07
1.59151E-07 3.93158E-07
1.59305E-07 5.52097E-07
1.59459E-07 2.40478E-07
1.59613E-07 -2.74961E-07
1.59767E-07 -5.54742E-07
1.59921E-07 -3.61349E-07
1.60075E-07 1.39138E-07
1.60229E-07 5.19659E-07
1.60383E-07 4.56574E-07
1.60537E-07 4.92221E-09
1.60692E-07 -4.49573E-07
1.60846E-07 -5.19916E-07
1.61000E-07 -1.47357E-07
1.61154E-07 3.49562E-07
1.61308E-07 5.47358E-07
1.61462E-07 2.78504E-07
1.61616E-07 -2.26690E-07
1.61770E-07 -5.37359E-07
1.61924E-07 -3.89553E-07
1.62078E-07 8.95128E-08
1.62232E-07 4.90936E-07
1.62386E-07 4.73140E-07
1.62540E-07 5.25225E-08
1.62694E-07 -4.11570E-07
1.62848E-07 -5.23835E-07
1.63003E-07 -1.89723E-07
1.63157E-07 3.04948E-07
1.63311E-07 5.38490E-07
1.63465E-07 3.12812E-07
1.63619E-07 -1.78559E-07
1.63773E-07 -5.16432E-07
1.63927E-07 -4.13556E-07
1.64081E-07 4.11643E-08
1.64235E-07 4.59489E-07
1.64389E-07 4.85313E-07
1.64543E-07 9.78061E-08
1.64697E-07 -3.71841E-07
1.64851E-07 -5.23469E-07
1.65005E-07 -2.28900E-07
1.65159E-07 2.59716E-07
1.65314E-07 5.25735E-07
1.65468E-07 3.43287E-07
1.65622E-07 -1.30947E-07
1.65776E-07 -4.92277E-07
1.65930E-07 -4.33348E-07
1.66084E-07 -5.57599E-09
1.66238E-07 4.25687E-07
1.66392E-07 4.93188E-07
1.66546E-07 1.40513E-07
1.66700E-07 -3.30780E-07
1.66854E-07 -5.19012E-07
1.67008E-07 -2.64720E-07
1.67162E-07 2.14253E-07
1.67316E-07 5.09370E-07
1.67470E-07 3.69859E-07
1.67625E-07 -8.42058E-08
1.67779E-07 -4.65234E-07
1.67933E-07 -4.48965E-07
1.68087E-07 -5.04135E-08
1.68241E-07 3.89904E-07
1.68395E-07 4.96899E-07
1.68549E-07 1.80429E-07
1.68703E-07 -2.88769E-07
1.68857E-07 -5.10685E-07
1.69011E-07 -2.97057E-07
1.69165E-07 1.68921E-07
1.69319E-07 4.89689E-07
1.69473E-07 3.92504E-07
1.69627E-07 -3.86564E-08
1.69781E-07 -4.35643E-07
1.69936E-07 -4.60479E-07
1.70090E-07 -9.30939E-08
1.70244E-07 3.52504E-07
1.70398E-07 4.96612E-07
1.70552E-07 2.17378E-07
1.70706E-07 -2.46169E-07
1.70860E-07 -4.98731E-07
1.71014E-07 -3.25831E-07
1.71168E-07 1.24055E-07
1.71322E-07 4.66991E-07
1.71476E-07 4.11232E-07
1.71630E-07 5.41705E-09
1.71784E-07 -4.03840E-07
1.71938E-07 -4.67992E-07
1.72092E-07 -1.33399E-07
1.72247E-07 3.13836E-07
1.72401E-07 4.92508E-07
1.72555E-07 2.51225E-07
1.72709E-07 -2.03318E-07
1.72863E-07 -4.83399E-07
1.73017E-07 -3.50989E-07
1.73171E-07 7.99602E-08
1.73325E-07 4.41573E-07
1.73479E-07 4.26082E-07
1.73633E-07 4.77603E-08
1.73787E-07 -3.70152E-07
1.73941E-07 -4.71624E-07
1.74095E-07 -1.71143E-07
1.74249E-07 2.74233E-07
1.74403E-07 4.84782E-07
1.74558E-07 2.81858E-07
1.74712E-07 -1.60535E-07
1.74866E-07 -4.64942E-07
1.75020E-07 -3.72504E-07
1.75174E-07 3.69195E-08
1.75328E-07 4.13732E-07
1.75482E-07 4.37108E-07
1.75636E-07 8.81440E-08
1.75790E-07 -3.34896E-07
1.75944E-07 -4.71509E-07
1.76098E-07 -2.06162E-07
1.76252E-07 2.34015E-07
1.76406E-07 4.73635E-07
1.76560E-07 3.09190E-07
1.76714E-07 -1.18119E-07
1.76869E-07 -4.43616E-07
1.77023E-07 -3.90370E-07
1.77177E-07 -4.80403E-09
1.77331E-07 3.83761E-07
1.77485E-07 4.44383E-07
1.77639E-07 1.26358E-07
1.77793E-07 -2.98384E-07
1.77947E-07 -4.67795E-07
1.78101E-07 -2.38312E-07
1.78255E-07 1.93490E-07
1.78409E-07 4.59279E-07
1.78563E-07 3.33154E-07
1.78717E-07 -7.63589E-08
1.78871E-07 -4.19683E-07
1.79025E-07 -4.04598E-07
1.79180E-07 -4.49626E-08
1.79334E-07 3.51954E-07
1.79488E-07 4.47996E-07
1.79642E-07 1.62212E-07
1.79796E-07 -2.60924E-07
1.79950E-07 -4.60641E-07
1.80104E-07 -2.67471E-07
1.80258E-07 1.52961E-07
1.80412E-07 4.41936E-07
1.80566E-07 3.53703E-07
1.80720E-07 -3.55309E-08
1.80874E-07 -3.93411E-07
1.81028E-07 -4.15219E-07
1.81182E-07 -8.33240E-08
1.81336E-07 3.18609E-07
1.81491E-07 4.48056E-07
1.81645E-07 1.95531E-07
1.81799E-07 -2.22822E-07
1.81953E-07 -4.50227E-07
1.82107E-07 -2.93536E-07
1.82261E-07 1.12723E-07
1.82415E-07 4.21841E-07
1.82569E-07 3.70811E-07
1.82723E-07 4.10185E-09
1.82877E-07 -3.65078E-07
1.83031E-07 -4.22289E-07
1.83185E-07 -1.19674E-07
1.83339E-07 2.84025E-07
1.83493E-07 4.44694E-07
1.83647E-07 2.26165E-07
1.83802E-07 -1.84382E-07
1.83956E-07 -4.36748E-07
1.84110E-07 -3.16430E-07
1.84264E-07 7.30606E-08
1.84418E-07 3.99243E-07
1.84572E-07 3.84480E-07
1.84726E-07 4.22920E-08
1.84880E-07 -3.34967E-07
1.85034E-07 -4.25885E-07
1.85188E-07 -1.53819E-07
1.85342E-07 2.48503E-07
1.85496E-07 4.38058E-07
1.85650E-07 2.53989E-07
1.85804E-07 -1.45898E-07
1.85958E-07 -4.20416E-07
1.86113E-07 -3.36101E-07
1.86267E-07 3.42438E-08
1.86421E-07 3.74400E-07
1.86575E-07 3.94736E-07
1.86729E-07 7.88120E-08
1.86883E-07 -3.03367E-07
1.87037E-07 -4.26110E-07
1.87191E-07 -1.85590E-07
1.87345E-07 2.12339E-07
1.87499E-07 4.28321E-07
1.87653E-07 2.78900E-07
1.87807E-07 -1.07655E-07
1.87961E-07 -4.01457E-07
1.88115E-07 -3.52524E-07
1.88269E-07 -3.47342E-09
1.88424E-07 3.47580E-07
1.88578E-07 4.01630E-07
1.88732E-07 1.13456E-07
1.88886E-07 -2.70563E-07
1.89040E-07 -4.23088E-07
1.89194E-07 -2.14842E-07
1.89348E-07 1.75821E-07
1.89502E-07 4.15668E-07
1.89656E-07 3.00826E-07
1.89810E-07 -6.99235E-08
1.89964E-07 -3.80108E-07
1.90118E-07 -3.65701E-07
1.90272E-07 -3.98563E-08
1.90426E-07 3.19050E-07
1.90580E-07 4.05238E-07
1.90735E-07 1.46041E-07
1.90889E-07 -2.36841E-07
1.91043E-07 -4.16961E-07
1.91197E-07 -2.41456E-07
1.91351E-07 1.39229E-07
1.91505E-07 4.00299E-07
1.91659E-07 3.19718E-07
1.91813E-07 -3.29589E-08
1.91967E-07 -3.56612E-07
1.92121E-07 -3.75655E-07
1.92275E-07 -7.46904E-08
1.92429E-07 2.89080E-07
1.92583E-07 4.05654E-07
1.92737E-07 1.76406E-07
1.92891E-07 -2.02477E-07
1.93046E-07 -4.07887E-07
1.93200E-07 -2.65336E-07
1.93354E-07 1.02828E-07
1.93508E-07 3.82424E-07
1.93662E-07 3.35549E-07
1.93816E-07 3.00023E-09
1.93970E-07 -3.31215E-07
1.94124E-07 -3.82432E-07
1.94278E-07 -1.07781E-07
1.94432E-07 2.57939E-07
1.94586E-07 4.02989E-07
1.94740E-07 2.04414E-07
1.94894E-07 -1.67741E-07
1.95048E-07 -3.96036E-07
1.95202E-07 -2.86407E-07
1.95357E-07 6.68746E-08
1.95511E-07 3.62261E-07
1.95665E-07 3.48315E-07
1.95819E-07 3.77321E-08
1.95973E-07 -3.04168E-07
1.96127E-07 -3.86094E-07
1.96281E-07 -1.38953E-07
1.96435E-07 2.25889E-07
1.96589E-07 3.97373E-07
1.96743E-07 2.29946E-07
1.96897E-07 -1.32895E-07
1.97051E-07 -3.81592E-07
1.97205E-07 -3.04619E-07
1.97359E-07 3.16087E-08
1.97513E-07 3.40034E-07
1.97668E-07 3.58032E-07
1.97822E-07 7.10311E-08
1.97976E-07 -2.75721E-07
1.98130E-07 -3.86726E-07
1.98284E-07 -1.68050E-07
1.98438E-07 1.93193E-07
1.98592E-07 3.88946E-07
1.98746E-07 2.52907E-07
1.98900E-07 -9.81912E-08
1.99054E-07 -3.64746E-07
1.99208E-07 -3.19939E-07
1.99362E-07 -2.74098E-09
1.99516E-07 3.15973E-07
1.99670E-07 3.64735E-07
1.99824E-07 1.02708E-07
1.99979E-07 -2.46125E-07
2.00133E-07 -3.84424E-07
2.00287E-07 -1.94934E-07
2.00441E-07 1.60105E-07
2.00595E-07 3.77864E-07
2.00749E-07 2.73219E-07
2.00903E-07 -6.38736E-08
2.01057E-07 -3.45700E-07
2.01211E-07 -3.32356E-07
2.01365E-07 -3.59597E-08
2.01519E-07 2.90310E-07
2.01673E-07 3.68477E-07
2.01827E-07 1.32592E-07
2.01981E-07 -2.15630E-07
2.02135E-07 -3.79305E-07
2.02290E-07 -2.19489E-07
2.02444E-07 1.26875E-07
2.02598E-07 3.64296E-07
2.02752E-07 2.90825E-07
2.02906E-07 -3.01745E-08
2.03060E-07 -3.24664E-07
2.03214E-07 -3.41877E-07
2.03368E-07 -6.78474E-08
2.03522E-07 2.63284E-07
2.03676E-07 3.69330E-07
2.03830E-07 1.60527E-07
2.03984E-07 -1.84485E-07
2.04138E-07 -3.71498E-07
2.04292E-07 -2.41614E-07
2.04446E-07 9.37460E-08
2.04601E-07 3.48422E-07
2.04755E-07 3.05689E-07
2.04909E-07 2.68506E-09
2.05063E-07 -3.01855E-07
2.05217E-07 -3.48530E-07
2.05371E-07 -9.82196E-08
2.05525E-07 2.35134E-07
2.05679E-07 3.67384E-07
2.05833E-07 1.86379E-07
2.05987E-07 -1.52935E-07
2.06141E-07 -3.61148E-07
2.06295E-07 -2.61232E-07
2.06449E-07 6.09523E-08
2.06603E-07 3.30431E-07
2.06757E-07 3.17795E-07
2.06912E-07 3.44971E-08
2.07066E-07 -2.77495E-07
2.07220E-07 -3.52361E-07
2.07374E-07 -1.26908E-07
2.07528E-07 2.06097E-07
2.07682E-07 3.62744E-07
2.07836E-07 2.10029E-07
2.07990E-07 -1.21218E-07
2.08144E-07 -3.48413E-07
2.08298E-07 -2.78284E-07
2.08452E-07 2.87179E-08
2.08606E-07 3.10521E-07
2.08760E-07 3.27146E-07
2.08914E-07 6.50680E-08
2.09068E-07 -2.51808E-07
2.09223E-07 -3.53436E-07
2.09377E-07 -1.53763E-07
2.09531E-07 1.76411E-07
2.09685E-07 3.55532E-07
2.09839E-07 2.31382E-07
2.09993E-07 -8.95676E-08
2.10147E-07 -3.33462E-07
2.10301E-07 -2.92732E-07
2.10455E-07 -2.74476E-09
2.10609E-07 2.88897E-07
2.10763E-07 3.33765E-07
2.10917E-07 9.42194E-08
2.11071E-07 -2.25022E-07
2.11225E-07 -3.51837E-07
2.11379E-07 -1.78651E-07
2.11534E-07 1.46309E-07
2.11688E-07 3.45882E-07
2.11842E-07 2.50357E-07
2.11996E-07 -5.82076E-08
2.12150E-07 -3.16473E-07
2.12304E-07 -3.04557E-07
2.12458E-07 -3.32359E-08
2.12612E-07 2.65770E-07
2.12766E-07 3.37692E-07
2.12920E-07 1.21789E-07
2.13074E-07 -1.97363E-07
2.13228E-07 -3.47660E-07
2.13382E-07 -2.01459E-07
2.13536E-07 1.16020E-07
2.13690E-07 3.33942E-07
2.13845E-07 2.66897E-07
2.13999E-07 -2.73525E-08
2.14153E-07 -2.97632E-07
2.14307E-07 -3.13758E-07
2.14461E-07 -6.25690E-08
2.14615E-07 2.41351E-07
2.14769E-07 3.38986E-07
2.14923E-07 1.47630E-07
2.15077E-07 -1.69056E-07
2.15231E-07 -3.41017E-07
2.15385E-07 -2.22088E-07
2.15539E-07 8.57648E-08
2.15693E-07 3.19868E-07
2.15847E-07 2.80960E-07
2.16001E-07 2.79418E-09
2.16156E-07 -2.77132E-07
2.16310E-07 -3.20352E-07
2.16464E-07 -9.05720E-08
2.16618E-07 2.15856E-07
2.16772E-07 3.37720E-07
2.16926E-07 1.71614E-07
2.17080E-07 -1.40323E-07
2.17234E-07 -3.32033E-07
2.17388E-07 -2.40463E-07
2.17542E-07 5.57575E-08
2.17696E-07 3.03829E-07
2.17850E-07 2.92524E-07
2.18004E-07 3.20401E-08
2.18158E-07 -2.55171E-07
2.18312E-07 -3.24374E-07
2.18467E-07 -1.17087E-07
2.18621E-07 1.89499E-07
2.18775E-07 3.33983E-07
2.18929E-07 1.93628E-07
2.19083E-07 -1.11382E-07
2.19237E-07 -3.20845E-07
2.19391E-07 -2.56520E-07
2.19545E-07 2.62040E-08
2.19699E-07 2.85998E-07
2.19853E-07 3.01584E-07
2.20007E-07 6.02052E-08
2.20161E-07 -2.31950E-07
2.20315E-07 -3.25875E-07
2.20469E-07 -1.41972E-07
2.20623E-07 1.62494E-07
2.20778E-07 3.27878E-07
2.20932E-07 2.13575E-07
2.21086E-07 -8.24434E-08
2.21240E-07 -3.07599E-07
2.21394E-07 -2.70218E-07
2.21548E-07 -2.69940E-09
2.21702E-07 2.66558E-07
2.21856E-07 3.08153E-07
2.22010E-07 8.71223E-08
2.22164E-07 -2.07673E-07
2.22318E-07 -3.24921E-07
2.22472E-07 -1.65099E-07
2.22626E-07 1.35053E-07
2.22780E-07 3.19519E-07
2.22934E-07 2.31377E-07
2.23089E-07 -5.37144E-08
2.23243E-07 -2.92453E-07
2.23397E-07 -2.81531E-07
2.23551E-07 -3.07670E-08
2.23705E-07 2.45696E-07
2.23859E-07 3.12258E-07
2.24013E-07 1.12638E-07
2.24167E-07 -1.82544E-07
2.24321E-07 -3.21593E-07
2.24475E-07 -1.86357E-07
2.24629E-07 1.07384E-07
2.24783E-07 3.09036E-07
2.24937E-07 2.46972E-07
2.25091E-07 -2.53927E-08
2.25245E-07 -2.75572E-07
2.25400E-07 -2.90450E-07
2.25554E-07 -5.78243E-08
2.25708E-07 2.23603E-07
2.25862E-07 3.13946E-07
2.26016E-07 1.36612E-07
2.26170E-07 -1.56767E-07
2.26324E-07 -3.15986E-07
2.26478E-07 -2.05651E-07
2.26632E-07 7.96913E-08
2.26786E-07 2.96564E-07
2.26940E-07 2.60315E-07
2.27094E-07 2.33249E-09
2.27248E-07 -2.57127E-07
2.27402E-07 -2.96983E-07
2.27556E-07 -8.37089E-08
2.27711E-07 2.00472E-07
2.27865E-07 3.13275E-07
2.28019E-07 1.58920E-07
2.28173E-07 -1.30545E-07
2.28327E-07 -3.08208E-07
2.28481E-07 -2.22901E-07
2.28635E-07 5.21719E-08
2.28789E-07 2.82253E-07
2.28943E-07 2.71378E-07
2.29097E-07 2.92816E-08
2.29251E-07 -2.37296E-07
2.29405E-07 -3.01154E-07
2.29559E-07 -1.08271E-07
2.29713E-07 1.76498E-07
2.29867E-07 3.10321E-07
2.30022E-07 1.79454E-07
2.30176E-07 -1.04078E-07
2.30330E-07 -2.98377E-07
2.30484E-07 -2.38046E-07
2.30638E-07 2.50167E-08
2.30792E-07 2.66258E-07
2.30946E-07 2.80149E-07
2.31100E-07 5.52859E-08
2.31254E-07 -2.16260E-07
2.31408E-07 -3.03002E-07
2.31562E-07 -1.31376E-07
2.31716E-07 1.51878E-07
2.31870E-07 3.05170E-07
2.32024E-07 1.98117E-07
2.32178E-07 -7.75614E-08
2.32333E-07 -2.86623E-07
2.32487E-07 -2.51039E-07
2.32641E-07 -1.59214E-09
2.32795E-07 2.48741E-07
2.32949E-07 2.86632E-07
2.33103E-07 8.01878E-08
2.33257E-07 -1.94204E-07
2.33411E-07 -3.02582E-07
2.33565E-07 -1.52900E-07
2.33719E-07 1.26803E-07
2.33873E-07 2.97923E-07
2.34027E-07 2.14833E-07
2.34181E-07 -5.11841E-08
2.34335E-07 -2.73086E-07
2.34489E-07 -2.61849E-07
2.34644E-07 -2.74811E-08
2.34798E-07 2.29872E-07
2.34952E-07 2.90846E-07
2.35106E-07 1.03842E-07
2.35260E-07 -1.71313E-07
2.35414E-07 -2.99962E-07
2.35568E-07 -1.72737E-07
2.35722E-07 1.01467E-07
2.35876E-07 2.88691E-07
2.36030E-07 2.29537E-07
2.36184E-07 -2.51299E-08
2.36338E-07 -2.57913E-07
2.36492E-07 -2.70462E-07
2.36646E-07 -5.24869E-08
2.36800E-07 2.09822E-07
2.36955E-07 2.92828E-07
2.37109E-07 1.26117E-07
2.37263E-07 -1.47775E-07
2.37417E-07 -2.95223E-07
2.37571E-07 -1.90793E-07
2.37725E-07 7.60548E-08
2.37879E-07 2.77597E-07
2.38033E-07 2.42183E-07
2.38187E-07 4.25100E-10
2.38341E-07 -2.41257E-07
2.38495E-07 -2.76880E-07
2.38649E-07 -7.64568E-08
2.38803E-07 1.88767E-07
2.38957E-07 2.92626E-07
2.39111E-07 1.46892E-07
2.39266E-07 -1.23774E-07
2.39420E-07 -2.88459E-07
2.39574E-07 -2.06991E-07
2.39728E-07 5.07507E-08
2.39882E-07 2.64772E-07
2.40036E-07 2.52739E-07
2.40190E-07 2.53134E-08
2.40344E-07 -2.23278E-07
2.40498E-07 -2.81118E-07
2.40652E-07 -9.92495E-08
2.40806E-07 1.66885E-07
2.40960E-07 2.90301E-07
2.41114E-07 1.66062E-07
2.41268E-07 -9.94949E-08
2.41422E-07 -2.79773E-07
2.41577E-07 -2.21266E-07
2.41731E-07 2.57310E-08
2.41885E-07 2.50354E-07
2.42039E-07 2.61187E-07
2.42193E-07 4.93767E-08
2.42347E-07 -2.04141E-07
2.42501E-07 -2.83205E-07
2.42655E-07 -1.20736E-07
2.42809E-07 1.44355E-07
2.42963E-07 2.85930E-07
2.43117E-07 1.83535E-07
2.43271E-07 -7.51166E-08
2.43425E-07 -2.69280E-07
2.43579E-07 -2.33571E-07
2.43733E-07 1.16555E-09
2.43888E-07 2.34490E-07
2.44042E-07 2.67525E-07
2.44196E-07 7.24668E-08
2.44350E-07 -1.84014E-07
2.44504E-07 -2.83187E-07
2.44658E-07 -1.40798E-07
2.44812E-07 1.21353E-07
2.44966E-07 2.79598E-07
2.45120E-07 1.99233E-07
2.45274E-07 -5.08152E-08
2.45428E-07 -2.57105E-07
2.45582E-07 -2.43871E-07
2.45736E-07 -2.27836E-08
2.45890E-07 2.17332E-07
2.46044E-07 2.71766E-07
2.46199E-07 9.44460E-08
2.46353E-07 -1.63066E-07
2.46507E-07 -2.81121E-07
2.46661E-07 -1.59334E-07
2.46815E-07 9.80567E-08
2.46969E-07 2.71405E-07
2.47123E-07 2.13093E-07
2.47277E-07 -2.67612E-08
2.47431E-07 -2.43378E-07
2.47585E-07 -2.52148E-07
2.47739E-07 -4.59629E-08
2.47893E-07 1.99036E-07
2.48047E-07 2.73935E-07
2.48201E-07 1.15188E-07
2.48355E-07 -1.41468E-07
2.48510E-07 -2.77075E-07
2.48664E-07 -1.76251E-07
2.48818E-07 7.46385E-08
2.48972E-07 2.61457E-07
2.49126E-07 2.25065E-07
2.49280E-07 -3.11885E-09
2.49434E-07 -2.28239E-07
2.49588E-07 -2.58396E-07
2.49742E-07 -6.82285E-08
2.49896E-07 1.79763E-07
2.50050E-07 2.74073E-07
2.50204E-07 1.34579E-07
2.50358E-07 -1.19390E-07
2.50512E-07 -2.71132E-07
2.50666E-07 -1.91473E-07
2.50821E-07 5.12681E-08
2.50975E-07 2.49873E-07
2.51129E-07 2.35115E-07
2.51283E-07 1.99550E-08
2.51437E-07 -2.11833E-07
2.51591E-07 -2.62626E-07
2.51745E-07 -8.94463E-08
2.51899E-07 1.59675E-07
2.52053E-07 2.72232E-07
2.52207E-07 1.52517E-07
2.52361E-07 -9.70026E-08
2.52515E-07 -2.63383E-07
2.52669E-07 -2.04937E-07
2.52823E-07 2.81100E-08
2.52977E-07 2.36777E-07
2.53132E-07 2.43222E-07
2.53286E-07 4.23115E-08
2.53440E-07 -1.94309E-07
2.53594E-07 -2.64859E-07
2.53748E-07 -1.09493E-07
2.53902E-07 1.38936E-07
2.54056E-07 2.68477E-07
2.54210E-07 1.68911E-07
2.54364E-07 -7.44717E-08
2.54518E-07 -2.53931E-07
2.54672E-07 -2.16592E-07
2.54826E-07 5.32314E-09
2.54980E-07 2.22301E-07
2.55134E-07 2.49377E-07
2.55288E-07 6.38106E-08
2.55443E-07 -1.75820E-07
2.55597E-07 -2.65132E-07
2.55751E-07 -1.28257E-07
2.55905E-07 1.17710E-07
2.56059E-07 2.62884E-07
2.56213E-07 1.83687E-07
2.56367E-07 -5.19611E-08
2.56521E-07 -2.42885E-07
2.56675E-07 -2.26403E-07
2.56829E-07 -1.69404E-08
2.56983E-07 2.06584E-07
2.57137E-07 2.53588E-07
2.57291E-07 8.43217E-08
2.57445E-07 -1.56522E-07
2.57599E-07 -2.63492E-07
2.57754E-07 -1.45638E-07
2.57908E-07 9.61590E-08
2.58062E-07 2.55539E-07
2.58216E-07 1.96779E-07
2.58370E-07 -2.96298E-08
2.58524E-07 -2.30365E-07
2.58678E-07 -2.34345E-07
2.58832E-07 -3.85362E-08
2.58986E-07 1.89767E-07
2.59140E-07 2.55874E-07
2.59294E-07 1.03724E-07
2.59448E-07 -1.36573E-07
2.59602E-07 -2.59999E-07
2.59756E-07 -1.61547E-07
2.59910E-07 7.44451E-08
2.60065E-07 2.46538E-07
2.60219E-07 2.08138E-07
2.60373E-07 -7.63154E-09
2.60527E-07 -2.16497E-07
2.60681E-07 -2.40411E-07
2.60835E-07 -5.93281E-08
2.60989E-07 1.71999E-07
2.61143E-07 2.56267E-07
2.61297E-07 1.21909E-07
2.61451E-07 -1.16129E-07
2.61605E-07 -2.54725E-07
2.61759E-07 -1.75909E-07
2.61913E-07 5.27255E-08
2.62067E-07 2.35986E-07
2.62221E-07 2.17726E-07
2.62376E-07 1.38863E-08
2.62530E-07 -2.01412E-07
2.62684E-07 -2.44604E-07
2.62838E-07 -7.91888E-08
2.62992E-07 1.53427E-07
2.63146E-07 2.54812E-07
2.63300E-07 1.38778E-07
2.63454E-07 -9.53481E-08
2.63608E-07 -2.47751E-07
2.63762E-07 -1.88660E-07
2.63916E-07 3.11542E-08
2.64070E-07 2.23997E-07
2.64224E-07 2.25520E-07
2.64378E-07 3.47834E-08
2.64532E-07 -1.85247E-07
2.64687E-07 -2.46941E-07
2.64841E-07 -9.80007E-08
2.64995E-07 1.34204E-07
2.65149E-07 2.51563E-07
2.65303E-07 1.54243E-07
2.65457E-07 -7.43852E-08
2.65611E-07 -2.39168E-07
2.65765E-07 -1.99749E-07
2.65919E-07 9.88008E-09
2.66073E-07 2.10690E-07
2.66227E-07 2.31507E-07
2.66381E-07 5.49270E-08
2.66535E-07 -1.68143E-07
2.66689E-07 -2.47449E-07
2.66843E-07 -1.15656E-07
2.66998E-07 1.14481E-07
2.67152E-07 2.46587E-07
2.67306E-07 1.68229E-07
2.67460E-07 -5.33929E-08
2.67614E-07 -2.29075E-07
2.67768E-07 -2.09139E-07
2.67922E-07 -1.09538E-08
2.68076E-07 1.96191E-07
2.68230E-07 2.35690E-07
2.68384E-07 7.41930E-08
2.68538E-07 -1.50243E-07
2.68692E-07 -2.46170E-07
2.68846E-07 -1.32059E-07
2.69000E-07 9.44100E-08
2.69154E-07 2.39962E-07
2.69309E-07 1.80673E-07
2.69463E-07 -3.25201E-08
2.69617E-07 -2.17581E-07
2.69771E-07 -2.16804E-07
2.69925E-07 -3.12107E-08
2.70079E-07 1.80631E-07
2.70233E-07 2.38082E-07
2.70387E-07 9.24664E-08
2.70541E-07 -1.31692E-07
2.70695E-07 -2.43155E-07
2.70849E-07 -1.47123E-07
2.71003E-07 7.41399E-08
2.71157E-07 2.31773E-07
2.71311E-07 1.91524E-07
2.71465E-07 -1.19115E-08
2.71620E-07 -2.04799E-07
2.71774E-07 -2.22731E-07
2.71928E-07 -5.07614E-08
2.72082E-07 1.64145E-07
2.72236E-07 2.38709E-07
2.72390E-07 1.09642E-07
2.72544E-07 -1.12637E-07
2.72698E-07 -2.38467E-07
2.72852E-07 -1.60772E-07
2.73006E-07 5.38188E-08
2.73160E-07 2.22114E-07
2.73314E-07 2.00743E-07
2.73468E-07 8.29404E-09
2.73622E-07 -1.90849E-07
2.73776E-07 -2.26918E-07
2.73931E-07 -6.94848E-08
2.74085E-07 1.46871E-07
2.74239E-07 2.37607E-07
2.74393E-07 1.25623E-07
2.74547E-07 -9.32242E-08
2.74701E-07 -2.32177E-07
2.74855E-07 -1.72945E-07
2.75009E-07 3.35911E-08
2.75163E-07 2.11089E-07
2.75317E-07 2.08303E-07
2.75471E-07 2.79635E-08
2.75625E-07 -1.75858E-07
2.75779E-07 -2.29377E-07
2.75933E-07 -8.72681E-08
2.76087E-07 1.28948E-07
2.76242E-07 2.34824E-07
2.76396E-07 1.40327E-07
2.76550E-07 -7.35978E-08
2.76704E-07 -2.24367E-07
2.76858E-07 -1.83590E-07
2.77012E-07 1.35970E-08
2.77166E-07 1.98805E-07
2.77320E-07 2.14189E-07
2.77474E-07 4.69710E-08
2.77628E-07 -1.59955E-07
2.77782E-07 -2.30130E-07
2.77936E-07 -1.04008E-07
2.78090E-07 1.10519E-07
2.78244E-07 2.30418E-07
2.78398E-07 1.53679E-07
2.78553E-07 -5.39011E-08
2.78707E-07 -2.15127E-07
2.78861E-07 -1.92667E-07
2.79015E-07 -6.02835E-09
2.79169E-07 1.85380E-07
2.79323E-07 2.18399E-07
2.79477E-07 6.51979E-08
2.79631E-07 -1.43272E-07
2.79785E-07 -2.29211E-07
2.79939E-07 -1.19611E-07
2.80093E-07 9.17230E-08
2.80247E-07 2.24459E-07
2.80401E-07 1.65615E-07
2.80555E-07 -3.42740E-08
2.80709E-07 -2.04554E-07
2.80864E-07 -2.00147E-07
2.81018E-07 -2.51555E-08
2.81172E-07 1.70931E-07
2.81326E-07 2.20939E-07
2.81480E-07 8.25341E-08
2.81634E-07 -1.25944E-07
2.81788E-07 -2.26664E-07
2.81942E-07 -1.33993E-07
2.82096E-07 7.27014E-08
2.82250E-07 2.17022E-07
2.82404E-07 1.76084E-07
2.82558E-07 -1.48528E-08
2.82712E-07 -1.92753E-07
2.82866E-07 -2.06016E-07
2.83020E-07 -4.36613E-08
2.83175E-07 1.55586E-07
2.83329E-07 2.21832E-07
2.83483E-07 9.88780E-08
2.83637E-07 -1.08108E-07
2.83791E-07 -2.22545E-07
2.83945E-07 -1.47080E-07
2.84099E-07 5.35925E-08
2.84253E-07 2.08193E-07
2.84407E-07 1.85046E-07
2.84561E-07 4.23094E-09
2.84715E-07 -1.79835E-07
2.84869E-07 -2.10266E-07
2.85023E-07 -6.14301E-08
2.85177E-07 1.39470E-07
2.85331E-07 2.21107E-07
2.85486E-07 1.14137E-07
2.85640E-07 -8.98996E-08
2.85794E-07 -2.16916E-07
2.85948E-07 -1.58810E-07
2.86102E-07 3.45323E-08
2.86256E-07 1.98065E-07
2.86410E-07 1.92472E-07
2.86564E-07 2.28509E-08
2.86718E-07 -1.65913E-07
2.86872E-07 -2.12906E-07
2.87026E-07 -7.83535E-08
2.87180E-07 1.22714E-07
2.87334E-07 2.18804E-07
2.87488E-07 1.28229E-07
2.87642E-07 -7.14549E-08
2.87797E-07 -2.09851E-07
2.87951E-07 -1.69131E-07
2.88105E-07 1.56531E-08
2.88259E-07 1.86738E-07
2.88413E-07 1.98343E-07
2.88567E-07 4.08870E-08
2.88721E-07 -1.51109E-07
2.88875E-07 -2.13951E-07
2.89029E-07 -9.43320E-08
2.89183E-07 1.05449E-07
2.89337E-07 2.14976E-07
2.89491E-07 1.41080E-07
2.89645E-07 -5.29082E-08
2.89799E-07 -2.01432E-07
2.89953E-07 -1.78002E-07
2.90108E-07 -2.91706E-09
2.90262E-07 1.74317E-07
2.90416E-07 2.02652E-07
2.90570E-07 5.82260E-08
2.90724E-07 -1.35545E-07
2.90878E-07 -2.13430E-07
2.91032E-07 -1.09274E-07
2.91186E-07 8.78083E-08
2.91340E-07 2.09682E-07
2.91494E-07 1.52628E-07
2.91648E-07 -3.43912E-08
2.91802E-07 -1.91745E-07
2.91956E-07 -1.85391E-07
2.92110E-07 -2.10550E-08
2.92264E-07 1.60913E-07
2.92419E-07 2.05404E-07
2.92573E-07 7.47618E-08
2.92727E-07 -1.19346E-07
2.92881E-07 -2.11380E-07
2.93035E-07 -1.23099E-07
2.93189E-07 6.99218E-08
2.93343E-07 2.02992E-07
2.93497E-07 1.62820E-07
2.93651E-07 -1.60327E-08
2.93805E-07 -1.80888E-07
2.93959E-07 -1.91281E-07
2.94113E-07 -3.86436E-08
2.94267E-07 1.46641E-07
2.94421E-07 2.06612E-07
2.94575E-07 9.03965E-08
2.94730E-07 -1.02640E-07
2.94884E-07 -2.07848E-07
2.95038E-07 -1.35734E-07
2.95192E-07 5.19203E-08
2.95346E-07 1.94981E-07
2.95500E-07 1.71616E-07
2.95654E-07 2.04245E-09
2.95808E-07 -1.68960E-07
2.95962E-07 -1.95661E-07
2.96116E-07 -5.55719E-08
2.96270E-07 1.31620E-07
2.96424E-07 2.06304E-07
2.96578E-07 1.05040E-07
2.96732E-07 -8.55533E-08
2.96886E-07 -2.02893E-07
2.97041E-07 -1.47115E-07
2.97195E-07 3.39318E-08
2.97349E-07 1.85735E-07
2.97503E-07 1.78983E-07
2.97657E-07 1.97143E-08
2.97811E-07 -1.56068E-07
2.97965E-07 -1.98535E-07
2.98119E-07 -7.17359E-08
2.98273E-07 1.15969E-07
2.98427E-07 2.04512E-07
2.98581E-07 1.18613E-07
2.98735E-07 -6.82141E-08
2.98889E-07 -1.96578E-07
2.99043E-07 -1.57192E-07
2.99197E-07 1.60817E-08
2.99352E-07 1.75345E-07
2.99506E-07 1.84901E-07
2.99660E-07 3.68682E-08
2.99814E-07 -1.42323E-07
2.99968E-07 -1.99914E-07
3.00122E-07 -8.70392E-08
3.00276E-07 9.98134E-08
3.00430E-07 2.01281E-07
3.00584E-07 1.31042E-07
3.00738E-07 -5.07486E-08
3.00892E-07 -1.88977E-07
3.01046E-07 -1.65922E-07
3.01200E-07 -1.50848E-09
3.01354E-07 1.63908E-07
3.01508E-07 1.89359E-07
3.01663E-07 5.33955E-08
3.01817E-07 -1.27839E-07
3.01971E-07 -1.99821E-07
3.02125E-07 -1.01393E-07
3.02279E-07 8.32749E-08
3.02433E-07 1.96664E-07
3.02587E-07 1.42265E-07
3.02741E-07 -3.32812E-08
3.02895E-07 -1.80170E-07
3.03049E-07 -1.73271E-07
3.03203E-07 -1.87217E-08
3.03357E-07 1.51525E-07
3.03511E-07 1.92358E-07
3.03665E-07 6.91944E-08
3.03819E-07 -1.12733E-07
3.03974E-07 -1.98288E-07
3.04128E-07 -1.14719E-07
3.04282E-07 6.64772E-08
3.04436E-07 1.90723E-07
3.04590E-07 1.52229E-07
3.04744E-07 -1.59337E-08
3.04898E-07 -1.70244E-07
3.05052E-07 -1.79219E-07
3.05206E-07 -3.54459E-08
3.05360E-07 1.38303E-07
3.05514E-07 1.93907E-07
3.05668E-07 8.41701E-08
3.05822E-07 -9.71223E-08
3.05976E-07 -1.95355E-07
3.06130E-07 -1.26944E-07
3.06285E-07 4.95429E-08
3.06439E-07 1.83528E-07
3.06593E-07 1.60893E-07
3.06747E-07 1.17550E-09
3.06901E-07 -1.59292E-07
3.07055E-07 -1.83753E-07
3.07209E-07 -5.15749E-08
3.07363E-07 1.24351E-07
3.07517E-07 1.94026E-07
3.07671E-07 9.82356E-08
3.07825E-07 -8.11270E-08
3.07979E-07 -1.91072E-07
