0.00000E+00 0.00000E+00
1.54067E-10 0.00000E+00
3.08133E-10 0.00000E+00
4.62200E-10 0.00000E+00
6.16267E-10 0.00000E+00
7.70333E-10 0.00000E+00
9.24400E-10 0.00000E+00
1.07847E-09 0.00000E+00
1.23253E-09 0.00000E+00
1.38660E-09 0.00000E+00
1.54067E-09 0.00000E+00
1.69473E-09 0.00000E+00
1.84880E-09 0.00000E+00
2.00287E-09 0.00000E+00
2.15693E-09 0.00000E+00
2.31100E-09 0.00000E+00
2.46507E-09 0.00000E+00
2.61913E-09 0.00000E+00
2.77320E-09 0.00000E+00
2.92727E-09 0.00000E+00
3.08133E-09 0.00000E+00
3.23540E-09 0.00000E+00
3.38947E-09 0.00000E+00
3.54353E-09 0.00000E+00
3.69760E-09 0.00000E+00
3.85167E-09 0.00000E+00
4.00573E-09 0.00000E+00
4.15980E-09 0.00000E+00
4.31387E-09 0.00000E+00
4.46793E-09 0.00000E+00
4.62200E-09 0.00000E+00
4.77607E-09 0.00000E+00
4.93013E-09 0.00000E+00
5.08420E-09 0.00000E+00
5.23827E-09 0.00000E+00
5.39233E-09 5.30880E-57
5.54640E-09 3.47011E-55
5.70047E-09 1.16629E-53
5.85453E-09 2.69729E-52
6.00860E-09 4.84916E-51
6.16267E-09 7.26101E-50
6.31673E-09 9.47523E-49
6.47080E-09 1.11282E-47
6.62487E-09 1.20448E-46
6.77893E-09 1.22262E-45
6.93300E-09 1.17857E-44
7.08707E-09 1.08831E-43
7.24113E-09 9.68179E-43
7.39520E-09 8.32724E-42
7.54927E-09 6.93927E-41
7.70333E-09 5.60964E-40
7.85740E-09 4.40235E-39
8.01147E-09 3.35556E-38
8.16553E-09 2.48494E-37
8.31960E-09 1.78834E-36
8.47367E-09 1.25101E-35
8.62773E-09 8.50839E-35
8.78180E-09 5.62723E-34
8.93587E-09 3.61987E-33
9.08993E-09 2.26533E-32
9.24400E-09 1.37943E-31
9.39807E-09 8.17506E-31
9.55213E-09 4.71620E-30
9.70620E-09 2.64909E-29
9.86027E-09 1.44908E-28
1.00143E-08 7.72100E-28
1.01684E-08 4.00803E-27
1.03225E-08 2.02747E-26
1.04765E-08 9.99627E-26
1.06306E-08 4.80476E-25
1.07847E-08 2.25189E-24
1.09387E-08 1.02933E-23
1.10928E-08 4.58971E-23
1.12469E-08 1.99678E-22
1.14009E-08 8.47768E-22
1.15550E-08 3.51332E-21
1.17091E-08 1.42148E-20
1.18631E-08 5.61606E-20
1.20172E-08 2.16711E-19
1.21713E-08 8.16908E-19
1.23253E-08 3.00881E-18
1.24794E-08 1.08300E-17
1.26335E-08 3.81033E-17
1.27875E-08 1.31061E-16
1.29416E-08 4.40807E-16
1.30957E-08 1.44998E-15
1.32497E-08 4.66549E-15
1.34038E-08 1.46868E-14
1.35579E-08 4.52409E-14
1.37119E-08 1.36389E-13
1.38660E-08 4.02485E-13
1.40201E-08 1.16281E-12
1.41741E-08 3.28947E-12
1.43282E-08 9.11314E-12
1.44823E-08 2.47287E-11
1.46363E-08 6.57337E-11
1.47904E-08 1.71194E-10
1.49445E-08 4.36882E-10
1.50985E-08 1.09262E-09
1.52526E-08 2.67827E-09
1.54067E-08 6.43539E-09
1.55607E-08 1.51593E-08
1.57148E-08 3.50116E-08
1.58689E-08 7.92899E-08
1.60229E-08 1.76091E-07
1.61770E-08 3.83535E-07
1.63311E-08 8.19325E-07
1.64851E-08 1.71681E-06
1.66392E-08 3.52882E-06
1.67933E-08 7.11545E-06
1.69473E-08 1.40753E-05
1.71014E-08 2.73159E-05
1.72555E-08 5.20094E-05
1.74095E-08 9.71553E-05
1.75636E-08 1.78061E-04
1.77177E-08 3.20176E-04
1.78717E-08 5.64827E-04
1.80258E-08 9.77540E-04
1.81799E-08 1.65968E-03
1.83339E-08 2.76414E-03
1.84880E-08 4.51548E-03
1.86421E-08 7.23461E-03
1.87961E-08 1.13669E-02
1.89502E-08 1.75115E-02
1.91043E-08 2.64479E-02
1.92583E-08 3.91528E-02
1.94124E-08 5.67993E-02
1.95665E-08 8.07282E-02
1.97205E-08 1.12379E-01
1.98746E-08 1.53174E-01
2.00287E-08 2.04343E-01
2.01827E-08 2.66704E-01
2.03368E-08 3.40397E-01
2.04909E-08 4.24608E-01
2.06449E-08 5.17326E-01
2.07990E-08 6.15174E-01
2.09531E-08 7.13384E-01
2.11071E-08 8.05965E-01
2.12612E-08 8.86087E-01
2.14153E-08 9.46699E-01
2.15693E-08 9.81326E-01
2.17234E-08 9.84959E-01
2.18775E-08 9.54905E-01
2.20315E-08 8.91443E-01
2.21856E-08 7.98131E-01
2.23397E-08 6.81651E-01
2.24937E-08 5.51159E-01
2.26478E-08 4.17189E-01
2.28019E-08 2.90271E-01
2.29559E-08 1.79493E-01
2.31100E-08 9.12726E-02
2.32641E-08 2.85953E-02
2.34181E-08 -9.14370E-03
2.35722E-08 -2.56448E-02
2.37263E-08 -2.66841E-02
2.38803E-08 -1.87999E-02
2.40344E-08 -7.98917E-03
2.41885E-08 1.29834E-03
2.43425E-08 6.66785E-03
2.44966E-08 7.72945E-03
2.46507E-08 5.58111E-03
2.48047E-08 2.03226E-03
2.49588E-08 -1.17665E-03
2.51129E-08 -2.93559E-03
2.52669E-08 -2.98232E-03
2.54210E-08 -1.77762E-03
2.55751E-08 -1.51653E-04
2.57291E-08 1.10637E-03
2.58832E-08 1.55251E-03
2.60373E-08 1.19103E-03
2.61913E-08 3.73808E-04
2.63454E-08 -4.24875E-04
2.64995E-08 -8.41541E-04
2.66535E-08 -7.63745E-04
2.68076E-08 -3.32197E-04
2.69617E-08 1.72723E-04
2.71157E-08 4.89221E-04
2.72698E-08 4.96410E-04
2.74239E-08 2.48574E-04
2.75779E-08 -8.15441E-05
2.77320E-08 -3.09069E-04
2.78861E-08 -3.32961E-04
2.80401E-08 -1.74846E-04
2.81942E-08 5.10960E-05
2.83483E-08 2.12215E-04
2.85023E-08 2.30857E-04
2.86564E-08 1.18402E-04
2.88105E-08 -4.33129E-05
2.89645E-08 -1.56592E-04
2.91186E-08 -1.64267E-04
2.92727E-08 -7.65118E-05
2.94267E-08 4.34258E-05
2.95808E-08 1.21876E-04
2.97349E-08 1.18398E-04
2.98889E-08 4.53192E-05
3.00430E-08 -4.55626E-05
3.01971E-08 -9.79402E-05
3.03511E-08 -8.49004E-05
3.05052E-08 -2.18282E-05
3.06593E-08 4.73191E-05
3.08133E-08 7.95836E-05
3.09674E-08 5.90823E-05
3.11215E-08 4.06018E-06
3.12755E-08 -4.76800E-05
3.14296E-08 -6.40930E-05
3.15837E-08 -3.83494E-05
3.17377E-08 9.18359E-06
3.18918E-08 4.62249E-05
3.20459E-08 5.00931E-05
3.21999E-08 2.13344E-05
3.23540E-08 -1.85880E-05
3.25081E-08 -4.28361E-05
3.26621E-08 -3.69842E-05
3.28162E-08 -7.39803E-06
3.29703E-08 2.45429E-05
3.31243E-08 3.76028E-05
3.32784E-08 2.46494E-05
3.34325E-08 -3.67770E-06
3.35865E-08 -2.73128E-05
3.37406E-08 -3.07957E-05
3.38947E-08 -1.32815E-05
3.40487E-08 1.18974E-05
3.42028E-08 2.71647E-05
3.43569E-08 2.28566E-05
3.45109E-08 3.25776E-06
3.46650E-08 -1.72075E-05
3.48191E-08 -2.44584E-05
3.49731E-08 -1.43769E-05
3.51272E-08 4.96970E-06
3.52813E-08 1.96168E-05
3.54353E-08 1.96995E-05
3.55894E-08 6.05225E-06
3.57435E-08 -1.09801E-05
3.58975E-08 -1.92863E-05
3.60516E-08 -1.35509E-05
3.62057E-08 1.38871E-06
3.63597E-08 1.44836E-05
3.65138E-08 1.65837E-05
3.66679E-08 6.80246E-06
3.68219E-08 -7.27592E-06
3.69760E-08 -1.54044E-05
3.71301E-08 -1.20948E-05
3.72841E-08 -3.00778E-07
3.74382E-08 1.10977E-05
3.75923E-08 1.39349E-05
3.77463E-08 6.58892E-06
3.79004E-08 -5.15057E-06
3.80545E-08 -1.25909E-05
3.82085E-08 -1.05461E-05
3.83626E-08 -9.37978E-07
3.85167E-08 8.90432E-06
3.86707E-08 1.18017E-05
3.88248E-08 5.94695E-06
3.89789E-08 -3.99810E-06
3.91329E-08 -1.05741E-05
3.92870E-08 -9.09904E-06
3.94411E-08 -9.93429E-07
3.95951E-08 7.50205E-06
3.97492E-08 1.01064E-05
3.99033E-08 5.13186E-06
4.00573E-08 -3.44148E-06
4.02114E-08 -9.11987E-06
4.03655E-08 -7.79992E-06
4.05195E-08 -7.28338E-07
4.06736E-08 6.61471E-06
4.08277E-08 8.74405E-06
4.09817E-08 4.25968E-06
4.11358E-08 -3.24713E-06
4.12899E-08 -8.04754E-06
4.14439E-08 -6.63654E-06
4.15980E-08 -2.88534E-07
4.17521E-08 6.05453E-06
4.19061E-08 7.61681E-06
4.20602E-08 3.37957E-06
4.22143E-08 -3.26787E-06
4.23683E-08 -7.22275E-06
4.25224E-08 -5.57830E-06
4.26765E-08 2.42196E-07
4.28305E-08 5.69245E-06
4.29846E-08 6.64415E-06
4.31387E-08 2.51082E-06
4.32927E-08 -3.40750E-06
4.34468E-08 -6.54681E-06
4.36009E-08 -4.59346E-06
4.37549E-08 8.12374E-07
4.39090E-08 5.43764E-06
4.40631E-08 5.76375E-06
4.42171E-08 1.66141E-06
4.43712E-08 -3.59956E-06
4.45253E-08 -5.94744E-06
4.46793E-08 -3.65639E-06
4.48334E-08 1.38649E-06
4.49875E-08 5.22430E-06
4.51415E-08 4.92985E-06
4.52956E-08 8.37343E-07
4.54497E-08 -3.79495E-06
4.56037E-08 -5.37208E-06
4.57578E-08 -2.75011E-06
4.59119E-08 1.93625E-06
4.60659E-08 5.00359E-06
4.62200E-08 4.11125E-06
4.63741E-08 4.70330E-08
4.65281E-08 -3.95518E-06
4.66822E-08 -4.78369E-06
4.68363E-08 -1.86713E-06
4.69903E-08 2.43619E-06
4.71444E-08 4.73922E-06
4.72985E-08 3.28968E-06
4.74525E-08 -6.96942E-07
4.76066E-08 -4.04891E-06
4.77607E-08 -4.15818E-06
4.79147E-08 -1.00909E-06
4.80688E-08 2.86199E-06
4.82229E-08 4.40518E-06
4.83769E-08 2.45848E-06
4.85310E-08 -1.37763E-06
4.86851E-08 -4.05078E-06
4.88391E-08 -3.48303E-06
4.89932E-08 -1.86090E-07
4.91473E-08 3.19036E-06
4.93013E-08 3.98494E-06
4.94554E-08 1.62160E-06
4.96095E-08 -1.97453E-06
4.97635E-08 -3.94147E-06
4.99176E-08 -2.75657E-06
5.00717E-08 5.84673E-07
5.02257E-08 3.40002E-06
5.03798E-08 3.47142E-06
5.05339E-08 7.92333E-07
5.06879E-08 -2.46518E-06
5.08420E-08 -3.70857E-06
5.09961E-08 -1.98730E-06
5.11501E-08 1.28060E-06
5.13042E-08 3.47332E-06
5.14583E-08 2.86723E-06
5.16123E-08 -8.10320E-09
5.17664E-08 -2.82728E-06
5.19205E-08 -3.34768E-06
5.20745E-08 -1.19310E-06
5.22286E-08 1.87595E-06
5.23827E-08 3.39823E-06
5.25367E-08 2.18472E-06
5.26908E-08 -7.52479E-07
5.28449E-08 -3.04118E-06
5.29989E-08 -2.86355E-06
5.31530E-08 -4.00032E-07
5.33071E-08 2.34444E-06
5.34611E-08 3.17027E-06
5.36152E-08 1.44573E-06
5.37693E-08 -1.40998E-06
5.39233E-08 -3.09246E-06
5.40774E-08 -2.27076E-06
5.42315E-08 3.59536E-07
5.43855E-08 2.66224E-06
5.45396E-08 2.79420E-06
5.46937E-08 6.80567E-07
5.48477E-08 -1.94911E-06
5.50018E-08 -2.97451E-06
5.51559E-08 -1.59374E-06
5.53099E-08 1.04941E-06
5.54640E-08 2.81101E-06
5.56181E-08 2.28517E-06
5.57721E-08 -7.37519E-08
5.59262E-08 -2.34094E-06
5.60803E-08 -2.69054E-06
5.62343E-08 -8.66021E-07
5.63884E-08 1.63266E-06
5.65425E-08 2.78074E-06
5.66965E-08 1.66896E-06
5.68506E-08 -7.76068E-07
5.70047E-08 -2.56247E-06
5.71587E-08 -2.25504E-06
5.73128E-08 -1.28435E-07
5.74669E-08 2.07513E-06
5.76209E-08 2.57216E-06
5.77750E-08 9.81287E-07
5.79291E-08 -1.38438E-06
5.80831E-08 -2.59981E-06
5.82372E-08 -1.69415E-06
5.83913E-08 5.73596E-07
5.85453E-08 2.34911E-06
5.86994E-08 2.19836E-06
5.88535E-08 2.65938E-07
5.90075E-08 -1.85963E-06
5.91616E-08 -2.45081E-06
5.93157E-08 -1.04495E-06
5.94697E-08 1.19361E-06
5.96238E-08 2.43678E-06
5.97779E-08 1.68521E-06
5.99319E-08 -4.28135E-07
6.00860E-08 -2.16972E-06
6.02401E-08 -2.12680E-06
6.03941E-08 -3.53518E-07
6.05482E-08 1.68822E-06
6.07023E-08 2.33312E-06
6.08563E-08 1.07066E-06
6.10104E-08 -1.05067E-06
6.11645E-08 -2.29320E-06
6.13185E-08 -1.65313E-06
6.14726E-08 3.28334E-07
6.16267E-08 2.02141E-06
6.17807E-08 2.04770E-06
6.19348E-08 4.02497E-07
6.20889E-08 -1.55457E-06
6.22429E-08 -2.22242E-06
6.23970E-08 -1.06828E-06
6.25511E-08 9.47172E-07
6.27051E-08 2.16862E-06
6.28592E-08 1.60532E-06
6.30133E-08 -2.65082E-07
6.31673E-08 -1.90054E-06
6.33214E-08 -1.96546E-06
6.34755E-08 -4.21465E-07
6.36295E-08 1.45281E-06
6.37836E-08 2.11999E-06
6.39377E-08 1.04490E-06
6.40917E-08 -8.76030E-07
6.42458E-08 -2.06145E-06
6.43999E-08 -1.54668E-06
6.45539E-08 2.31143E-07
6.47080E-08 1.80331E-06
6.48621E-08 1.88250E-06
6.50161E-08 4.16904E-07
6.51702E-08 -1.37766E-06
6.53243E-08 -2.02583E-06
6.54783E-08 -1.00553E-06
6.56324E-08 8.31340E-07
6.57865E-08 1.96960E-06
6.59405E-08 1.48037E-06
6.60946E-08 -2.20785E-07
6.62487E-08 -1.72601E-06
6.64027E-08 -1.79996E-06
6.65568E-08 -3.93697E-07
6.67109E-08 1.32449E-06
6.68649E-08 1.93917E-06
6.70190E-08 9.53752E-07
6.71731E-08 -8.08201E-07
6.73271E-08 -1.89072E-06
6.74812E-08 -1.40834E-06
6.76353E-08 2.29461E-07
6.77893E-08 1.66519E-06
6.79434E-08 1.71817E-06
6.80975E-08 3.55538E-07
6.82515E-08 -1.28924E-06
6.84056E-08 -1.85882E-06
6.85597E-08 -8.92047E-07
6.87137E-08 8.02533E-07
6.88678E-08 1.82242E-06
6.90219E-08 1.33175E-06
6.91759E-08 -2.53531E-07
6.93300E-08 -1.61767E-06
6.94841E-08 -1.63690E-06
6.96381E-08 -3.05250E-07
6.97922E-08 1.26842E-06
6.99463E-08 1.78339E-06
7.01003E-08 8.22184E-07
7.02544E-08 -8.10911E-07
7.04085E-08 -1.76239E-06
7.05625E-08 -1.25118E-06
7.07166E-08 2.90040E-07
7.08707E-08 1.58057E-06
7.10247E-08 1.55565E-06
7.11788E-08 2.45029E-07
7.13329E-08 -1.25893E-06
7.14869E-08 -1.71141E-06
7.16410E-08 -7.45423E-07
7.17951E-08 8.30422E-07
7.19491E-08 1.70844E-06
7.21032E-08 1.16692E-06
7.22573E-08 -3.36545E-07
7.24113E-08 -1.55128E-06
7.25654E-08 -1.47374E-06
7.27195E-08 -1.76628E-07
7.28735E-08 1.25808E-06
7.30276E-08 1.64140E-06
7.31817E-08 6.62694E-07
7.33357E-08 -8.58550E-07
7.34898E-08 -1.65855E-06
7.36439E-08 -1.07904E-06
7.37979E-08 3.90966E-07
7.39520E-08 1.52746E-06
7.41061E-08 1.39045E-06
7.42601E-08 1.01503E-07
7.44142E-08 -1.26345E-06
7.45683E-08 -1.57199E-06
7.47223E-08 -5.74728E-07
7.48764E-08 8.93078E-07
7.50305E-08 1.61082E-06
7.51845E-08 9.87508E-07
7.53386E-08 -4.51492E-07
7.54927E-08 -1.50696E-06
7.56467E-08 -1.30507E-06
7.58008E-08 -2.09118E-08
7.59549E-08 1.27287E-06
7.61089E-08 1.50187E-06
7.62630E-08 4.82144E-07
7.64171E-08 -9.32018E-07
7.65711E-08 -1.56356E-06
7.67252E-08 -8.92300E-07
7.68793E-08 5.16490E-07
7.70333E-08 1.48785E-06
7.71874E-08 1.21694E-06
7.73415E-08 -6.40000E-08
7.74955E-08 -1.28438E-06
7.76496E-08 -1.42988E-06
7.78037E-08 -3.85523E-07
7.79577E-08 9.73554E-07
7.81118E-08 1.51522E-06
7.82659E-08 7.93411E-07
7.84199E-08 -5.84452E-07
7.85740E-08 -1.46838E-06
7.87281E-08 -1.12552E-06
7.88821E-08 1.52147E-07
7.90362E-08 1.29618E-06
7.91903E-08 1.35502E-06
7.93443E-08 2.85457E-07
7.94984E-08 -1.01600E-06
7.96525E-08 -1.46444E-06
7.98065E-08 -6.90913E-07
7.99606E-08 6.53946E-07
8.01147E-08 1.44696E-06
8.02687E-08 1.03039E-06
8.04228E-08 -2.42460E-07
8.05769E-08 -1.30662E-06
8.07309E-08 -1.27641E-06
8.08850E-08 -1.82582E-07
8.10391E-08 1.05778E-06
8.11931E-08 1.41003E-06
8.13472E-08 5.84983E-07
8.15013E-08 -7.23593E-07
8.16553E-08 -1.42218E-06
8.18094E-08 -9.31261E-07
8.19635E-08 3.33861E-07
8.21175E-08 1.31419E-06
8.22716E-08 1.19338E-06
8.24257E-08 7.76056E-08
8.25797E-08 -1.09741E-06
8.27338E-08 -1.35096E-06
8.28879E-08 -4.75916E-07
8.30419E-08 7.92045E-07
8.31960E-08 1.39278E-06
8.33501E-08 8.28025E-07
8.35041E-08 -4.25242E-07
8.36582E-08 -1.31748E-06
8.38123E-08 -1.10542E-06
8.39663E-08 2.86817E-08
8.41204E-08 1.13347E-06
8.42745E-08 1.28640E-06
8.44285E-08 3.64141E-07
8.45826E-08 -8.57980E-07
8.47367E-08 -1.35765E-06
8.48907E-08 -7.20726E-07
8.50448E-08 5.15463E-07
8.51989E-08 1.31524E-06
8.53529E-08 1.01221E-06
8.55070E-08 -1.35398E-07
8.56611E-08 -1.16463E-06
8.58151E-08 -1.21568E-06
8.59692E-08 -2.50226E-07
8.61233E-08 9.20098E-07
8.62773E-08 1.31588E-06
8.64314E-08 6.09587E-07
8.65855E-08 -6.03347E-07
8.67395E-08 -1.30633E-06
8.68936E-08 -9.13625E-07
8.70477E-08 2.41569E-07
8.72017E-08 1.18964E-06
8.73558E-08 1.13836E-06
8.75099E-08 1.34878E-07
8.76639E-08 -9.77127E-07
8.78180E-08 -1.26671E-06
8.79721E-08 -4.95005E-07
8.81261E-08 6.87686E-07
8.82802E-08 1.28978E-06
8.84343E-08 8.09721E-07
8.85883E-08 -3.46135E-07
8.87424E-08 -1.20736E-06
8.88965E-08 -1.05415E-06
8.90505E-08 -1.89383E-08
8.92046E-08 1.02783E-06
8.93587E-08 1.20955E-06
8.95127E-08 3.77548E-07
8.96668E-08 -7.67255E-07
8.98209E-08 -1.26473E-06
8.99749E-08 -7.00760E-07
9.01290E-08 4.47959E-07
9.02831E-08 1.21674E-06
9.04371E-08 9.62998E-07
9.05912E-08 -9.66234E-08
9.07453E-08 -1.07104E-06
9.08993E-08 -1.14403E-06
9.10534E-08 -2.57952E-07
9.12075E-08 8.40823E-07
9.13615E-08 1.23050E-06
9.15156E-08 5.87196E-07
9.16697E-08 -5.45844E-07
9.18237E-08 -1.21686E-06
9.19778E-08 -8.65040E-07
9.21319E-08 2.10724E-07
9.22859E-08 1.10565E-06
9.24400E-08 1.06996E-06
9.25941E-08 1.37112E-07
9.27481E-08 -9.07175E-07
9.29022E-08 -1.18661E-06
9.30563E-08 -4.69669E-07
9.32103E-08 6.38548E-07
9.33644E-08 1.20692E-06
9.35185E-08 7.60618E-07
9.36725E-08 -3.22182E-07
9.38266E-08 -1.13063E-06
9.39807E-08 -9.87356E-07
9.41347E-08 -1.60660E-08
9.42888E-08 9.65131E-07
9.44429E-08 1.13273E-06
9.45969E-08 3.49003E-07
9.47510E-08 -7.24810E-07
9.49051E-08 -1.18631E-06
9.50591E-08 -6.50277E-07
9.52132E-08 4.29739E-07
9.53673E-08 1.14508E-06
9.55213E-08 8.96439E-07
9.56754E-08 -1.04019E-07
9.58295E-08 -1.01357E-06
9.59835E-08 -1.06875E-06
9.61376E-08 -2.26188E-07
9.62917E-08 8.03369E-07
9.64457E-08 1.15456E-06
9.65998E-08 5.34758E-07
9.67539E-08 -5.32081E-07
9.69079E-08 -1.14824E-06
9.70620E-08 -7.97647E-07
9.72161E-08 2.21869E-07
9.73701E-08 1.05147E-06
9.75242E-08 9.94752E-07
9.76783E-08 1.02370E-07
9.78323E-08 -8.72995E-07
9.79864E-08 -1.11142E-06
9.81405E-08 -4.14991E-07
9.82945E-08 6.27865E-07
9.84486E-08 1.13950E-06
9.86027E-08 6.91622E-07
9.87567E-08 -3.36121E-07
9.89108E-08 -1.07789E-06
9.90649E-08 -9.11047E-07
9.92189E-08 2.11727E-08
9.93730E-08 9.32516E-07
9.95271E-08 1.05680E-06
9.96811E-08 2.92082E-07
9.98352E-08 -7.15750E-07
9.99893E-08 -1.11841E-06
1.00143E-07 -5.79213E-07
1.00297E-07 4.45358E-07
1.00451E-07 1.09206E-06
1.00606E-07 8.18154E-07
1.00760E-07 -1.43045E-07
1.00914E-07 -9.80846E-07
1.01068E-07 -9.90876E-07
1.01222E-07 -1.67296E-07
1.01376E-07 7.94421E-07
1.01530E-07 1.08473E-06
1.01684E-07 4.61459E-07
1.01838E-07 -5.48131E-07
1.01992E-07 -1.09334E-06
1.02146E-07 -7.16808E-07
1.02300E-07 2.61766E-07
1.02454E-07 1.01701E-06
1.02608E-07 9.13999E-07
1.02762E-07 4.20381E-08
1.02917E-07 -8.62627E-07
1.03071E-07 -1.03843E-06
1.03225E-07 -3.39585E-07
1.03379E-07 6.42993E-07
1.03533E-07 1.08129E-06
1.03687E-07 6.07956E-07
1.03841E-07 -3.75797E-07
1.03995E-07 -1.04019E-06
1.04149E-07 -8.26766E-07
1.04303E-07 8.21725E-08
1.04457E-07 9.19207E-07
1.04611E-07 9.79695E-07
1.04765E-07 2.14975E-07
1.04919E-07 -7.28529E-07
1.05073E-07 -1.05568E-06
1.05228E-07 -4.92744E-07
1.05382E-07 4.83571E-07
1.05536E-07 1.04972E-06
1.05690E-07 7.29996E-07
1.05844E-07 -2.03729E-07
1.05998E-07 -9.63125E-07
1.06152E-07 -9.08949E-07
1.06306E-07 -8.91581E-08
1.06460E-07 8.03395E-07
1.06614E-07 1.01649E-06
1.06768E-07 3.72506E-07
1.06922E-07 -5.83527E-07
1.07076E-07 -1.04514E-06
1.07230E-07 -6.24723E-07
1.07384E-07 3.20967E-07
1.07539E-07 9.93500E-07
1.07693E-07 8.26842E-07
1.07847E-07 -3.62216E-08
1.08001E-07 -8.66346E-07
1.08155E-07 -9.63935E-07
1.08309E-07 -2.48743E-07
1.08463E-07 6.74145E-07
1.08617E-07 1.02620E-06
1.08771E-07 5.12190E-07
1.08925E-07 -4.32200E-07
1.09079E-07 -1.00963E-06
1.09233E-07 -7.34263E-07
1.09387E-07 1.59434E-07
1.09541E-07 9.16274E-07
1.09695E-07 8.98468E-07
1.09850E-07 1.23101E-07
1.10004E-07 -7.53982E-07
1.10158E-07 -9.92886E-07
1.10312E-07 -3.93834E-07
1.10466E-07 5.35755E-07
1.10620E-07 1.01102E-06
1.10774E-07 6.32325E-07
1.10928E-07 -2.78693E-07
1.11082E-07 -9.52235E-07
1.11236E-07 -8.20795E-07
1.11390E-07 2.65860E-09
1.11544E-07 8.21709E-07
1.11698E-07 9.45437E-07
1.11852E-07 2.71262E-07
1.12006E-07 -6.30006E-07
1.12161E-07 -9.97417E-07
1.12315E-07 -5.22360E-07
1.12469E-07 3.92199E-07
1.12623E-07 9.73482E-07
1.12777E-07 7.31866E-07
1.12931E-07 -1.26687E-07
1.13085E-07 -8.76142E-07
1.13239E-07 -8.84340E-07
1.13393E-07 -1.46229E-07
1.13547E-07 7.13415E-07
1.13701E-07 9.68799E-07
1.13855E-07 4.05896E-07
1.14009E-07 -4.98167E-07
1.14163E-07 -9.79493E-07
1.14317E-07 -6.32865E-07
1.14472E-07 2.47087E-07
1.14626E-07 9.16278E-07
1.14780E-07 8.10342E-07
1.14934E-07 2.06077E-08
1.15088E-07 -7.84570E-07
1.15242E-07 -9.25415E-07
1.15396E-07 -2.84640E-07
1.15550E-07 5.94875E-07
1.15704E-07 9.69987E-07
1.15858E-07 5.25204E-07
1.16012E-07 -3.61949E-07
1.16166E-07 -9.41327E-07
1.16320E-07 -7.24447E-07
1.16474E-07 1.03647E-07
1.16628E-07 8.42218E-07
1.16783E-07 8.67783E-07
1.16937E-07 1.60447E-07
1.17091E-07 -6.80697E-07
1.17245E-07 -9.44950E-07
1.17399E-07 -4.10497E-07
1.17553E-07 4.69390E-07
1.17707E-07 9.50734E-07
1.17861E-07 6.27906E-07
1.18015E-07 -2.24532E-07
1.18169E-07 -8.85302E-07
1.18323E-07 -7.96691E-07
1.18477E-07 -3.52898E-08
1.18631E-07 7.54143E-07
1.18785E-07 9.04643E-07
1.18939E-07 2.90540E-07
1.19094E-07 -5.67597E-07
1.19248E-07 -9.44207E-07
1.19402E-07 -5.22203E-07
1.19556E-07 3.40040E-07
1.19710E-07 9.12991E-07
1.19864E-07 7.13194E-07
1.20018E-07 -8.87766E-08
1.20172E-07 -8.13900E-07
1.20326E-07 -8.49610E-07
1.20480E-07 -1.67281E-07
1.20634E-07 6.54864E-07
1.20788E-07 9.21732E-07
1.20942E-07 4.09032E-07
1.21096E-07 -4.48200E-07
1.21250E-07 -9.24708E-07
1.21405E-07 -6.18606E-07
1.21559E-07 2.09657E-07
1.21713E-07 8.58865E-07
1.21867E-07 7.80679E-07
1.22021E-07 4.27861E-08
1.22175E-07 -7.29638E-07
1.22329E-07 -8.83586E-07
1.22483E-07 -2.90273E-07
1.22637E-07 5.47117E-07
1.22791E-07 9.20151E-07
1.22945E-07 5.14478E-07
1.23099E-07 -3.25255E-07
1.23253E-07 -8.88174E-07
1.23407E-07 -6.98957E-07
1.23561E-07 8.08023E-08
1.23716E-07 7.90554E-07
1.23870E-07 8.30343E-07
1.24024E-07 1.67959E-07
1.24178E-07 -6.35019E-07
1.24332E-07 -8.99314E-07
1.24486E-07 -4.02582E-07
1.24640E-07 4.33520E-07
1.24794E-07 9.01236E-07
1.24948E-07 6.05816E-07
1.25102E-07 -2.01304E-07
1.25256E-07 -8.36470E-07
1.25410E-07 -7.62874E-07
1.25564E-07 -4.42386E-08
1.25718E-07 7.10299E-07
1.25872E-07 8.62495E-07
1.26027E-07 2.84873E-07
1.26181E-07 -5.32491E-07
1.26335E-07 -8.97748E-07
1.26489E-07 -5.02877E-07
1.26643E-07 3.16546E-07
1.26797E-07 8.66505E-07
1.26951E-07 6.82336E-07
1.27105E-07 -7.86642E-08
1.27259E-07 -7.71550E-07
1.27413E-07 -8.10301E-07
1.27567E-07 -1.63465E-07
1.27721E-07 6.20340E-07
1.27875E-07 8.77719E-07
1.28029E-07 3.91981E-07
1.28183E-07 -4.24410E-07
1.28338E-07 -8.80057E-07
1.28492E-07 -5.90163E-07
1.28646E-07 1.98494E-07
1.28800E-07 8.17607E-07
1.28954E-07 7.43650E-07
1.29108E-07 4.05825E-08
1.29262E-07 -6.95416E-07
1.29416E-07 -8.41473E-07
1.29570E-07 -2.75160E-07
1.29724E-07 5.22879E-07
1.29878E-07 8.76837E-07
1.30032E-07 4.88041E-07
1.30186E-07 -3.13014E-07
1.30340E-07 -8.47577E-07
1.30494E-07 -6.63752E-07
1.30649E-07 8.14790E-08
1.30803E-07 7.56286E-07
1.30957E-07 7.89660E-07
1.31111E-07 1.54597E-07
1.31265E-07 -6.10080E-07
1.31419E-07 -8.56873E-07
1.31573E-07 -3.77881E-07
1.31727E-07 4.20047E-07
1.31881E-07 8.60865E-07
1.32035E-07 5.72104E-07
1.32189E-07 -2.00399E-07
1.32343E-07 -8.01771E-07
1.32497E-07 -7.23243E-07
1.32651E-07 -3.25884E-08
1.32805E-07 6.84334E-07
1.32960E-07 8.20527E-07
1.33114E-07 2.61784E-07
1.33268E-07 -5.17533E-07
1.33422E-07 -8.57199E-07
1.33576E-07 -4.70457E-07
1.33730E-07 3.13884E-07
1.33884E-07 8.30979E-07
1.34038E-07 6.43495E-07
1.34192E-07 -8.85063E-08
1.34346E-07 -7.44192E-07
1.34500E-07 -7.68494E-07
1.34654E-07 -1.42003E-07
1.34808E-07 6.03568E-07
1.34962E-07 8.36641E-07
1.35116E-07 3.60790E-07
1.35271E-07 -4.19713E-07
1.35425E-07 -8.43333E-07
1.35579E-07 -5.51973E-07
1.35733E-07 2.06311E-07
1.35887E-07 7.88474E-07
1.36041E-07 7.01793E-07
1.36195E-07 2.08960E-08
1.36349E-07 -6.76454E-07
1.36503E-07 -7.99597E-07
1.36657E-07 -2.45271E-07
1.36811E-07 5.15790E-07
1.36965E-07 8.38590E-07
1.37119E-07 4.50496E-07
1.37273E-07 -3.18485E-07
1.37427E-07 -8.16304E-07
1.37582E-07 -6.21758E-07
1.37736E-07 9.91198E-08
1.37890E-07 7.34740E-07
1.38044E-07 7.46812E-07
1.38198E-07 1.26216E-07
1.38352E-07 -6.00196E-07
1.38506E-07 -8.16853E-07
1.38660E-07 -3.41110E-07
1.38814E-07 4.22774E-07
1.38968E-07 8.27130E-07
1.39122E-07 5.30014E-07
1.39276E-07 -2.15621E-07
1.39430E-07 -7.77259E-07
1.39584E-07 -6.79371E-07
1.39738E-07 -6.04245E-09
1.39893E-07 6.71226E-07
1.40047E-07 7.78581E-07
1.40201E-07 2.26046E-07
1.40355E-07 -5.17061E-07
1.40509E-07 -8.20749E-07
1.40663E-07 -4.28444E-07
1.40817E-07 3.26231E-07
1.40971E-07 8.03159E-07
1.41125E-07 5.98670E-07
1.41279E-07 -1.12785E-07
1.41433E-07 -7.27440E-07
1.41587E-07 -7.24581E-07
1.41741E-07 -1.07682E-07
1.41895E-07 5.99419E-07
1.42049E-07 7.97319E-07
1.42204E-07 3.19162E-07
1.42358E-07 -4.28671E-07
1.42512E-07 -8.11929E-07
1.42666E-07 -5.06404E-07
1.42820E-07 2.27802E-07
1.42974E-07 7.67694E-07
1.43128E-07 6.56002E-07
1.43282E-07 -1.15159E-08
1.43436E-07 -6.68151E-07
1.43590E-07 -7.57356E-07
1.43744E-07 -2.04462E-07
1.43898E-07 5.20816E-07
1.44052E-07 8.03417E-07
1.44206E-07 4.04525E-07
1.44360E-07 -3.36607E-07
1.44515E-07 -7.91174E-07
1.44669E-07 -5.74313E-07
1.44823E-07 1.29038E-07
1.44977E-07 7.21840E-07
1.45131E-07 7.01738E-07
1.45285E-07 8.67747E-08
1.45439E-07 -6.00742E-07
1.45593E-07 -7.77841E-07
1.45747E-07 -2.95211E-07
1.45901E-07 4.36908E-07
1.46055E-07 7.97420E-07
1.46209E-07 4.81278E-07
1.46363E-07 -2.42392E-07
1.46517E-07 -7.59377E-07
1.46671E-07 -6.31684E-07
1.46826E-07 3.13852E-08
1.46980E-07 6.66773E-07
1.47134E-07 7.35787E-07
1.47288E-07 1.80815E-07
1.47442E-07 -5.26580E-07
1.47596E-07 -7.86341E-07
1.47750E-07 -3.78919E-07
1.47904E-07 3.49156E-07
1.48058E-07 7.79998E-07
1.48212E-07 5.48739E-07
1.48366E-07 -1.47474E-07
1.48520E-07 -7.17524E-07
1.48674E-07 -6.78206E-07
1.48828E-07 -6.38199E-08
1.48982E-07 6.03717E-07
1.49137E-07 7.58225E-07
1.49291E-07 2.69476E-07
1.49445E-07 -4.47037E-07
1.49599E-07 -7.83305E-07
1.49753E-07 -4.54738E-07
1.49907E-07 2.58977E-07
1.50061E-07 7.51937E-07
1.50215E-07 6.06397E-07
1.50369E-07 -5.32199E-08
1.50523E-07 -6.66674E-07
1.50677E-07 -7.13736E-07
1.50831E-07 -1.55361E-07
1.50985E-07 5.33923E-07
1.51139E-07 7.69279E-07
1.51293E-07 3.51773E-07
1.51448E-07 -3.63466E-07
1.51602E-07 -7.69308E-07
1.51756E-07 -5.21980E-07
1.51910E-07 1.67733E-07
1.52064E-07 7.14112E-07
1.52218E-07 6.53905E-07
1.52372E-07 3.91020E-08
1.52526E-07 -6.07935E-07
1.52680E-07 -7.38284E-07
1.52834E-07 -2.42147E-07
1.52988E-07 4.58654E-07
1.53142E-07 7.69310E-07
1.53296E-07 4.26866E-07
1.53450E-07 -2.77191E-07
1.53604E-07 -7.45033E-07
1.53759E-07 -5.80113E-07
1.53913E-07 7.67118E-08
1.54067E-07 6.67472E-07
1.54221E-07 6.91070E-07
1.54375E-07 1.28325E-07
1.54529E-07 -5.42453E-07
1.54683E-07 -7.52003E-07
1.54837E-07 -3.23216E-07
1.54991E-07 3.79166E-07
1.55145E-07 7.58803E-07
1.55299E-07 4.94061E-07
1.55453E-07 -1.89489E-07
1.55607E-07 -7.11252E-07
1.55761E-07 -6.28754E-07
1.55915E-07 -1.28768E-08
1.56070E-07 6.13023E-07
1.56224E-07 7.17841E-07
1.56378E-07 2.13394E-07
1.56532E-07 -4.71391E-07
1.56686E-07 -7.55177E-07
1.56840E-07 -3.97735E-07
1.56994E-07 2.96695E-07
1.57148E-07 7.38347E-07
1.57302E-07 5.52804E-07
1.57456E-07 -1.01581E-07
1.57610E-07 -6.68817E-07
1.57764E-07 -6.67664E-07
1.57918E-07 -9.99125E-08
1.58072E-07 5.51812E-07
1.58226E-07 7.34306E-07
1.58381E-07 2.93364E-07
1.58535E-07 -3.95915E-07
1.58689E-07 -7.48205E-07
1.58843E-07 -4.65001E-07
1.58997E-07 2.12443E-07
1.59151E-07 7.08622E-07
1.59305E-07 6.02679E-07
1.59459E-07 -1.46211E-08
1.59613E-07 -6.18637E-07
1.59767E-07 -6.96737E-07
1.59921E-07 -1.83370E-07
1.60075E-07 4.84909E-07
1.60229E-07 7.40672E-07
1.60383E-07 3.67410E-07
1.60537E-07 -3.17181E-07
1.60692E-07 -7.31590E-07
1.60846E-07 -5.24443E-07
1.61000E-07 1.27568E-07
1.61154E-07 6.70387E-07
1.61308E-07 6.43405E-07
1.61462E-07 7.03125E-08
1.61616E-07 -5.61668E-07
1.61770E-07 -7.15996E-07
1.61924E-07 -2.62326E-07
1.62078E-07 4.13398E-07
1.62232E-07 7.37262E-07
1.62386E-07 4.34824E-07
1.62540E-07 -2.36320E-07
1.62694E-07 -7.05927E-07
1.62848E-07 -5.75615E-07
1.63003E-07 4.31725E-08
1.63157E-07 6.24462E-07
1.63311E-07 6.74824E-07
1.63465E-07 1.52225E-07
1.63619E-07 -4.98895E-07
1.63773E-07 -7.25582E-07
1.63927E-07 -3.35959E-07
1.64081E-07 3.38360E-07
1.64235E-07 7.24499E-07
1.64389E-07 4.95015E-07
1.64543E-07 -1.54432E-07
1.64697E-07 -6.71886E-07
1.64851E-07 -6.18194E-07
1.65005E-07 -3.97059E-08
1.65159E-07 5.71717E-07
1.65314E-07 6.96902E-07
1.65468E-07 2.30209E-07
1.65622E-07 -4.31323E-07
1.65776E-07 -7.25745E-07
1.65930E-07 -4.03556E-07
1.66084E-07 2.60860E-07
1.66238E-07 7.02895E-07
1.66392E-07 5.47510E-07
1.66546E-07 -7.25690E-08
1.66700E-07 -6.30206E-07
1.66854E-07 -6.51977E-07
1.67008E-07 -1.20100E-07
1.67162E-07 5.13058E-07
1.67316E-07 7.09716E-07
1.67470E-07 3.03451E-07
1.67625E-07 -3.59962E-07
1.67779E-07 -7.16832E-07
1.67933E-07 -4.64510E-07
1.68087E-07 1.81941E-07
1.68241E-07 6.73043E-07
1.68395E-07 5.91949E-07
1.68549E-07 8.26813E-09
1.68703E-07 -5.81675E-07
1.68857E-07 -6.76874E-07
1.69011E-07 -1.97121E-07
1.69165E-07 4.49415E-07
1.69319E-07 7.13446E-07
1.69473E-07 3.71233E-07
1.69627E-07 -2.85816E-07
1.69781E-07 -6.99281E-07
1.69936E-07 -5.18324E-07
1.70090E-07 1.02609E-07
1.70244E-07 6.35599E-07
1.70398E-07 6.28087E-07
1.70552E-07 8.71402E-08
1.70706E-07 -5.27125E-07
1.70860E-07 -6.92903E-07
1.71014E-07 -2.69961E-07
1.71168E-07 3.81732E-07
1.71322E-07 7.08372E-07
1.71476E-07 4.32934E-07
1.71630E-07 -2.09874E-07
1.71784E-07 -6.73606E-07
1.71938E-07 -5.64604E-07
1.72092E-07 2.38284E-08
1.72247E-07 5.91279E-07
1.72401E-07 6.55781E-07
1.72555E-07 1.63175E-07
1.72709E-07 -4.67416E-07
1.72863E-07 -7.00181E-07
1.73017E-07 -3.37900E-07
1.73171E-07 3.10954E-07
1.73325E-07 6.94858E-07
1.73479E-07 4.88035E-07
1.73633E-07 -1.33096E-07
1.73787E-07 -6.40393E-07
1.73941E-07 -6.03063E-07
1.74095E-07 -5.34892E-08
1.74249E-07 5.40842E-07
1.74403E-07 6.74995E-07
1.74558E-07 2.35574E-07
1.74712E-07 -4.03427E-07
1.74866E-07 -6.98922E-07
1.75020E-07 -4.00305E-07
1.75174E-07 2.38016E-07
1.75328E-07 6.73349E-07
1.75482E-07 5.36111E-07
1.75636E-07 -5.64116E-08
1.75790E-07 -6.00284E-07
1.75944E-07 -6.33514E-07
1.76098E-07 -1.28489E-07
1.76252E-07 4.85081E-07
1.76406E-07 6.85788E-07
1.76560E-07 3.03614E-07
1.76714E-07 -3.36045E-07
1.76869E-07 -6.89424E-07
1.77023E-07 -4.56635E-07
1.77177E-07 1.63837E-07
1.77331E-07 6.44359E-07
1.77485E-07 5.76837E-07
1.77639E-07 1.92951E-08
1.77793E-07 -5.53969E-07
1.77947E-07 -6.55866E-07
1.78101E-07 -2.00382E-07
1.78255E-07 4.24813E-07
1.78409E-07 6.88310E-07
1.78563E-07 3.66653E-07
1.78717E-07 -2.66157E-07
1.78871E-07 -6.72063E-07
1.79025E-07 -5.06439E-07
1.79180E-07 8.93088E-08
1.79334E-07 6.08462E-07
1.79488E-07 6.09982E-07
1.79642E-07 9.31882E-08
1.79796E-07 -5.02179E-07
1.79950E-07 -6.70125E-07
1.80104E-07 -2.68444E-07
1.80258E-07 3.60872E-07
1.80412E-07 6.82796E-07
1.80566E-07 4.24133E-07
1.80720E-07 -1.94638E-07
1.80874E-07 -6.47286E-07
1.81028E-07 -5.49357E-07
1.81182E-07 1.52899E-08
1.81336E-07 5.66283E-07
1.81491E-07 6.35411E-07
1.81645E-07 1.64487E-07
1.81799E-07 -4.45670E-07
1.81953E-07 -6.76382E-07
1.82107E-07 -3.32026E-07
1.82261E-07 2.94093E-07
1.82415E-07 6.69559E-07
1.82569E-07 4.75576E-07
1.82723E-07 -1.22346E-07
1.82877E-07 -6.15602E-07
1.83031E-07 -5.85119E-07
1.83185E-07 -5.74035E-08
1.83339E-07 5.18490E-07
1.83493E-07 6.53073E-07
1.83647E-07 2.32471E-07
1.83802E-07 -3.85221E-07
1.83956E-07 -6.74812E-07
1.84110E-07 -3.90554E-07
1.84264E-07 2.25311E-07
1.84418E-07 6.48980E-07
1.84572E-07 5.20592E-07
1.84726E-07 -5.01091E-08
1.84880E-07 -5.77573E-07
1.85034E-07 -6.13543E-07
1.85188E-07 -1.28002E-07
1.85342E-07 4.65783E-07
1.85496E-07 6.63007E-07
1.85650E-07 2.96485E-07
1.85804E-07 -3.21622E-07
1.85958E-07 -6.65667E-07
1.86113E-07 -4.43529E-07
1.86267E-07 1.55346E-07
1.86421E-07 6.21508E-07
1.86575E-07 5.58875E-07
1.86729E-07 2.12749E-08
1.86883E-07 -5.33807E-07
1.87037E-07 -6.34533E-07
1.87191E-07 -1.95789E-07
1.87345E-07 4.08888E-07
1.87499E-07 6.65330E-07
1.87653E-07 3.55942E-07
1.87807E-07 -2.55664E-07
1.87961E-07 -6.49267E-07
1.88115E-07 -4.90532E-07
1.88269E-07 8.50009E-08
1.88424E-07 5.87643E-07
1.88578E-07 5.90201E-07
1.88732E-07 9.10498E-08
1.88886E-07 -4.84949E-07
1.89040E-07 -6.48073E-07
1.89194E-07 -2.60106E-07
1.89348E-07 3.48546E-07
1.89502E-07 6.60236E-07
1.89656E-07 4.10323E-07
1.89810E-07 -1.88132E-07
1.89964E-07 -6.26001E-07
1.90118E-07 -5.31223E-07
1.90272E-07 1.50505E-08
1.90426E-07 5.47935E-07
1.90580E-07 6.14427E-07
1.90735E-07 1.58504E-07
1.90889E-07 -4.31673E-07
1.91043E-07 -6.54228E-07
1.91197E-07 -3.20354E-07
1.91351E-07 2.85508E-07
1.91505E-07 6.47989E-07
1.91659E-07 4.59185E-07
1.91813E-07 -1.19799E-07
1.91967E-07 -5.96309E-07
1.92121E-07 -5.65340E-07
1.92275E-07 -5.37627E-08
1.92429E-07 5.02974E-07
1.92583E-07 6.31490E-07
1.92737E-07 2.22978E-07
1.92891E-07 -3.74672E-07
1.93046E-07 -6.53136E-07
1.93200E-07 -3.75999E-07
1.93354E-07 2.20522E-07
1.93508E-07 6.28916E-07
1.93662E-07 5.02155E-07
1.93816E-07 -5.14187E-08
1.93970E-07 -5.60687E-07
1.94124E-07 -5.92697E-07
1.94278E-07 -1.20735E-07
1.94432E-07 4.53383E-07
1.94586E-07 6.41403E-07
1.94740E-07 2.83866E-07
1.94894E-07 -3.14656E-07
1.95048E-07 -6.45005E-07
1.95202E-07 -4.26575E-07
1.95357E-07 1.54333E-07
1.95511E-07 6.03404E-07
1.95665E-07 5.38937E-07
1.95819E-07 1.62827E-08
1.95973E-07 -5.19670E-07
1.96127E-07 -6.13186E-07
1.96281E-07 -1.85207E-07
1.96435E-07 3.99810E-07
1.96589E-07 6.44252E-07
1.96743E-07 3.40618E-07
1.96897E-07 -2.52337E-07
1.97051E-07 -6.30107E-07
1.97205E-07 -4.71682E-07
1.97359E-07 8.76688E-08
1.97513E-07 5.71893E-07
1.97668E-07 5.69307E-07
1.97822E-07 8.26109E-08
1.97976E-07 -4.73832E-07
1.98130E-07 -6.26772E-07
1.98284E-07 -2.46567E-07
1.98438E-07 3.42921E-07
1.98592E-07 6.40192E-07
1.98746E-07 3.92750E-07
1.98900E-07 -1.88428E-07
1.99054E-07 -6.08774E-07
1.99208E-07 -5.10991E-07
1.99362E-07 2.12395E-08
1.99516E-07 5.34865E-07
1.99670E-07 5.93112E-07
1.99824E-07 1.46909E-07
1.99979E-07 -4.23774E-07
2.00133E-07 -6.33491E-07
2.00287E-07 -3.04256E-07
2.00441E-07 2.83394E-07
2.00595E-07 6.29441E-07
2.00749E-07 4.39835E-07
2.00903E-07 -1.23634E-07
2.01057E-07 -5.81391E-07
2.01211E-07 -5.44239E-07
2.01365E-07 -4.42722E-08
2.01519E-07 4.92844E-07
2.01673E-07 6.10273E-07
2.01827E-07 2.08564E-07
2.01981E-07 -3.70121E-07
2.02135E-07 -6.33445E-07
2.02290E-07 -3.57771E-07
2.02444E-07 2.21909E-07
2.02598E-07 6.12277E-07
2.02752E-07 4.81516E-07
2.02906E-07 -5.86455E-08
2.03060E-07 -5.48391E-07
2.03214E-07 -5.71237E-07
2.03368E-07 -1.08215E-07
2.03522E-07 4.46387E-07
2.03676E-07 6.20776E-07
2.03830E-07 2.67006E-07
2.03984E-07 -3.13512E-07
2.04138E-07 -6.26803E-07
2.04292E-07 -4.06664E-07
2.04446E-07 1.59144E-07
2.04601E-07 5.89035E-07
2.04755E-07 5.17497E-07
2.04909E-07 5.86894E-09
2.05063E-07 -5.10249E-07
2.05217E-07 -5.91860E-07
2.05371E-07 -1.69974E-07
2.05525E-07 3.96075E-07
2.05679E-07 6.24678E-07
2.05833E-07 3.21718E-07
2.05987E-07 -2.54596E-07
2.06141E-07 -6.13791E-07
2.06295E-07 -4.50549E-07
2.06449E-07 9.57698E-08
2.06603E-07 5.60096E-07
2.06757E-07 5.47550E-07
2.06912E-07 6.92648E-08
2.07066E-07 -4.67475E-07
2.07220E-07 -6.06052E-07
2.07374E-07 -2.28974E-07
2.07528E-07 3.42511E-07
2.07682E-07 6.22095E-07
2.07836E-07 3.72234E-07
2.07990E-07 -1.94023E-07
2.08144E-07 -5.94691E-07
2.08298E-07 -4.89102E-07
2.08452E-07 3.24400E-08
2.08606E-07 5.25887E-07
2.08760E-07 5.71511E-07
2.08914E-07 1.30929E-07
2.09068E-07 -4.20609E-07
2.09223E-07 -6.13821E-07
2.09377E-07 -2.84687E-07
2.09531E-07 2.86310E-07
2.09685E-07 6.13205E-07
2.09839E-07 4.18144E-07
2.09993E-07 -1.32441E-07
2.10147E-07 -5.69838E-07
2.10301E-07 -5.22060E-07
2.10455E-07 -3.02108E-08
2.10609E-07 4.86873E-07
2.10763E-07 5.89281E-07
2.10917E-07 1.90284E-07
2.11071E-07 -3.70215E-07
2.11225E-07 -6.15236E-07
2.11379E-07 -3.36631E-07
2.11534E-07 2.28093E-07
2.11688E-07 5.98241E-07
2.11842E-07 4.59096E-07
2.11996E-07 -7.04883E-08
2.12150E-07 -5.39609E-07
2.12304E-07 -5.49221E-07
2.12458E-07 -9.15737E-08
2.12612E-07 4.43552E-07
2.12766E-07 6.00824E-07
2.12920E-07 2.46791E-07
2.13074E-07 -3.16873E-07
2.13228E-07 -6.10427E-07
2.13382E-07 -3.84374E-07
2.13536E-07 1.68485E-07
2.13690E-07 5.77487E-07
2.13845E-07 4.94794E-07
2.13999E-07 -8.78634E-09
2.14153E-07 -5.04426E-07
2.14307E-07 -5.70445E-07
2.14461E-07 -1.51070E-07
2.14615E-07 3.96448E-07
2.14769E-07 6.06162E-07
2.14923E-07 2.99955E-07
2.15077E-07 -2.61176E-07
2.15231E-07 -5.99579E-07
2.15385E-07 -4.27538E-07
2.15539E-07 1.08103E-07
2.15693E-07 5.51277E-07
2.15847E-07 5.25002E-07
2.16001E-07 5.20622E-08
2.16156E-07 -4.64742E-07
2.16310E-07 -5.85654E-07
2.16464E-07 -2.08155E-07
2.16618E-07 3.46108E-07
2.16772E-07 6.05380E-07
2.16926E-07 3.49327E-07
2.17080E-07 -2.03721E-07
2.17234E-07 -5.82929E-07
2.17388E-07 -4.65799E-07
2.17542E-07 4.75578E-08
2.17696E-07 5.19985E-07
2.17850E-07 5.49543E-07
2.18004E-07 1.11480E-07
2.18158E-07 -4.21044E-07
2.18312E-07 -5.94828E-07
2.18467E-07 -2.62323E-07
2.18621E-07 2.93091E-07
2.18775E-07 5.98616E-07
2.18929E-07 3.94505E-07
2.19083E-07 -1.45108E-07
2.19237E-07 -5.60764E-07
2.19391E-07 -4.98889E-07
2.19545E-07 -1.25587E-08
2.19699E-07 4.84024E-07
2.19853E-07 5.68298E-07
2.20007E-07 1.68920E-07
2.20161E-07 -3.73841E-07
2.20315E-07 -5.98006E-07
2.20469E-07 -3.13109E-07
2.20623E-07 2.37970E-07
2.20778E-07 5.86062E-07
2.20932E-07 4.35140E-07
2.21086E-07 -8.59283E-08
2.21240E-07 -5.33415E-07
2.21394E-07 -5.26595E-07
2.21548E-07 -7.16727E-08
2.21702E-07 4.43839E-07
2.21856E-07 5.81206E-07
2.22010E-07 2.23866E-07
2.22164E-07 -3.23662E-07
2.22318E-07 -5.95281E-07
2.22472E-07 -3.60093E-07
2.22626E-07 1.81321E-07
2.22780E-07 5.67958E-07
2.22934E-07 4.70934E-07
2.23089E-07 -2.67647E-08
2.23243E-07 -5.01251E-07
2.23397E-07 -5.48761E-07
2.23551E-07 -1.29236E-07
2.23705E-07 3.99903E-07
2.23859E-07 5.88262E-07
2.24013E-07 2.75842E-07
2.24167E-07 -2.71051E-07
2.24321E-07 -5.86800E-07
2.24475E-07 -4.02900E-07
2.24629E-07 1.23717E-07
2.24783E-07 5.44591E-07
2.24937E-07 5.01640E-07
2.25091E-07 3.18160E-08
2.25245E-07 -4.64678E-07
2.25400E-07 -5.65286E-07
2.25554E-07 -1.84728E-07
2.25708E-07 3.52714E-07
2.25862E-07 5.89517E-07
2.26016E-07 3.24410E-07
2.26170E-07 -2.16558E-07
2.26324E-07 -5.72760E-07
2.26478E-07 -4.41205E-07
2.26632E-07 6.57287E-08
2.26786E-07 5.16289E-07
2.26940E-07 5.27068E-07
2.27094E-07 8.92670E-08
2.27248E-07 -4.24132E-07
2.27402E-07 -5.76125E-07
2.27556E-07 -2.37661E-07
2.27711E-07 3.02783E-07
2.27865E-07 5.85074E-07
2.28019E-07 3.69176E-07
2.28173E-07 -1.60740E-07
2.28327E-07 -5.53402E-07
2.28481E-07 -4.74733E-07
2.28635E-07 7.91345E-09
2.28789E-07 4.83416E-07
2.28943E-07 5.47079E-07
2.29097E-07 1.45065E-07
2.29251E-07 -3.80075E-07
2.29405E-07 -5.81286E-07
2.29559E-07 -2.87585E-07
2.29713E-07 2.50637E-07
2.29867E-07 5.75084E-07
2.30022E-07 4.09790E-07
2.30176E-07 -1.04149E-07
2.30330E-07 -5.29012E-07
2.30484E-07 -5.03259E-07
2.30638E-07 -4.91859E-08
2.30792E-07 4.46372E-07
2.30946E-07 5.61589E-07
2.31100E-07 1.98717E-07
2.31254E-07 -3.32990E-07
2.31408E-07 -5.80829E-07
2.31562E-07 -3.34087E-07
2.31716E-07 1.96810E-07
2.31870E-07 5.59748E-07
2.32024E-07 4.45949E-07
2.32178E-07 -4.73324E-08
2.32333E-07 -4.99916E-07
2.32487E-07 -5.26611E-07
2.32641E-07 -1.05047E-07
2.32795E-07 4.05582E-07
2.32949E-07 5.70566E-07
2.33103E-07 2.49758E-07
2.33257E-07 -2.83375E-07
2.33411E-07 -5.74863E-07
2.33565E-07 -3.76794E-07
2.33719E-07 1.41837E-07
2.33873E-07 5.39310E-07
2.34027E-07 4.77397E-07
2.34181E-07 9.17377E-09
2.34335E-07 -4.66474E-07
2.34489E-07 -5.44666E-07
2.34644E-07 -1.59170E-07
2.34798E-07 3.61499E-07
2.34952E-07 5.74028E-07
2.35106E-07 2.97761E-07
2.35260E-07 -2.31740E-07
2.35414E-07 -5.63548E-07
2.35568E-07 -4.15379E-07
2.35722E-07 8.62519E-08
2.35876E-07 5.14054E-07
2.36030E-07 5.03929E-07
2.36184E-07 6.48490E-08
2.36338E-07 -4.29076E-07
2.36492E-07 -5.57354E-07
2.36646E-07 -2.11083E-07
2.36800E-07 3.14591E-07
2.36955E-07 5.72045E-07
2.37109E-07 3.42336E-07
2.37263E-07 -1.78602E-07
2.37417E-07 -5.47084E-07
2.37571E-07 -4.49558E-07
2.37725E-07 3.05815E-08
2.37879E-07 4.84302E-07
2.38033E-07 5.25387E-07
2.38187E-07 1.19193E-07
2.38341E-07 -3.88141E-07
2.38495E-07 -5.64653E-07
2.38649E-07 -2.60347E-07
2.38803E-07 2.65345E-07
2.38957E-07 5.64732E-07
2.39111E-07 3.83132E-07
2.39266E-07 -1.24479E-07
2.39420E-07 -5.25717E-07
2.39574E-07 -4.79095E-07
2.39728E-07 -2.46585E-08
2.39882E-07 4.50409E-07
2.40036E-07 5.41664E-07
2.40190E-07 1.71727E-07
2.40344E-07 -3.44110E-07
2.40498E-07 -5.66593E-07
2.40652E-07 -3.06553E-07
2.40806E-07 2.14254E-07
2.40960E-07 5.52251E-07
2.41114E-07 4.19839E-07
2.41268E-07 -6.98866E-08
2.41422E-07 -4.99730E-07
2.41577E-07 -5.03801E-07
2.41731E-07 -7.89682E-08
2.41885E-07 4.12758E-07
2.42039E-07 5.52702E-07
2.42193E-07 2.22001E-07
2.42347E-07 -2.97439E-07
2.42501E-07 -5.63249E-07
2.42655E-07 -3.49332E-07
2.42809E-07 1.61820E-07
2.42963E-07 5.34807E-07
2.43117E-07 4.52194E-07
2.43271E-07 -1.53321E-08
2.43425E-07 -4.69440E-07
2.43579E-07 -5.23531E-07
2.43733E-07 -1.31867E-07
2.43888E-07 3.71760E-07
2.44042E-07 5.58490E-07
2.44196E-07 2.69595E-07
2.44350E-07 -2.48601E-07
2.44504E-07 -5.54743E-07
2.44658E-07 -3.88352E-07
2.44812E-07 1.08544E-07
2.44966E-07 5.12643E-07
2.45120E-07 4.79974E-07
2.45274E-07 3.86872E-08
2.45428E-07 -4.35197E-07
2.45582E-07 -5.38193E-07
2.45736E-07 -1.82896E-07
2.45890E-07 3.27844E-07
2.46044E-07 5.59065E-07
2.46199E-07 3.14121E-07
2.46353E-07 -1.98078E-07
2.46507E-07 -5.41239E-07
2.46661E-07 -4.23322E-07
2.46815E-07 5.49247E-08
2.46969E-07 4.86042E-07
2.47123E-07 5.03006E-07
2.47277E-07 9.16900E-08
2.47431E-07 -3.97378E-07
2.47585E-07 -5.47737E-07
2.47739E-07 -2.31625E-07
2.47893E-07 2.81457E-07
2.48047E-07 5.54508E-07
2.48201E-07 3.55226E-07
2.48355E-07 -1.46355E-07
2.48510E-07 -5.22943E-07
2.48664E-07 -4.53992E-07
2.48818E-07 1.45278E-09
2.48972E-07 4.55316E-07
2.49126E-07 5.21159E-07
2.49280E-07 1.43214E-07
2.49434E-07 -3.56385E-07
2.49588E-07 -5.52162E-07
2.49742E-07 -2.77651E-07
2.49896E-07 2.33059E-07
2.50050E-07 5.44945E-07
2.50204E-07 3.92597E-07
2.50358E-07 -9.39175E-08
2.50512E-07 -5.00099E-07
2.50666E-07 -4.80157E-07
2.50821E-07 -5.13923E-08
2.50975E-07 4.20810E-07
2.51129E-07 5.34350E-07
2.51283E-07 1.92819E-07
2.51437E-07 -3.12637E-07
2.51591E-07 -5.51511E-07
2.51745E-07 -3.20605E-07
2.51899E-07 1.83119E-07
2.52053E-07 5.30543E-07
2.52207E-07 4.25957E-07
2.52361E-07 -4.12490E-08
2.52515E-07 -4.72984E-07
2.52669E-07 -5.01655E-07
2.52823E-07 -1.03146E-07
2.52977E-07 3.82895E-07
2.53132E-07 5.42540E-07
2.53286E-07 2.40092E-07
2.53440E-07 -2.66572E-07
2.53594E-07 -5.45872E-07
2.53748E-07 -3.60150E-07
2.53902E-07 1.32106E-07
2.54056E-07 5.11509E-07
2.54210E-07 4.55073E-07
2.54364E-07 1.11757E-08
2.54518E-07 -4.41911E-07
2.54672E-07 -5.18366E-07
2.54826E-07 -1.53364E-07
2.54980E-07 3.41964E-07
2.55134E-07 5.45735E-07
2.55288E-07 2.84647E-07
2.55443E-07 -2.18637E-07
2.55597E-07 -5.35374E-07
2.55751E-07 -3.95988E-07
2.55905E-07 8.04950E-08
2.56059E-07 4.88085E-07
2.56213E-07 4.79751E-07
2.56367E-07 6.28934E-08
2.56521E-07 -4.07217E-07
2.56675E-07 -5.30219E-07
2.56829E-07 -2.01622E-07
2.56983E-07 2.98427E-07
2.57137E-07 5.43985E-07
2.57291E-07 3.26129E-07
2.57445E-07 -1.69287E-07
2.57599E-07 -5.20185E-07
2.57754E-07 -4.27858E-07
2.57908E-07 2.87522E-08
2.58062E-07 4.60547E-07
2.58216E-07 4.99841E-07
2.58370E-07 1.13456E-07
2.58524E-07 -3.69266E-07
2.58678E-07 -5.37181E-07
2.58832E-07 -2.47523E-07
2.58986E-07 2.52712E-07
2.59140E-07 5.37382E-07
2.59294E-07 3.64220E-07
2.59448E-07 -1.18982E-07
2.59602E-07 -5.00513E-07
2.59756E-07 -4.55538E-07
2.59910E-07 -2.26619E-08
2.60065E-07 4.29202E-07
2.60219E-07 5.15235E-07
2.60373E-07 1.62433E-07
2.60527E-07 -3.28445E-07
2.60681E-07 -5.39267E-07
2.60835E-07 -2.90696E-07
2.60989E-07 2.05256E-07
2.61143E-07 5.26056E-07
2.61297E-07 3.98633E-07
2.61451E-07 -6.81805E-08
2.61605E-07 -4.76598E-07
2.61759E-07 -4.78846E-07
2.61913E-07 -7.32986E-08
2.62067E-07 3.94384E-07
2.62221E-07 5.25868E-07
2.62376E-07 2.09417E-07
2.62530E-07 -2.85155E-07
2.62684E-07 -5.36530E-07
2.62838E-07 -3.30803E-07
2.62992E-07 1.56501E-07
2.63146E-07 5.10179E-07
2.63300E-07 4.29121E-07
2.63454E-07 -1.73364E-08
2.63608E-07 -4.48714E-07
2.63762E-07 -4.97644E-07
2.63916E-07 -1.22725E-07
2.64070E-07 3.56449E-07
2.64224E-07 5.31717E-07
2.64378E-07 2.54025E-07
2.64532E-07 -2.39813E-07
2.64687E-07 -5.29067E-07
2.64841E-07 -3.67536E-07
2.64995E-07 1.06896E-07
2.65149E-07 4.89957E-07
2.65303E-07 4.55473E-07
2.65457E-07 3.31040E-08
2.65611E-07 -4.17164E-07
2.65765E-07 -5.11833E-07
2.65919E-07 -1.70524E-07
2.66073E-07 3.15777E-07
2.66227E-07 5.32802E-07
2.66381E-07 2.95902E-07
2.66535E-07 -1.92845E-07
2.66689E-07 -5.17011E-07
2.66843E-07 -4.00624E-07
2.66998E-07 5.68858E-08
2.67152E-07 4.65630E-07
2.67306E-07 4.77521E-07
2.67460E-07 8.27057E-08
2.67614E-07 -3.82276E-07
2.67768E-07 -5.21356E-07
2.67922E-07 -2.16305E-07
2.68076E-07 2.72761E-07
2.68230E-07 5.29180E-07
2.68384E-07 3.34721E-07
2.68538E-07 -1.44686E-07
2.68692E-07 -5.00533E-07
2.68846E-07 -4.29831E-07
2.69000E-07 6.91222E-09
2.69154E-07 4.37468E-07
2.69309E-07 4.95133E-07
2.69463E-07 1.31049E-07
2.69617E-07 -3.44402E-07
2.69771E-07 -5.26195E-07
2.69925E-07 -2.59696E-07
2.70079E-07 2.27809E-07
2.70233E-07 5.20951E-07
2.70387E-07 3.70188E-07
2.70541E-07 -9.57692E-08
2.70695E-07 -4.79840E-07
2.70849E-07 -4.54957E-07
2.71003E-07 -4.25913E-08
2.71157E-07 4.05770E-07
2.71311E-07 5.08219E-07
2.71465E-07 1.77732E-07
2.71620E-07 -3.03911E-07
2.71774E-07 -5.26375E-07
2.71928E-07 -3.00355E-07
2.72082E-07 1.81337E-07
2.72236E-07 5.08250E-07
2.72390E-07 4.02043E-07
2.72544E-07 -4.65303E-08
2.72698E-07 -4.55169E-07
2.72852E-07 -4.75842E-07
2.73006E-07 -9.12027E-08
2.73160E-07 3.70859E-07
2.73314E-07 5.16729E-07
2.73468E-07 2.22374E-07
2.73622E-07 -2.61192E-07
2.73776E-07 -5.21960E-07
2.73931E-07 -3.37968E-07
2.74085E-07 1.33769E-07
2.74239E-07 4.91250E-07
2.74393E-07 4.30061E-07
2.74547E-07 2.60156E-09
2.74701E-07 -4.26788E-07
2.74855E-07 -4.92364E-07
2.75009E-07 -1.38515E-07
2.75163E-07 3.33082E-07
2.75317E-07 5.20652E-07
2.75471E-07 2.64618E-07
2.75625E-07 -2.16642E-07
2.75779E-07 -5.13050E-07
2.75933E-07 -3.72253E-07
2.76087E-07 8.55287E-08
2.76242E-07 4.70154E-07
2.76396E-07 4.54053E-07
2.76550E-07 5.12048E-08
2.76704E-07 -3.94992E-07
2.76858E-07 -5.04441E-07
2.77012E-07 -1.84138E-07
2.77166E-07 2.92801E-07
2.77320E-07 5.20017E-07
2.77474E-07 3.04133E-07
2.77628E-07 -1.70669E-07
2.77782E-07 -4.99781E-07
2.77936E-07 -4.02961E-07
2.78090E-07 3.70398E-08
2.78244E-07 4.45200E-07
2.78398E-07 4.73866E-07
2.78553E-07 9.88693E-08
2.78707E-07 -3.60099E-07
2.78861E-07 -5.12029E-07
2.79015E-07 -2.27705E-07
2.79169E-07 2.50395E-07
2.79323E-07 5.14890E-07
2.79477E-07 3.40618E-07
2.79631E-07 -1.23686E-07
2.79785E-07 -4.82328E-07
2.79939E-07 -4.29876E-07
2.80093E-07 -1.12791E-08
2.80247E-07 4.16652E-07
2.80401E-07 4.89388E-07
2.80555E-07 1.45200E-07
2.80709E-07 -3.22450E-07
2.80864E-07 -5.15121E-07
2.81018E-07 -2.68868E-07
2.81172E-07 2.06256E-07
2.81326E-07 5.05375E-07
2.81480E-07 3.73800E-07
2.81634E-07 -7.61076E-08
2.81788E-07 -4.60892E-07
2.81942E-07 -4.52818E-07
2.82096E-07 -5.90179E-08
2.82250E-07 3.84802E-07
2.82404E-07 5.00541E-07
2.82558E-07 1.89819E-07
2.82712E-07 -2.82400E-07
2.82866E-07 -5.13750E-07
2.83020E-07 -3.07310E-07
2.83175E-07 1.60782E-07
2.83329E-07 4.91608E-07
2.83483E-07 4.03440E-07
2.83637E-07 -2.83470E-08
2.83791E-07 -4.35708E-07
2.83945E-07 -4.71643E-07
2.84099E-07 -1.05778E-07
2.84253E-07 3.49962E-07
2.84407E-07 5.07287E-07
2.84561E-07 2.32368E-07
2.84715E-07 -2.40323E-07
2.84869E-07 -5.07986E-07
2.85023E-07 -3.42737E-07
2.85177E-07 1.14376E-07
2.85331E-07 4.73763E-07
2.85486E-07 4.29331E-07
2.85640E-07 1.91879E-08
2.85794E-07 -4.07039E-07
2.85948E-07 -4.86244E-07
2.86102E-07 -1.51174E-07
2.86256E-07 3.12467E-07
2.86410E-07 5.09625E-07
2.86564E-07 2.72514E-07
2.86718E-07 -1.96600E-07
2.86872E-07 -4.97933E-07
2.87026E-07 -3.74889E-07
2.87180E-07 6.74444E-08
2.87334E-07 4.52042E-07
2.87488E-07 4.51301E-07
2.87642E-07 6.60973E-08
2.87797E-07 -3.75172E-07
2.87951E-07 -4.96552E-07
2.88105E-07 -1.94840E-07
2.88259E-07 2.72667E-07
2.88413E-07 5.07592E-07
2.88567E-07 3.09946E-07
2.88721E-07 -1.51622E-07
2.88875E-07 -4.83731E-07
2.89029E-07 -4.03534E-07
2.89183E-07 2.03897E-08
2.89337E-07 4.26677E-07
2.89491E-07 4.69215E-07
2.89645E-07 1.11993E-07
2.89799E-07 -3.40414E-07
2.89953E-07 -5.02531E-07
2.90108E-07 -2.36428E-07
2.90262E-07 2.30928E-07
2.90416E-07 5.01258E-07
2.90570E-07 3.44383E-07
2.90724E-07 -1.05784E-07
2.90878E-07 -4.65550E-07
2.91032E-07 -4.28474E-07
2.91186E-07 -2.63896E-08
2.91340E-07 3.97927E-07
2.91494E-07 4.82970E-07
2.91648E-07 1.56500E-07
2.91802E-07 -3.03096E-07
2.91956E-07 -5.04187E-07
2.92110E-07 -2.75614E-07
2.92264E-07 1.87624E-07
2.92419E-07 4.90730E-07
2.92573E-07 3.75572E-07
2.92727E-07 -5.94826E-08
2.92881E-07 -4.43592E-07
2.93035E-07 -4.49545E-07
2.93189E-07 -7.25036E-08
2.93343E-07 3.66075E-07
2.93497E-07 4.92503E-07
2.93651E-07 1.99262E-07
2.93805E-07 -2.63561E-07
2.93959E-07 -5.01556E-07
2.94113E-07 -3.12099E-07
2.94267E-07 1.43139E-07
2.94421E-07 4.76147E-07
2.94575E-07 4.03290E-07
2.94730E-07 -1.31115E-08
2.94884E-07 -4.18087E-07
2.95038E-07 -4.66617E-07
2.95192E-07 -1.17574E-07
2.95346E-07 3.31426E-07
2.95500E-07 4.97785E-07
2.95654E-07 2.39942E-07
2.95808E-07 -2.22168E-07
2.95962E-07 -4.94714E-07
2.96116E-07 -3.45608E-07
2.96270E-07 9.78582E-08
2.96424E-07 4.57680E-07
2.96578E-07 4.27348E-07
2.96732E-07 3.29401E-08
2.96886E-07 -3.89292E-07
2.97041E-07 -4.79596E-07
2.97195E-07 -1.61235E-07
2.97349E-07 2.94303E-07
2.97503E-07 4.98821E-07
2.97657E-07 2.78224E-07
2.97811E-07 -1.79285E-07
2.97965E-07 -4.83766E-07
2.98119E-07 -3.75897E-07
2.98273E-07 5.21703E-08
2.98427E-07 4.35530E-07
2.98581E-07 4.47586E-07
2.98735E-07 7.82916E-08
2.98889E-07 -3.57485E-07
2.99043E-07 -4.88420E-07
2.99197E-07 -2.03140E-07
2.99352E-07 2.55044E-07
2.99506E-07 4.95653E-07
2.99660E-07 3.13817E-07
2.99814E-07 -1.35286E-07
2.99968E-07 -4.68853E-07
3.00122E-07 -4.02752E-07
3.00276E-07 6.46052E-09
3.00430E-07 4.09923E-07
3.00584E-07 4.63882E-07
3.00738E-07 1.22573E-07
3.00892E-07 -3.22966E-07
3.01046E-07 -4.93065E-07
3.01200E-07 -2.42961E-07
3.01354E-07 2.14003E-07
3.01508E-07 4.88357E-07
3.01663E-07 3.46456E-07
3.01817E-07 -9.05510E-08
3.01971E-07 -4.50145E-07
3.02125E-07 -4.25988E-07
3.02279E-07 -3.88907E-08
3.02433E-07 3.81113E-07
3.02587E-07 4.76146E-07
3.02741E-07 1.65430E-07
3.02895E-07 -2.86054E-07
3.03049E-07 -4.93541E-07
3.03203E-07 -2.80390E-07
3.03357E-07 1.71538E-07
3.03511E-07 4.77041E-07
3.03665E-07 3.75904E-07
3.03819E-07 -4.54597E-08
3.03974E-07 -4.27840E-07
3.04128E-07 -4.45456E-07
3.04282E-07 -8.35115E-08
3.04436E-07 3.49375E-07
3.04590E-07 4.84321E-07
3.04744E-07 2.06522E-07
3.04898E-07 -2.47081E-07
3.05052E-07 -4.89891E-07
3.05206E-07 -3.15144E-07
3.05360E-07 1.28020E-07
3.05514E-07 4.61844E-07
3.05668E-07 4.01954E-07
3.05822E-07 -3.89317E-10
3.05976E-07 -4.02165E-07
3.06130E-07 -4.61035E-07
3.06285E-07 -1.27041E-07
3.06439E-07 3.15005E-07
3.06593E-07 4.88388E-07
3.06747E-07 2.45530E-07
3.06901E-07 -2.06394E-07
3.07055E-07 -4.82192E-07
3.07209E-07 -3.46968E-07
3.07363E-07 8.38189E-08
3.07517E-07 4.42935E-07
3.07671E-07 4.24428E-07
3.07825E-07 4.42881E-08
3.07979E-07 -3.73368E-07
