0.00000E+00 0.00000E+00
1.54067E-10 0.00000E+00
3.08133E-10 0.00000E+00
4.62200E-10 0.00000E+00
6.16267E-10 0.00000E+00
7.70333E-10 0.00000E+00
9.24400E-10 0.00000E+00
1.07847E-09 0.00000E+00
1.23253E-09 0.00000E+00
1.38660E-09 0.00000E+00
1.54067E-09 0.00000E+00
1.69473E-09 0.00000E+00
1.84880E-09 0.00000E+00
2.00287E-09 0.00000E+00
2.15693E-09 0.00000E+00
2.31100E-09 0.00000E+00
2.46507E-09 0.00000E+00
2.61913E-09 0.00000E+00
2.77320E-09 0.00000E+00
2.92727E-09 0.00000E+00
3.08133E-09 0.00000E+00
3.23540E-09 0.00000E+00
3.38947E-09 0.00000E+00
3.54353E-09 0.00000E+00
3.69760E-09 0.00000E+00
3.85167E-09 0.00000E+00
4.00573E-09 0.00000E+00
4.15980E-09 0.00000E+00
4.31387E-09 0.00000E+00
4.46793E-09 0.00000E+00
4.62200E-09 0.00000E+00
4.77607E-09 0.00000E+00
4.93013E-09 0.00000E+00
5.08420E-09 0.00000E+00
5.23827E-09 0.00000E+00
5.39233E-09 3.83013E-69
5.54640E-09 2.27628E-66
5.70047E-09 5.43400E-64
5.85453E-09 6.92054E-62
6.00860E-09 5.49875E-60
6.16267E-09 3.02508E-58
6.31673E-09 1.23690E-56
6.47080E-09 3.95327E-55
6.62487E-09 1.02568E-53
6.77893E-09 2.22527E-52
6.93300E-09 4.13608E-51
7.08707E-09 6.72258E-50
7.24113E-09 9.72684E-49
7.39520E-09 1.27284E-47
7.54927E-09 1.52796E-46
7.70333E-09 1.70408E-45
7.85740E-09 1.78542E-44
8.01147E-09 1.77411E-43
8.16553E-09 1.68482E-42
8.31960E-09 1.53830E-41
8.47367E-09 1.35620E-40
8.62773E-09 1.15794E-39
8.78180E-09 9.59323E-39
8.93587E-09 7.72098E-38
9.08993E-09 6.04115E-37
9.24400E-09 4.59722E-36
9.39807E-09 3.40343E-35
9.55213E-09 2.45172E-34
9.70620E-09 1.71878E-33
9.86027E-09 1.17280E-32
1.00143E-08 7.79003E-32
1.01684E-08 5.03749E-31
1.03225E-08 3.17177E-30
1.04765E-08 1.94471E-29
1.06306E-08 1.16124E-28
1.07847E-08 6.75395E-28
1.09387E-08 3.82657E-27
1.10928E-08 2.11217E-26
1.12469E-08 1.13597E-25
1.14009E-08 5.95352E-25
1.15550E-08 3.04087E-24
1.17091E-08 1.51387E-23
1.18631E-08 7.34679E-23
1.20172E-08 3.47592E-22
1.21713E-08 1.60345E-21
1.23253E-08 7.21280E-21
1.24794E-08 3.16417E-20
1.26335E-08 1.35385E-19
1.27875E-08 5.65045E-19
1.29416E-08 2.30061E-18
1.30957E-08 9.13891E-18
1.32497E-08 3.54228E-17
1.34038E-08 1.33983E-16
1.35579E-08 4.94586E-16
1.37119E-08 1.78196E-15
1.38660E-08 6.26699E-15
1.40201E-08 2.15163E-14
1.41741E-08 7.21207E-14
1.43282E-08 2.36035E-13
1.44823E-08 7.54319E-13
1.46363E-08 2.35412E-12
1.47904E-08 7.17521E-12
1.49445E-08 2.13602E-11
1.50985E-08 6.21115E-11
1.52526E-08 1.76427E-10
1.54067E-08 4.89571E-10
1.55607E-08 1.32724E-09
1.57148E-08 3.51552E-09
1.58689E-08 9.09836E-09
1.60229E-08 2.30086E-08
1.61770E-08 5.68576E-08
1.63311E-08 1.37302E-07
1.64851E-08 3.24018E-07
1.66392E-08 7.47269E-07
1.67933E-08 1.68426E-06
1.69473E-08 3.70998E-06
1.71014E-08 7.98668E-06
1.72555E-08 1.68032E-05
1.74095E-08 3.45498E-05
1.75636E-08 6.94249E-05
1.77177E-08 1.36329E-04
1.78717E-08 2.61606E-04
1.80258E-08 4.90534E-04
1.81799E-08 8.98714E-04
1.83339E-08 1.60868E-03
1.84880E-08 2.81303E-03
1.86421E-08 4.80486E-03
1.87961E-08 8.01556E-03
1.89502E-08 1.30577E-02
1.91043E-08 2.07682E-02
1.92583E-08 3.22436E-02
1.94124E-08 4.88543E-02
1.95665E-08 7.22205E-02
1.97205E-08 1.04133E-01
1.98746E-08 1.46399E-01
2.00287E-08 2.00608E-01
2.01827E-08 2.67811E-01
2.03368E-08 3.48151E-01
2.04909E-08 4.40477E-01
2.06449E-08 5.42030E-01
2.07990E-08 6.48270E-01
2.09531E-08 7.52945E-01
2.11071E-08 8.48472E-01
2.12612E-08 9.26628E-01
2.14153E-08 9.79535E-01
2.15693E-08 1.00079E+00
2.17234E-08 9.86541E-01
2.18775E-08 9.36369E-01
2.20315E-08 8.53613E-01
2.21856E-08 7.45154E-01
2.23397E-08 6.20554E-01
2.24937E-08 4.90701E-01
2.26478E-08 3.66196E-01
2.28019E-08 2.55832E-01
2.29559E-08 1.65462E-01
2.31100E-08 9.74835E-02
2.32641E-08 5.10365E-02
2.34181E-08 2.27792E-02
2.35722E-08 8.02310E-03
2.37263E-08 1.90434E-03
2.38803E-08 3.11908E-04
2.40344E-08 3.96202E-04
2.41885E-08 6.28761E-04
2.43425E-08 5.18133E-04
2.44966E-08 1.64977E-04
2.46507E-08 -1.57338E-04
2.48047E-08 -2.71159E-04
2.49588E-08 -1.77496E-04
2.51129E-08 5.28443E-07
2.52669E-08 1.27288E-04
2.54210E-08 1.38061E-04
2.55751E-08 5.72813E-05
2.57291E-08 -4.03509E-05
2.58832E-08 -8.83573E-05
2.60373E-08 -6.74837E-05
2.61913E-08 -6.72044E-06
2.63454E-08 4.56686E-05
2.64995E-08 5.69433E-05
2.66535E-08 2.77723E-05
2.68076E-08 -1.46889E-05
2.69617E-08 -3.94896E-05
2.71157E-08 -3.29729E-05
2.72698E-08 -4.88273E-06
2.74239E-08 2.20287E-05
2.75779E-08 2.94199E-05
2.77320E-08 1.51446E-05
2.78861E-08 -7.67369E-06
2.80401E-08 -2.18517E-05
2.81942E-08 -1.86041E-05
2.83483E-08 -2.54463E-06
2.85023E-08 1.32705E-05
2.86564E-08 1.75879E-05
2.88105E-08 8.70487E-06
2.89645E-08 -5.43632E-06
2.91186E-08 -1.40174E-05
2.92727E-08 -1.14269E-05
2.94267E-08 -7.50828E-07
2.95808E-08 9.36364E-06
2.97349E-08 1.15558E-05
2.98889E-08 4.99907E-06
3.00430E-08 -4.61368E-06
3.01971E-08 -9.85719E-06
3.03511E-08 -7.20459E-06
3.05052E-08 7.10540E-07
3.06593E-08 7.58739E-06
3.08133E-08 8.47272E-06
3.09674E-08 3.37205E-06
3.11215E-08 -3.12456E-06
3.12755E-08 -5.62145E-06
3.14296E-08 -2.02004E-06
3.15837E-08 5.15535E-06
3.17377E-08 1.10001E-05
3.18918E-08 1.20823E-05
3.20459E-08 8.85619E-06
3.21999E-08 4.87636E-06
3.23540E-08 3.60019E-06
3.25081E-08 5.36849E-06
3.26621E-08 6.88468E-06
3.28162E-08 3.49764E-06
3.29703E-08 -7.53084E-06
3.31243E-08 -2.52010E-05
3.32784E-08 -4.55411E-05
3.34325E-08 -6.40530E-05
3.35865E-08 -7.77287E-05
3.37406E-08 -8.50961E-05
3.38947E-08 -8.45467E-05
3.40487E-08 -7.27482E-05
3.42028E-08 -4.50092E-05
3.43569E-08 2.01511E-06
3.45109E-08 6.67586E-05
3.46650E-08 1.40654E-04
3.48191E-08 2.09078E-04
3.49731E-08 2.55106E-04
3.51272E-08 2.64373E-04
3.52813E-08 2.29079E-04
3.54353E-08 1.50095E-04
3.55894E-08 3.72434E-05
3.57435E-08 -9.17159E-05
3.58975E-08 -2.13308E-04
3.60516E-08 -3.02220E-04
3.62057E-08 -3.37071E-04
3.63597E-08 -3.07086E-04
3.65138E-08 -2.17238E-04
3.66679E-08 -8.90027E-05
3.68219E-08 4.48283E-05
3.69760E-08 1.50123E-04
3.71301E-08 2.02535E-04
3.72841E-08 1.95224E-04
3.74382E-08 1.40016E-04
3.75923E-08 6.17514E-05
3.77463E-08 -1.15012E-05
3.79004E-08 -5.82658E-05
3.80545E-08 -6.98595E-05
3.82085E-08 -5.12340E-05
3.83626E-08 -1.69289E-05
3.85167E-08 1.57540E-05
3.86707E-08 3.36143E-05
3.88248E-08 3.20139E-05
3.89789E-08 1.55058E-05
3.91329E-08 -5.36374E-06
3.92870E-08 -1.95739E-05
3.94411E-08 -2.09362E-05
3.95951E-08 -1.06793E-05
3.97492E-08 3.92376E-06
3.99033E-08 1.40637E-05
4.00573E-08 1.44691E-05
4.02114E-08 6.13076E-06
4.03655E-08 -4.83862E-06
4.05195E-08 -1.13616E-05
4.06736E-08 -9.86133E-06
4.08277E-08 -2.20833E-06
4.09817E-08 5.95769E-06
4.11358E-08 9.22743E-06
4.12899E-08 5.96387E-06
4.14439E-08 -9.43571E-07
4.15980E-08 -6.43052E-06
4.17521E-08 -6.89699E-06
4.19061E-08 -2.54471E-06
4.20602E-08 3.10670E-06
4.22143E-08 5.97299E-06
4.23683E-08 4.32125E-06
4.25224E-08 -2.21646E-07
4.26765E-08 -4.13107E-06
4.28305E-08 -4.67374E-06
4.29846E-08 -1.79539E-06
4.31387E-08 2.08620E-06
4.32927E-08 4.05797E-06
4.34468E-08 2.87333E-06
4.36009E-08 -2.92472E-07
4.37549E-08 -2.92579E-06
4.39090E-08 -3.14331E-06
4.40631E-08 -1.02028E-06
4.42171E-08 1.64647E-06
4.43712E-08 2.82829E-06
4.45253E-08 1.79155E-06
4.46793E-08 -4.77462E-07
4.48334E-08 -2.16805E-06
4.49875E-08 -2.07430E-06
4.51415E-08 -4.40291E-07
4.52956E-08 1.35930E-06
4.54497E-08 1.95777E-06
4.56037E-08 1.02302E-06
4.57578E-08 -5.90457E-07
4.59119E-08 -1.59804E-06
4.60659E-08 -1.29454E-06
4.62200E-08 -3.07202E-08
4.63741E-08 1.15301E-06
4.65281E-08 1.37822E-06
4.66822E-08 5.74070E-07
4.68363E-08 -5.51996E-07
4.69903E-08 -1.12969E-06
4.71444E-08 -8.02239E-07
4.72985E-08 5.64026E-08
4.74525E-08 7.03250E-07
4.76066E-08 6.34377E-07
4.77607E-08 -4.72852E-08
4.79147E-08 -7.60262E-07
4.80688E-08 -9.23386E-07
4.82229E-08 -3.90336E-07
4.83769E-08 4.79349E-07
4.85310E-08 1.12440E-06
4.86851E-08 1.19216E-06
4.88391E-08 7.41382E-07
4.89932E-08 1.20518E-07
4.91473E-08 -3.36750E-07
4.93013E-08 -5.39591E-07
4.94554E-08 -6.29062E-07
4.96095E-08 -7.74449E-07
4.97635E-08 -9.70898E-07
4.99176E-08 -1.01220E-06
5.00717E-08 -6.58563E-07
5.02257E-08 1.37436E-07
5.03798E-08 1.12525E-06
5.05339E-08 1.85688E-06
5.06879E-08 1.93230E-06
5.08420E-08 1.23439E-06
5.09961E-08 1.21515E-08
5.11501E-08 -1.23047E-06
5.13042E-08 -1.97254E-06
5.14583E-08 -1.91491E-06
5.16123E-08 -1.10726E-06
5.17664E-08 8.55388E-08
5.19205E-08 1.15256E-06
5.20745E-08 1.66139E-06
5.22286E-08 1.43989E-06
5.23827E-08 6.38010E-07
5.25367E-08 -3.54219E-07
5.26908E-08 -1.09193E-06
5.28449E-08 -1.27581E-06
5.29989E-08 -8.74911E-07
5.31530E-08 -1.20029E-07
5.33071E-08 6.19286E-07
5.34611E-08 1.00877E-06
5.36152E-08 8.93883E-07
5.37693E-08 3.57179E-07
5.39233E-08 -3.27547E-07
5.40774E-08 -8.21354E-07
5.42315E-08 -8.76979E-07
5.43855E-08 -4.62988E-07
5.45396E-08 2.05619E-07
5.46937E-08 7.61979E-07
5.48477E-08 8.79929E-07
5.50018E-08 4.70869E-07
5.51559E-08 -2.37095E-07
5.53099E-08 -8.11326E-07
5.54640E-08 -8.76166E-07
5.56181E-08 -3.67893E-07
5.57721E-08 3.95999E-07
5.59262E-08 9.06202E-07
5.60803E-08 8.03647E-07
5.62343E-08 1.42287E-07
5.63884E-08 -6.26430E-07
5.65425E-08 -9.58735E-07
5.66965E-08 -6.08762E-07
5.68506E-08 1.80671E-07
5.70047E-08 8.40479E-07
5.71587E-08 8.86680E-07
5.73128E-08 2.81897E-07
5.74669E-08 -5.28025E-07
5.76209E-08 -9.40608E-07
5.77750E-08 -6.48296E-07
5.79291E-08 1.26488E-07
5.80831E-08 7.96755E-07
5.82372E-08 8.56293E-07
5.83913E-08 2.66043E-07
5.85453E-08 -5.16750E-07
5.86994E-08 -8.91376E-07
5.88535E-08 -5.76777E-07
5.90075E-08 1.74107E-07
5.91616E-08 7.75044E-07
5.93157E-08 7.64610E-07
5.94697E-08 1.63006E-07
5.96238E-08 -5.50512E-07
5.97779E-08 -8.18534E-07
5.99319E-08 -4.42333E-07
6.00860E-08 2.69048E-07
6.02401E-08 7.50842E-07
6.03941E-08 6.31293E-07
6.05482E-08 2.00103E-08
6.07023E-08 -5.89050E-07
6.08563E-08 -7.16198E-07
6.10104E-08 -2.74739E-07
6.11645E-08 3.70063E-07
6.13185E-08 7.01845E-07
6.14726E-08 4.66783E-07
6.16267E-08 -1.31680E-07
6.17807E-08 -6.06982E-07
6.19348E-08 -5.84649E-07
6.20889E-08 -9.75985E-08
6.22429E-08 4.51805E-07
6.23970E-08 6.23835E-07
6.25511E-08 2.93870E-07
6.27051E-08 -2.57684E-07
6.28592E-08 -5.82690E-07
6.30133E-08 -4.29850E-07
6.31673E-08 6.01050E-08
6.33214E-08 4.80586E-07
6.34755E-08 4.95367E-07
6.36295E-08 1.07451E-07
6.37836E-08 -3.54392E-07
6.39377E-08 -5.11962E-07
6.40917E-08 -2.45494E-07
6.42458E-08 2.16980E-07
6.43999E-08 4.94541E-07
6.45539E-08 3.66231E-07
6.47080E-08 -5.49180E-08
6.48621E-08 -4.23151E-07
6.50161E-08 -4.45898E-07
6.51702E-08 -1.17181E-07
6.53243E-08 2.88183E-07
6.54783E-08 4.46239E-07
6.56324E-08 2.45734E-07
6.57865E-08 -1.32633E-07
6.59405E-08 -3.76090E-07
6.60946E-08 -2.98987E-07
6.62487E-08 1.35777E-08
6.64027E-08 2.89593E-07
6.65568E-08 3.02922E-07
6.67109E-08 5.76635E-08
6.68649E-08 -2.25736E-07
6.70190E-08 -3.03440E-07
6.71731E-08 -1.13805E-07
6.73271E-08 1.75786E-07
6.74812E-08 3.15233E-07
6.76353E-08 1.84200E-07
6.77893E-08 -1.07959E-07
6.79434E-08 -3.15899E-07
6.80975E-08 -2.64251E-07
6.82515E-08 6.84303E-09
6.84056E-08 2.76071E-07
6.85597E-08 3.24042E-07
6.87137E-08 1.12433E-07
6.88678E-08 -1.87147E-07
6.90219E-08 -3.35032E-07
6.91759E-08 -2.17241E-07
6.93300E-08 6.66223E-08
6.94841E-08 2.88913E-07
6.96381E-08 2.78655E-07
6.97922E-08 5.42148E-08
6.99463E-08 -1.99630E-07
7.01003E-08 -2.84996E-07
7.02544E-08 -1.46574E-07
7.04085E-08 9.37044E-08
7.05625E-08 2.43432E-07
7.07166E-08 1.94760E-07
7.08707E-08 2.10082E-09
7.10247E-08 -1.73364E-07
7.11788E-08 -1.98508E-07
7.13329E-08 -6.95744E-08
7.14869E-08 9.73299E-08
7.16410E-08 1.69225E-07
7.17951E-08 1.02304E-07
7.19491E-08 -3.36473E-08
7.21032E-08 -1.23682E-07
7.22573E-08 -1.04317E-07
7.24113E-08 -7.44107E-09
7.25654E-08 7.80822E-08
7.27195E-08 8.61926E-08
7.28735E-08 2.42353E-08
7.30276E-08 -4.40624E-08
7.31817E-08 -6.06152E-08
7.33357E-08 -2.17088E-08
7.34898E-08 2.70289E-08
7.36439E-08 3.87065E-08
7.37979E-08 8.56187E-09
7.39520E-08 -2.64501E-08
7.41061E-08 -2.77575E-08
7.42601E-08 5.76229E-09
7.44142E-08 3.74076E-08
7.45683E-08 3.04168E-08
7.47223E-08 -1.34403E-08
7.48764E-08 -5.26914E-08
7.50305E-08 -4.50616E-08
7.51845E-08 9.72437E-09
7.53386E-08 6.48830E-08
7.54927E-08 6.69696E-08
7.56467E-08 6.56359E-09
7.58008E-08 -6.80179E-08
7.59549E-08 -8.98655E-08
7.61089E-08 -3.33748E-08
7.62630E-08 5.85709E-08
7.64171E-08 1.07387E-07
7.65711E-08 6.62628E-08
7.67252E-08 -3.58131E-08
7.68793E-08 -1.14243E-07
7.70333E-08 -9.93679E-08
7.71874E-08 1.78122E-09
7.73415E-08 1.07141E-07
7.74955E-08 1.26571E-07
7.76496E-08 3.91806E-08
7.78037E-08 -8.54274E-08
7.79577E-08 -1.42803E-07
7.81118E-08 -8.15062E-08
7.82659E-08 5.09450E-08
7.84199E-08 1.44914E-07
7.85740E-08 1.19677E-07
7.87281E-08 -7.16862E-09
7.88821E-08 -1.31631E-07
7.90362E-08 -1.48814E-07
7.91903E-08 -4.14856E-08
7.93443E-08 1.03200E-07
7.94984E-08 1.64673E-07
7.96525E-08 8.96666E-08
7.98065E-08 -6.16532E-08
7.99606E-08 -1.64077E-07
8.01147E-08 -1.31253E-07
8.02687E-08 1.13330E-08
8.04228E-08 1.46098E-07
8.05769E-08 1.60577E-07
8.07309E-08 4.15597E-08
8.08850E-08 -1.12826E-07
8.10391E-08 -1.74116E-07
8.11931E-08 -9.06479E-08
8.13472E-08 6.86808E-08
8.15013E-08 1.71213E-07
8.16553E-08 1.31076E-07
8.18094E-08 -1.87273E-08
8.19635E-08 -1.53313E-07
8.21175E-08 -1.59983E-07
8.22716E-08 -3.26338E-08
8.24257E-08 1.22624E-07
8.25797E-08 1.75801E-07
8.27338E-08 8.18013E-08
8.28879E-08 -8.13796E-08
8.30419E-08 -1.77368E-07
8.31960E-08 -1.25325E-07
8.33501E-08 3.20816E-08
8.35041E-08 1.63757E-07
8.36582E-08 1.59397E-07
8.38123E-08 2.18146E-08
8.39663E-08 -1.34880E-07
8.41204E-08 -1.80069E-07
8.42745E-08 -7.55421E-08
8.44285E-08 9.23198E-08
8.45826E-08 1.84131E-07
8.47367E-08 1.23395E-07
8.48907E-08 -3.97655E-08
8.50448E-08 -1.70145E-07
8.51989E-08 -1.59716E-07
8.53529E-08 -1.72583E-08
8.55070E-08 1.39106E-07
8.56611E-08 1.80070E-07
8.58151E-08 7.22799E-08
8.59692E-08 -9.44639E-08
8.61233E-08 -1.82160E-07
8.62773E-08 -1.19047E-07
8.64314E-08 4.15304E-08
8.65855E-08 1.66221E-07
8.67395E-08 1.52596E-07
8.68936E-08 1.34898E-08
8.70477E-08 -1.34840E-07
8.72017E-08 -1.69967E-07
8.73558E-08 -6.45446E-08
8.75099E-08 9.23463E-08
8.76639E-08 1.70445E-07
8.78180E-08 1.06612E-07
8.79721E-08 -4.39823E-08
8.81261E-08 -1.55382E-07
8.82802E-08 -1.36260E-07
8.84343E-08 -4.94162E-09
8.85883E-08 1.27710E-07
8.87424E-08 1.51855E-07
8.88965E-08 4.97402E-08
8.90505E-08 -9.13163E-08
8.92046E-08 -1.53459E-07
8.93587E-08 -8.68144E-08
8.95127E-08 5.04043E-08
8.96668E-08 1.42514E-07
8.98209E-08 1.13862E-07
8.99749E-08 -8.96065E-09
9.01290E-08 -1.21408E-07
9.02831E-08 -1.29867E-07
9.04371E-08 -2.96260E-08
9.05912E-08 9.30326E-08
9.07453E-08 1.34934E-07
9.08993E-08 6.27779E-08
9.10534E-08 -6.03850E-08
9.12075E-08 -1.30030E-07
9.13615E-08 -8.87885E-08
9.15156E-08 2.62676E-08
9.16697E-08 1.16689E-07
9.18237E-08 1.06764E-07
9.19778E-08 6.90462E-09
9.21319E-08 -9.67516E-08
9.22859E-08 -1.16489E-07
9.24400E-08 -3.71899E-08
9.25941E-08 7.21469E-08
9.27481E-08 1.18273E-07
9.29022E-08 6.31294E-08
9.30563E-08 -4.47538E-08
9.32103E-08 -1.12801E-07
9.33644E-08 -8.37144E-08
9.35185E-08 1.63060E-08
9.36725E-08 1.01006E-07
9.38266E-08 9.83312E-08
9.39807E-08 1.16614E-08
9.41347E-08 -8.39615E-08
9.42888E-08 -1.06685E-07
9.44429E-08 -3.78231E-08
9.45969E-08 6.27996E-08
9.47510E-08 1.08720E-07
9.49051E-08 6.10334E-08
9.50591E-08 -3.86854E-08
9.52132E-08 -1.04562E-07
9.53673E-08 -8.02808E-08
9.55213E-08 1.28344E-08
9.56754E-08 9.45169E-08
9.58295E-08 9.46717E-08
9.59835E-08 1.34566E-08
9.61376E-08 -7.91126E-08
9.62917E-08 -1.03469E-07
9.64457E-08 -3.88163E-08
9.65998E-08 5.91441E-08
9.67539E-08 1.06171E-07
9.69079E-08 6.18620E-08
9.70620E-08 -3.56741E-08
9.72161E-08 -1.02582E-07
9.73701E-08 -8.12973E-08
9.75242E-08 9.97965E-09
9.76783E-08 9.28484E-08
9.78323E-08 9.60036E-08
9.79864E-08 1.65314E-08
9.81405E-08 -7.74350E-08
9.82945E-08 -1.05095E-07
9.84486E-08 -4.23978E-08
9.86027E-08 5.70913E-08
9.87567E-08 1.07941E-07
9.89108E-08 6.61566E-08
9.90649E-08 -3.28189E-08
9.92189E-08 -1.04179E-07
9.93730E-08 -8.63759E-08
9.95271E-08 5.86233E-09
9.96811E-08 9.37422E-08
9.98352E-08 1.01694E-07
9.99893E-08 2.22916E-08
1.00143E-07 -7.69185E-08
1.00297E-07 -1.10889E-07
1.00451E-07 -4.99321E-08
1.00606E-07 5.44134E-08
1.00760E-07 1.12992E-07
1.00914E-07 7.51888E-08
1.01068E-07 -2.73993E-08
1.01222E-07 -1.07420E-07
1.01376E-07 -9.61532E-08
1.01530E-07 -2.48658E-09
1.01684E-07 9.41125E-08
1.01838E-07 1.11051E-07
1.01992E-07 3.32143E-08
1.02146E-07 -7.36275E-08
1.02300E-07 -1.18441E-07
1.02454E-07 -6.25066E-08
1.02608E-07 4.71672E-08
1.02762E-07 1.17400E-07
1.02917E-07 8.80410E-08
1.03071E-07 -1.65263E-08
1.03225E-07 -1.07670E-07
1.03379E-07 -1.07681E-07
1.03533E-07 -1.60427E-08
1.03687E-07 8.97290E-08
1.03841E-07 1.19702E-07
1.03995E-07 4.80282E-08
1.04149E-07 -6.47808E-08
1.04303E-07 -1.22979E-07
1.04457E-07 -7.68948E-08
1.04611E-07 3.46609E-08
1.04765E-07 1.17107E-07
1.04919E-07 1.00325E-07
1.05073E-07 -1.67270E-09
1.05228E-07 -1.02452E-07
1.05382E-07 -1.16439E-07
1.05536E-07 -3.16240E-08
1.05690E-07 8.01158E-08
1.05844E-07 1.23959E-07
1.05998E-07 6.26464E-08
1.06152E-07 -5.18287E-08
1.06306E-07 -1.22323E-07
1.06460E-07 -8.90166E-08
1.06614E-07 1.97871E-08
1.06768E-07 1.11711E-07
1.06922E-07 1.08762E-07
1.07076E-07 1.35453E-08
1.07230E-07 -9.30144E-08
1.07384E-07 -1.20467E-07
1.07539E-07 -4.56511E-08
1.07693E-07 6.77377E-08
1.07847E-07 1.23375E-07
1.08001E-07 7.41662E-08
1.08155E-07 -3.78542E-08
1.08309E-07 -1.17417E-07
1.08463E-07 -9.70616E-08
1.08617E-07 5.63163E-09
1.08771E-07 1.03197E-07
1.08925E-07 1.12788E-07
1.09079E-07 2.65560E-08
1.09233E-07 -8.19084E-08
1.09387E-07 -1.20372E-07
1.09541E-07 -5.64131E-08
1.09695E-07 5.52209E-08
1.09850E-07 1.19460E-07
1.10004E-07 8.18879E-08
1.10158E-07 -2.51343E-08
1.10312E-07 -1.10315E-07
1.10466E-07 -1.01308E-07
1.10620E-07 -6.18066E-09
1.10774E-07 9.37666E-08
1.10928E-07 1.13478E-07
1.11082E-07 3.65408E-08
1.11236E-07 -7.11287E-08
1.11390E-07 -1.17743E-07
1.11544E-07 -6.39012E-08
1.11698E-07 4.40871E-08
1.11852E-07 1.14008E-07
1.12006E-07 8.64878E-08
1.12161E-07 -1.45705E-08
1.12315E-07 -1.02719E-07
1.12469E-07 -1.02906E-07
1.12623E-07 -1.53901E-08
1.12777E-07 8.48135E-08
1.12931E-07 1.12218E-07
1.13085E-07 4.38013E-08
1.13239E-07 -6.16362E-08
1.13393E-07 -1.13987E-07
1.13547E-07 -6.88388E-08
1.13701E-07 3.48307E-08
1.13855E-07 1.08281E-07
1.14009E-07 8.89592E-08
1.14163E-07 -6.21896E-09
1.14317E-07 -9.56481E-08
1.14472E-07 -1.02985E-07
1.14626E-07 -2.23237E-08
1.14780E-07 7.70537E-08
1.14934E-07 1.10162E-07
1.15088E-07 4.89872E-08
1.15242E-07 -5.38037E-08
1.15396E-07 -1.10182E-07
1.15550E-07 -7.21324E-08
1.15704E-07 2.74502E-08
1.15858E-07 1.03181E-07
1.16012E-07 9.03785E-08
1.16166E-07 3.08064E-10
1.16320E-07 -8.97143E-08
1.16474E-07 -1.02671E-07
1.16628E-07 -2.77262E-08
1.16783E-07 7.07123E-08
1.16937E-07 1.08330E-07
1.17091E-07 5.31107E-08
1.17245E-07 -4.74182E-08
1.17399E-07 -1.07080E-07
1.17553E-07 -7.49106E-08
1.17707E-07 2.13159E-08
1.17861E-07 9.90590E-08
1.18015E-07 9.18019E-08
1.18169E-07 5.95306E-09
1.18323E-07 -8.48089E-08
1.18477E-07 -1.02761E-07
1.18631E-07 -3.26819E-08
1.18785E-07 6.52480E-08
1.18939E-07 1.07124E-07
1.19094E-07 5.71959E-08
1.19248E-07 -4.16203E-08
1.19402E-07 -1.04632E-07
1.19556E-07 -7.79519E-08
1.19710E-07 1.54262E-08
1.19864E-07 9.54497E-08
1.20018E-07 9.36337E-08
1.20172E-07 1.16643E-08
1.20326E-07 -8.01656E-08
1.20480E-07 -1.03239E-07
1.20634E-07 -3.79140E-08
1.20788E-07 5.97613E-08
1.20942E-07 1.06146E-07
1.21096E-07 6.16278E-08
1.21250E-07 -3.55554E-08
1.21405E-07 -1.02166E-07
1.21559E-07 -8.12647E-08
1.21713E-07 9.12340E-09
1.21867E-07 9.15592E-08
1.22021E-07 9.55425E-08
1.22175E-07 1.78040E-08
1.22329E-07 -7.50235E-08
1.22483E-07 -1.03528E-07
1.22637E-07 -4.34556E-08
1.22791E-07 5.36558E-08
1.22945E-07 1.04703E-07
1.23099E-07 6.61397E-08
1.23253E-07 -2.88789E-08
1.23407E-07 -9.90080E-08
1.23561E-07 -8.43615E-08
1.23716E-07 2.34676E-09
1.23870E-07 8.68434E-08
1.24024E-07 9.69271E-08
1.24178E-07 2.41692E-08
1.24332E-07 -6.90481E-08
1.24486E-07 -1.03027E-07
1.24640E-07 -4.89024E-08
1.24794E-07 4.68402E-08
1.24948E-07 1.02295E-07
1.25102E-07 7.02143E-08
1.25256E-07 -2.17315E-08
1.25410E-07 -9.48266E-08
1.25564E-07 -8.67077E-08
1.25718E-07 -4.57794E-09
1.25872E-07 8.11781E-08
1.26027E-07 9.73226E-08
1.26181E-07 3.03196E-08
1.26335E-07 -6.23195E-08
1.26489E-07 -1.01408E-07
1.26643E-07 -5.37796E-08
1.26797E-07 3.95656E-08
1.26951E-07 9.87613E-08
1.27105E-07 7.34170E-08
1.27259E-07 -1.44813E-08
1.27413E-07 -8.96416E-08
1.27567E-07 -8.79684E-08
1.27721E-07 -1.12298E-08
1.27875E-07 7.47418E-08
1.28029E-07 9.65322E-08
1.28183E-07 3.58452E-08
1.28338E-07 -5.51368E-08
1.28492E-07 -9.86251E-08
1.28646E-07 -5.77422E-08
1.28800E-07 3.22030E-08
1.28954E-07 9.42088E-08
1.29108E-07 7.55088E-08
1.29262E-07 -7.51810E-09
1.29416E-07 -8.36845E-08
1.29570E-07 -8.80359E-08
1.29724E-07 -1.72510E-08
1.29878E-07 6.78566E-08
1.30032E-07 9.45877E-08
1.30186E-07 4.04642E-08
1.30340E-07 -4.78692E-08
1.30494E-07 -9.48432E-08
1.30649E-07 -6.06192E-08
1.30803E-07 2.51200E-08
1.30957E-07 8.89082E-08
1.31111E-07 7.64498E-08
1.31265E-07 -1.16002E-09
1.31419E-07 -7.72975E-08
1.31573E-07 -8.70050E-08
1.31727E-07 -2.24149E-08
1.31881E-07 6.08893E-08
1.32035E-07 9.17044E-08
1.32189E-07 4.40715E-08
1.32343E-07 -4.08571E-08
1.32497E-07 -9.03664E-08
1.32651E-07 -6.24390E-08
1.32805E-07 1.85839E-08
1.32960E-07 8.32087E-08
1.33114E-07 7.63947E-08
1.33268E-07 4.43447E-09
1.33422E-07 -7.08233E-08
1.33576E-07 -8.51304E-08
1.33730E-07 -2.66900E-08
1.33884E-07 5.41274E-08
1.34038E-07 8.81957E-08
1.34192E-07 4.67603E-08
1.34346E-07 -3.42949E-08
1.34500E-07 -8.55177E-08
1.34654E-07 -6.33982E-08
1.34808E-07 1.26741E-08
1.34962E-07 7.73957E-08
1.35116E-07 7.56070E-08
1.35271E-07 9.30277E-09
1.35425E-07 -6.44718E-08
1.35579E-07 -8.26978E-08
1.35733E-07 -3.02140E-08
1.35887E-07 4.76821E-08
1.36041E-07 8.43258E-08
1.36195E-07 4.87379E-08
1.36349E-07 -2.81896E-08
1.36503E-07 -8.05042E-08
1.36657E-07 -6.37353E-08
1.36811E-07 7.30552E-09
1.36965E-07 7.15954E-08
1.37119E-07 7.43173E-08
1.37273E-07 1.35979E-08
1.37427E-07 -5.82806E-08
1.37582E-07 -7.98973E-08
1.37736E-07 -3.31758E-08
1.37890E-07 4.15095E-08
1.38044E-07 8.02217E-08
1.38198E-07 5.01960E-08
1.38352E-07 -2.24348E-08
1.38506E-07 -7.53803E-08
1.38660E-07 -6.36153E-08
1.38814E-07 2.33416E-09
1.38968E-07 6.57934E-08
1.39122E-07 7.26436E-08
1.39276E-07 1.74734E-08
1.39430E-07 -5.21796E-08
1.39584E-07 -7.67896E-08
1.39738E-07 -3.57136E-08
1.39893E-07 3.55039E-08
1.40047E-07 7.58876E-08
1.40201E-07 5.12384E-08
1.40355E-07 -1.69112E-08
1.40509E-07 -7.01025E-08
1.40663E-07 -6.30981E-08
1.40817E-07 -2.35114E-09
1.40971E-07 5.99137E-08
1.41125E-07 7.06000E-08
1.41279E-07 2.10161E-08
1.41433E-07 -4.60787E-08
1.41587E-07 -7.33493E-08
1.41741E-07 -3.78802E-08
1.41895E-07 2.95785E-08
1.42049E-07 7.12697E-08
1.42204E-07 5.18815E-08
1.42358E-07 -1.15498E-08
1.42512E-07 -6.46036E-08
1.42666E-07 -6.21670E-08
1.42820E-07 -6.79264E-09
1.42974E-07 5.38904E-08
1.43128E-07 6.81458E-08
1.43282E-07 2.42380E-08
1.43436E-07 -3.99255E-08
1.43590E-07 -6.95230E-08
1.43744E-07 -3.96593E-08
1.43898E-07 2.37036E-08
1.44052E-07 6.63152E-08
1.44206E-07 5.20874E-08
1.44360E-07 -6.34772E-09
1.44515E-07 -5.88428E-08
1.44669E-07 -6.07727E-08
1.44823E-07 -1.09673E-08
1.44977E-07 4.77033E-08
1.45131E-07 6.52314E-08
1.45285E-07 2.70953E-08
1.45439E-07 -3.37260E-08
1.45593E-07 -6.52729E-08
1.45747E-07 -4.09953E-08
1.45901E-07 1.79112E-08
1.46055E-07 6.10068E-08
1.46209E-07 5.17997E-08
1.46363E-07 -1.35901E-09
1.46517E-07 -5.28293E-08
1.46671E-07 -5.88694E-08
1.46826E-07 -1.48071E-08
1.46980E-07 4.13901E-08
1.47134E-07 6.18322E-08
1.47288E-07 2.95171E-08
1.47442E-07 -2.75427E-08
1.47596E-07 -6.06021E-08
1.47750E-07 -4.18265E-08
1.47904E-07 1.22812E-08
1.48058E-07 5.53786E-08
1.48212E-07 5.09770E-08
1.48366E-07 3.33000E-09
1.48520E-07 -4.66261E-08
1.48674E-07 -5.64444E-08
1.48828E-07 -1.82316E-08
1.48982E-07 3.50356E-08
1.49137E-07 5.79683E-08
1.49291E-07 3.14410E-08
1.49445E-07 -2.14717E-08
1.49599E-07 -5.55630E-08
1.49753E-07 -4.21177E-08
1.49907E-07 6.90916E-09
1.50061E-07 4.95096E-08
1.50215E-07 4.96173E-08
1.50369E-07 7.63712E-09
1.50523E-07 -4.03291E-08
1.50677E-07 -5.35298E-08
1.50831E-07 -2.11825E-08
1.50985E-07 2.87410E-08
1.51139E-07 5.37020E-08
1.51293E-07 3.28395E-08
1.51448E-07 -1.56075E-08
1.51602E-07 -5.02402E-08
1.51756E-07 -4.18754E-08
1.51910E-07 1.87114E-09
1.52064E-07 4.34959E-08
1.52218E-07 4.77589E-08
1.52372E-07 1.15127E-08
1.52526E-07 -3.40349E-08
1.52680E-07 -5.01901E-08
1.52834E-07 -2.36413E-08
1.52988E-07 2.25918E-08
1.53142E-07 4.91152E-08
1.53296E-07 3.37254E-08
1.53450E-07 -1.00152E-08
1.53604E-07 -4.47224E-08
1.53759E-07 -4.11404E-08
1.53913E-07 -2.79397E-09
1.54067E-07 3.74230E-08
1.54221E-07 4.54639E-08
1.54375E-07 1.49464E-08
1.54529E-07 -2.78155E-08
1.54683E-07 -4.65000E-08
1.54837E-07 -2.56250E-08
1.54991E-07 1.66403E-08
1.55145E-07 4.42858E-08
1.55299E-07 3.41392E-08
1.55453E-07 -4.72340E-09
1.55607E-07 -3.90823E-08
1.55761E-07 -3.99694E-08
1.55915E-07 -7.08227E-09
1.56070E-07 3.13504E-08
1.56224E-07 4.27983E-08
1.56378E-07 1.79571E-08
1.56532E-07 -2.17132E-08
1.56686E-07 -4.25268E-08
1.56840E-07 -2.71709E-08
1.56994E-07 1.09084E-08
1.57148E-07 3.92755E-08
1.57302E-07 3.41307E-08
1.57456E-07 2.66312E-10
1.57610E-07 -3.33703E-08
1.57764E-07 -3.84193E-08
1.57918E-07 -1.10102E-08
1.58072E-07 2.53143E-08
1.58226E-07 3.98192E-08
1.58381E-07 2.05757E-08
1.58535E-07 -1.57479E-08
1.58689E-07 -3.83228E-08
1.58843E-07 -2.83198E-08
1.58997E-07 5.40042E-09
1.59151E-07 3.41282E-08
1.59305E-07 3.37460E-08
1.59459E-07 4.96334E-09
1.59613E-07 -2.76197E-08
1.59767E-07 -3.65365E-08
1.59921E-07 -1.45980E-08
1.60075E-07 1.93363E-08
1.60229E-07 3.65701E-08
1.60383E-07 2.28299E-08
1.60537E-07 -9.93022E-09
1.60692E-07 -3.39264E-08
1.60846E-07 -2.91035E-08
1.61000E-07 1.17539E-10
1.61154E-07 2.88756E-08
1.61308E-07 3.30181E-08
1.61462E-07 9.37396E-09
1.61616E-07 -2.18550E-08
1.61770E-07 -3.43534E-08
1.61924E-07 -1.78573E-08
1.62078E-07 1.34347E-08
1.62232E-07 3.30816E-08
1.62386E-07 2.47348E-08
1.62540E-07 -4.27309E-09
1.62694E-07 -2.93656E-08
1.62848E-07 -2.95394E-08
1.63003E-07 -4.93157E-09
1.63157E-07 2.35434E-08
1.63311E-07 3.19659E-08
1.63465E-07 1.34929E-08
1.63619E-07 -1.61005E-08
1.63773E-07 -3.18905E-08
1.63927E-07 -2.07859E-08
1.64081E-07 7.63220E-09
1.64235E-07 2.93760E-08
1.64389E-07 2.62914E-08
1.64543E-07 1.20191E-09
1.64697E-07 -2.46651E-08
1.64851E-07 -2.96324E-08
1.65005E-07 -9.72707E-09
1.65159E-07 1.81588E-08
1.65314E-07 3.05993E-08
1.65468E-07 1.73031E-08
1.65622E-07 -1.03853E-08
1.65776E-07 -2.91630E-08
1.65930E-07 -2.33709E-08
1.66084E-07 1.95935E-09
1.66238E-07 2.54746E-08
1.66392E-07 2.74927E-08
1.66546E-07 6.46476E-09
1.66700E-07 -1.98519E-08
1.66854E-07 -2.93828E-08
1.67008E-07 -1.42415E-08
1.67162E-07 1.27536E-08
1.67316E-07 2.89268E-08
1.67470E-07 2.07819E-08
1.67625E-07 -4.74440E-09
1.67779E-07 -2.61884E-08
1.67933E-07 -2.55970E-08
1.68087E-07 -3.54855E-09
1.68241E-07 2.14028E-08
1.68395E-07 2.83325E-08
1.68549E-07 1.14825E-08
1.68703E-07 -1.49579E-08
1.68857E-07 -2.87945E-08
1.69011E-07 -1.84473E-08
1.69165E-07 7.36390E-09
1.69319E-07 2.69627E-08
1.69473E-07 2.39100E-08
1.69627E-07 7.85243E-10
1.69781E-07 -2.29903E-08
1.69936E-07 -2.74547E-08
1.70090E-07 -8.85671E-09
1.70244E-07 1.71919E-08
1.70398E-07 2.88125E-08
1.70552E-07 1.62261E-08
1.70706E-07 -1.00193E-08
1.70860E-07 -2.78808E-08
1.71014E-07 -2.23238E-08
1.71168E-07 2.02723E-09
1.71322E-07 2.47306E-08
1.71476E-07 2.66772E-08
1.71630E-07 6.16819E-09
1.71784E-07 -1.96005E-08
1.71938E-07 -2.89459E-08
1.72092E-07 -1.39353E-08
1.72247E-07 1.28789E-08
1.72401E-07 2.89463E-08
1.72555E-07 2.06741E-08
1.72709E-07 -5.07481E-09
1.72863E-07 -2.66658E-08
1.73017E-07 -2.58603E-08
1.73171E-07 -3.21952E-09
1.73325E-07 2.22630E-08
1.73479E-07 2.90846E-08
1.73633E-07 1.13727E-08
1.73787E-07 -1.60572E-08
1.73941E-07 -3.00832E-08
1.74095E-07 -1.87607E-08
1.74249E-07 8.50421E-09
1.74403E-07 2.87574E-08
1.74558E-07 2.48130E-08
1.74712E-07 -1.63873E-10
1.74866E-07 -2.51815E-08
1.75020E-07 -2.90544E-08
1.75174E-07 -8.34115E-09
1.75328E-07 1.95983E-08
1.75482E-07 3.11412E-08
1.75636E-07 1.63707E-08
1.75790E-07 -1.24018E-08
1.75944E-07 -3.08862E-08
1.76098E-07 -2.33138E-08
1.76252E-07 4.10942E-09
1.76406E-07 2.82741E-08
1.76560E-07 2.86339E-08
1.76714E-07 4.67503E-09
1.76869E-07 -2.34633E-08
1.77023E-07 -3.19080E-08
1.77177E-07 -1.33048E-08
1.77331E-07 1.67756E-08
1.77485E-07 3.28588E-08
1.77639E-07 2.11367E-08
1.77793E-07 -8.67482E-09
1.77947E-07 -3.13757E-08
1.78101E-07 -2.75781E-08
1.78255E-07 -2.66456E-10
1.78409E-07 2.75244E-08
1.78563E-07 3.21297E-08
1.78717E-07 9.40659E-09
1.78871E-07 -2.15437E-08
1.79025E-07 -3.44231E-08
1.79180E-07 -1.80807E-08
1.79334E-07 1.38304E-08
1.79488E-07 3.42481E-08
1.79642E-07 2.56481E-08
1.79796E-07 -4.91199E-09
1.79950E-07 -3.15694E-08
1.80104E-07 -3.15385E-08
1.80258E-07 -4.58936E-09
1.80412E-07 2.65315E-08
1.80566E-07 3.52935E-08
1.80720E-07 1.40002E-08
1.80874E-07 -1.94502E-08
1.81028E-07 -3.66005E-08
1.81182E-07 -2.26432E-08
1.81336E-07 1.07920E-08
1.81491E-07 3.53167E-08
1.81645E-07 2.98850E-08
1.81799E-07 -1.14301E-09
1.81953E-07 -3.14811E-08
1.82107E-07 -3.51818E-08
1.82261E-07 -8.83090E-09
1.82415E-07 2.53143E-08
1.82569E-07 3.81186E-08
1.82723E-07 1.84303E-08
1.82877E-07 -1.72048E-08
1.83031E-07 -3.84401E-08
1.83185E-07 -2.69706E-08
1.83339E-07 7.68448E-09
1.83493E-07 3.60708E-08
1.83647E-07 3.38308E-08
1.83802E-07 2.60751E-09
1.83956E-07 -3.11224E-08
1.84110E-07 -3.84969E-08
1.84264E-07 -1.29675E-08
1.84418E-07 2.38887E-08
1.84572E-07 4.05999E-08
1.84726E-07 2.26755E-08
1.84880E-07 -1.48270E-08
1.85034E-07 -3.99431E-08
1.85188E-07 -3.10454E-08
1.85342E-07 4.52932E-09
1.85496E-07 3.65175E-08
1.85650E-07 3.74725E-08
1.85804E-07 6.31763E-09
1.85958E-07 -3.05059E-08
1.86113E-07 -4.14766E-08
1.86267E-07 -1.69781E-08
1.86421E-07 2.22717E-08
1.86575E-07 4.27365E-08
1.86729E-07 2.67176E-08
1.86883E-07 -1.23370E-08
1.87037E-07 -4.11146E-08
1.87191E-07 -3.48532E-08
1.87345E-07 1.34845E-09
1.87499E-07 3.66681E-08
1.87653E-07 4.08011E-08
1.87807E-07 9.96529E-09
1.87961E-07 -2.96480E-08
1.88115E-07 -4.41177E-08
1.88269E-07 -2.08424E-08
1.88424E-07 2.04842E-08
1.88578E-07 4.45317E-08
1.88732E-07 3.05392E-08
1.88886E-07 -9.75847E-09
1.89040E-07 -4.19647E-08
1.89194E-07 -3.83813E-08
1.89348E-07 -1.83306E-09
1.89502E-07 3.65387E-08
1.89656E-07 4.38097E-08
1.89810E-07 1.35259E-08
1.89964E-07 -2.85704E-08
1.90118E-07 -4.64202E-08
1.90272E-07 -2.45380E-08
1.90426E-07 1.85519E-08
1.90580E-07 4.59927E-08
1.90735E-07 3.41222E-08
1.90889E-07 -7.11976E-09
1.91043E-07 -4.25076E-08
1.91197E-07 -4.16171E-08
1.91351E-07 -4.98629E-09
1.91505E-07 3.61499E-08
1.91659E-07 4.64923E-08
1.91813E-07 1.69719E-08
1.91967E-07 -2.72987E-08
1.92121E-07 -4.83854E-08
1.92275E-07 -2.80405E-08
1.92429E-07 1.65040E-08
1.92583E-07 4.71278E-08
1.92737E-07 3.74469E-08
1.92891E-07 -4.45182E-09
1.93046E-07 -4.27585E-08
1.93200E-07 -4.45471E-08
1.93354E-07 -8.08038E-09
1.93508E-07 3.55229E-08
1.93662E-07 4.88425E-08
1.93816E-07 2.02743E-08
1.93970E-07 -2.58589E-08
1.94124E-07 -5.00140E-08
1.94278E-07 -3.13248E-08
1.94432E-07 1.43696E-08
1.94586E-07 4.79453E-08
1.94740E-07 4.04935E-08
1.94894E-07 -1.78489E-09
1.95048E-07 -4.27320E-08
1.95202E-07 -4.71578E-08
1.95357E-07 -1.10859E-08
1.95511E-07 3.46777E-08
1.95665E-07 5.08535E-08
1.95819E-07 2.34063E-08
1.95973E-07 -2.42749E-08
1.96127E-07 -5.13064E-08
1.96281E-07 -3.43682E-08
1.96435E-07 1.21748E-08
1.96589E-07 4.84520E-08
1.96743E-07 4.32445E-08
1.96897E-07 8.54466E-10
1.97051E-07 -4.24412E-08
1.97205E-07 -4.94378E-08
1.97359E-07 -1.39775E-08
1.97513E-07 3.36318E-08
1.97668E-07 5.25207E-08
1.97822E-07 2.63456E-08
1.97976E-07 -2.25673E-08
1.98130E-07 -5.22645E-08
1.98284E-07 -3.71525E-08
1.98438E-07 9.94164E-09
1.98592E-07 4.86557E-08
1.98746E-07 4.56871E-08
1.98900E-07 3.44445E-09
1.99054E-07 -4.18982E-08
1.99208E-07 -5.13803E-08
1.99362E-07 -1.67353E-08
1.99516E-07 3.24014E-08
1.99670E-07 5.38431E-08
1.99824E-07 2.90754E-08
1.99979E-07 -2.07543E-08
2.00133E-07 -5.28928E-08
2.00287E-07 -3.96655E-08
2.00441E-07 7.68894E-09
2.00595E-07 4.85659E-08
2.00749E-07 4.78141E-08
2.00903E-07 5.96715E-09
2.01057E-07 -4.11169E-08
2.01211E-07 -5.29834E-08
2.01365E-07 -1.93437E-08
2.01519E-07 3.10027E-08
2.01673E-07 5.48243E-08
2.01827E-07 3.15838E-08
2.01981E-07 -1.88538E-08
2.02135E-07 -5.32001E-08
2.02290E-07 -4.18996E-08
2.02444E-07 5.43438E-09
2.02598E-07 4.81959E-08
2.02752E-07 4.96233E-08
2.02906E-07 8.40647E-09
2.03060E-07 -4.01139E-08
2.03214E-07 -5.42504E-08
2.03368E-07 -2.17895E-08
2.03522E-07 2.94546E-08
2.03676E-07 5.54731E-08
2.03830E-07 3.38615E-08
2.03984E-07 -1.68852E-08
2.04138E-07 -5.32000E-08
2.04292E-07 -4.38505E-08
2.04446E-07 3.19686E-09
2.04601E-07 4.75632E-08
2.04755E-07 5.11155E-08
2.04909E-07 1.07455E-08
2.05063E-07 -3.89096E-08
2.05217E-07 -5.51877E-08
2.05371E-07 -2.40591E-08
2.05525E-07 2.77793E-08
2.05679E-07 5.58010E-08
2.05833E-07 3.58992E-08
2.05987E-07 -1.48711E-08
2.06141E-07 -5.29090E-08
2.06295E-07 -4.55140E-08
2.06449E-07 9.97911E-10
2.06603E-07 4.66883E-08
2.06757E-07 5.22922E-08
2.06912E-07 1.29652E-08
2.07066E-07 -3.75274E-08
2.07220E-07 -5.58024E-08
2.07374E-07 -2.61370E-08
2.07528E-07 2.60017E-08
2.07682E-07 5.58205E-08
2.07836E-07 3.76862E-08
2.07990E-07 -1.28365E-08
2.08144E-07 -5.23440E-08
2.08298E-07 -4.68846E-08
2.08452E-07 -1.13892E-09
2.08606E-07 4.55920E-08
2.08760E-07 5.31534E-08
2.08914E-07 1.50447E-08
2.09068E-07 -3.59907E-08
2.09223E-07 -5.61000E-08
2.09377E-07 -2.80062E-08
2.09531E-07 2.41464E-08
2.09685E-07 5.55425E-08
2.09839E-07 3.92099E-08
2.09993E-07 -1.08059E-08
2.10147E-07 -5.15206E-08
2.10301E-07 -4.79551E-08
2.10455E-07 -3.19055E-09
2.10609E-07 4.42932E-08
2.10763E-07 5.36977E-08
2.10917E-07 1.69636E-08
2.11071E-07 -3.43208E-08
2.11225E-07 -5.60847E-08
2.11379E-07 -2.96502E-08
2.11534E-07 2.22356E-08
2.11688E-07 5.49759E-08
2.11842E-07 4.04590E-08
2.11996E-07 -8.80107E-09
2.12150E-07 -5.04519E-08
2.12304E-07 -4.87193E-08
2.12458E-07 -5.13714E-09
2.12612E-07 4.28083E-08
2.12766E-07 5.39240E-08
2.12920E-07 1.87052E-08
2.13074E-07 -3.25357E-08
2.13228E-07 -5.57604E-08
2.13382E-07 -3.10566E-08
2.13536E-07 2.02878E-08
2.13690E-07 5.41294E-08
2.13845E-07 4.14253E-08
2.13999E-07 -6.83945E-09
2.14153E-07 -4.91502E-08
2.14307E-07 -4.91742E-08
2.14461E-07 -6.96348E-09
2.14615E-07 4.11519E-08
2.14769E-07 5.38345E-08
2.14923E-07 2.02577E-08
2.15077E-07 -3.06512E-08
2.15231E-07 -5.51341E-08
2.15385E-07 -3.22175E-08
2.15539E-07 1.83186E-08
2.15693E-07 5.30137E-08
2.15847E-07 4.21061E-08
2.16001E-07 -4.93499E-09
2.16156E-07 -4.76290E-08
2.16310E-07 -4.93221E-08
2.16464E-07 -8.65846E-09
2.16618E-07 3.93392E-08
2.16772E-07 5.34362E-08
2.16926E-07 2.16139E-08
2.17080E-07 -2.86828E-08
2.17234E-07 -5.42168E-08
2.17388E-07 -3.31303E-08
2.17542E-07 1.63424E-08
2.17696E-07 5.16433E-08
2.17850E-07 4.25035E-08
2.18004E-07 -3.09985E-09
2.18158E-07 -4.59050E-08
2.18312E-07 -4.91700E-08
2.18467E-07 -1.02134E-08
2.18621E-07 3.73878E-08
2.18775E-07 5.27406E-08
2.18929E-07 2.27693E-08
2.19083E-07 -2.66479E-08
2.19237E-07 -5.30242E-08
2.19391E-07 -3.37955E-08
2.19545E-07 1.43748E-08
2.19699E-07 5.00366E-08
2.19853E-07 4.26233E-08
2.20007E-07 -1.34664E-09
2.20161E-07 -4.39985E-08
2.20315E-07 -4.87285E-08
2.20469E-07 -1.16196E-08
2.20623E-07 3.53187E-08
2.20778E-07 5.17631E-08
2.20932E-07 2.37200E-08
2.21086E-07 -2.45665E-08
2.21240E-07 -5.15751E-08
2.21394E-07 -3.42144E-08
2.21548E-07 1.24336E-08
2.21702E-07 4.82155E-08
2.21856E-07 4.24720E-08
2.22010E-07 3.10119E-10
2.22164E-07 -4.19329E-08
2.22318E-07 -4.80094E-08
2.22472E-07 -1.28668E-08
2.22626E-07 3.31553E-08
2.22780E-07 5.05199E-08
2.22934E-07 2.44608E-08
2.23089E-07 -2.24607E-08
2.23243E-07 -4.98895E-08
2.23397E-07 -3.43871E-08
2.23551E-07 1.05388E-08
2.23705E-07 4.62024E-08
2.23859E-07 4.20549E-08
2.24013E-07 1.85405E-09
2.24167E-07 -3.97319E-08
2.24321E-07 -4.70231E-08
2.24475E-07 -1.39431E-08
2.24629E-07 3.09214E-08
2.24783E-07 4.90256E-08
2.24937E-07 2.49846E-08
2.25091E-07 -2.03531E-08
2.25245E-07 -4.79857E-08
2.25400E-07 -3.43118E-08
2.25554E-07 8.71012E-09
2.25708E-07 4.40178E-08
2.25862E-07 4.13757E-08
2.26016E-07 3.26891E-09
2.26170E-07 -3.74171E-08
2.26324E-07 -4.57778E-08
2.26478E-07 -1.48367E-08
2.26632E-07 2.86381E-08
2.26786E-07 4.72926E-08
2.26940E-07 2.52846E-08
2.27094E-07 -1.82634E-08
2.27248E-07 -4.58789E-08
2.27402E-07 -3.39866E-08
2.27556E-07 6.96466E-09
2.27711E-07 4.16790E-08
2.27865E-07 4.04372E-08
2.28019E-07 4.54135E-09
2.28173E-07 -3.50063E-08
2.28327E-07 -4.42809E-08
2.28481E-07 -1.55385E-08
2.28635E-07 2.63229E-08
2.28789E-07 4.53320E-08
2.28943E-07 2.53565E-08
2.29097E-07 -1.62071E-08
2.29251E-07 -4.35829E-08
2.29405E-07 -3.34123E-08
2.29559E-07 5.31490E-09
2.29713E-07 3.92011E-08
2.29867E-07 3.92447E-08
2.30022E-07 5.66272E-09
2.30176E-07 -3.25149E-08
2.30330E-07 -4.25416E-08
2.30484E-07 -1.60444E-08
2.30638E-07 2.39898E-08
2.30792E-07 4.31560E-08
2.30946E-07 2.52009E-08
2.31100E-07 -1.41958E-08
2.31254E-07 -4.11119E-08
2.31408E-07 -3.25938E-08
2.31562E-07 3.76918E-09
2.31716E-07 3.65991E-08
2.31870E-07 3.78076E-08
2.32024E-07 6.62883E-09
2.32178E-07 -2.99574E-08
2.32333E-07 -4.05729E-08
2.32487E-07 -1.63547E-08
2.32641E-07 2.16516E-08
2.32795E-07 4.07802E-08
2.32949E-07 2.48229E-08
2.33103E-07 -1.22393E-08
2.33257E-07 -3.84829E-08
2.33411E-07 -3.15412E-08
2.33565E-07 2.33346E-09
2.33719E-07 3.38902E-08
2.33873E-07 3.61398E-08
2.34027E-07 7.43826E-09
2.34181E-07 -2.73497E-08
2.34335E-07 -3.83920E-08
2.34489E-07 -1.64731E-08
2.34644E-07 1.93219E-08
2.34798E-07 3.82240E-08
2.34952E-07 2.42310E-08
2.35106E-07 -1.03480E-08
2.35260E-07 -3.57164E-08
2.35414E-07 -3.02675E-08
2.35568E-07 1.01358E-09
2.35722E-07 3.10947E-08
2.35876E-07 3.42587E-08
2.36030E-07 8.09012E-09
2.36184E-07 -2.47106E-08
2.36338E-07 -3.60193E-08
2.36492E-07 -1.64038E-08
2.36646E-07 1.70166E-08
2.36800E-07 3.55101E-08
2.36955E-07 2.34349E-08
2.37109E-07 -8.53381E-09
2.37263E-07 -3.28359E-08
2.37417E-07 -2.87871E-08
2.37571E-07 -1.83035E-10
2.37725E-07 2.82355E-08
2.37879E-07 3.21826E-08
2.38033E-07 8.58218E-09
2.38187E-07 -2.20612E-08
2.38341E-07 -3.34766E-08
2.38495E-07 -1.61500E-08
2.38649E-07 1.47539E-08
2.38803E-07 3.26619E-08
2.38957E-07 2.24429E-08
2.39111E-07 -6.81088E-09
2.39266E-07 -2.98656E-08
2.39420E-07 -2.71132E-08
2.39574E-07 -1.24701E-09
2.39728E-07 2.53360E-08
2.39882E-07 2.99288E-08
2.40036E-07 8.91025E-09
2.40190E-07 -1.94232E-08
2.40344E-07 -3.07837E-08
2.40498E-07 -1.57129E-08
2.40652E-07 1.25522E-08
2.40806E-07 2.97013E-08
2.40960E-07 2.12611E-08
2.41114E-07 -5.19376E-09
2.41268E-07 -2.68277E-08
2.41422E-07 -2.52565E-08
2.41577E-07 -2.16849E-09
2.41731E-07 2.24179E-08
2.41885E-07 2.75114E-08
2.42039E-07 9.06950E-09
2.42193E-07 -1.68158E-08
2.42347E-07 -2.79579E-08
2.42501E-07 -1.50926E-08
2.42655E-07 1.04280E-08
2.42809E-07 2.66469E-08
2.42963E-07 1.98946E-08
2.43117E-07 -3.69472E-09
2.43271E-07 -2.37409E-08
2.43425E-07 -2.32260E-08
2.43579E-07 -2.93979E-09
2.43733E-07 1.94986E-08
2.43888E-07 2.49431E-08
2.44042E-07 9.05711E-09
2.44196E-07 -1.42545E-08
2.44350E-07 -2.50136E-08
2.44504E-07 -1.42910E-08
2.44658E-07 8.39297E-09
2.44812E-07 2.35141E-08
2.44966E-07 1.83497E-08
2.45120E-07 -2.32158E-09
2.45274E-07 -2.06204E-08
2.45428E-07 -2.10319E-08
2.45582E-07 -3.55762E-09
2.45736E-07 1.65919E-08
2.45890E-07 2.22365E-08
2.46044E-07 8.87448E-09
2.46199E-07 -1.17501E-08
2.46353E-07 -2.19653E-08
2.46507E-07 -1.33143E-08
2.46661E-07 6.45473E-09
2.46815E-07 2.03178E-08
2.46969E-07 1.66364E-08
2.47123E-07 -1.07759E-09
2.47277E-07 -1.74803E-08
2.47431E-07 -1.86874E-08
2.47585E-07 -4.02337E-09
2.47739E-07 1.37096E-08
2.47893E-07 1.94073E-08
2.48047E-07 8.52768E-09
2.48201E-07 -9.31156E-09
2.48355E-07 -1.88297E-08
2.48510E-07 -1.21727E-08
2.48664E-07 4.61814E-09
2.48818E-07 1.70745E-08
2.48972E-07 1.47689E-08
2.49126E-07 3.69418E-11
2.49280E-07 -1.43357E-08
2.49434E-07 -1.62097E-08
2.49588E-07 -4.34156E-09
2.49742E-07 1.08644E-08
2.49896E-07 1.64747E-08
2.50050E-07 8.02604E-09
2.50204E-07 -6.94786E-09
2.50358E-07 -1.56267E-08
2.50512E-07 -1.08801E-08
2.50666E-07 2.88778E-09
2.50821E-07 1.38036E-08
2.50975E-07 1.27649E-08
2.51129E-07 1.02227E-09
2.51283E-07 -1.12042E-08
2.51437E-07 -1.36194E-08
2.51591E-07 -4.51753E-09
2.51745E-07 8.07088E-09
2.51899E-07 1.34607E-08
2.52053E-07 7.37983E-09
2.52207E-07 -4.66975E-09
2.52361E-07 -1.23790E-08
2.52515E-07 -9.45128E-09
2.52669E-07 1.26979E-09
2.52823E-07 1.05271E-08
2.52977E-07 1.06429E-08
2.53132E-07 1.87734E-09
2.53286E-07 -8.10567E-09
2.53440E-07 -1.09377E-08
2.53594E-07 -4.55540E-09
2.53748E-07 5.34590E-09
2.53902E-07 1.03884E-08
2.54056E-07 6.59818E-09
2.54210E-07 -2.49006E-09
2.54364E-07 -9.11000E-09
2.54518E-07 -7.89984E-09
2.54672E-07 -2.27632E-10
2.54826E-07 7.26750E-09
2.54980E-07 8.42018E-09
2.55134E-07 2.59900E-09
2.55288E-07 -5.06080E-09
2.55443E-07 -8.18469E-09
2.55597E-07 -4.45712E-09
2.55751E-07 2.70707E-09
2.55905E-07 7.27950E-09
2.56059E-07 5.68786E-09
2.56213E-07 -4.22470E-10
2.56367E-07 -5.84168E-09
2.56521E-07 -6.23680E-09
2.56675E-07 -1.59537E-09
2.56829E-07 4.04592E-09
2.56983E-07 6.11126E-09
2.57137E-07 3.18293E-09
2.57291E-07 -2.08853E-09
2.57445E-07 -5.37731E-09
2.57599E-07 -4.22317E-09
2.57754E-07 1.70224E-10
2.57908E-07 4.15211E-09
2.58062E-07 4.65383E-09
2.58216E-07 1.52103E-09
2.58370E-07 -2.59229E-09
2.58524E-07 -4.47102E-09
2.58678E-07 -2.82576E-09
2.58832E-07 8.79448E-10
2.58986E-07 3.72804E-09
2.59140E-07 3.62606E-09
2.59294E-07 7.96256E-10
2.59448E-07 -2.52943E-09
2.59602E-07 -3.85497E-09
2.59756E-07 -2.25286E-09
2.59910E-07 1.02097E-09
2.60065E-07 3.50160E-09
2.60219E-07 3.33249E-09
2.60373E-07 6.23775E-10
2.60527E-07 -2.61141E-09
2.60681E-07 -3.91511E-09
2.60835E-07 -2.21897E-09
2.60989E-07 1.28192E-09
2.61143E-07 3.92904E-09
2.61297E-07 3.58309E-09
2.61451E-07 3.46044E-10
2.61605E-07 -3.35734E-09
2.61759E-07 -4.55505E-09
2.61913E-07 -2.10066E-09
2.62067E-07 2.23968E-09
2.62221E-07 5.00869E-09
2.62376E-07 3.79408E-09
2.62530E-07 -6.69475E-10
2.62684E-07 -4.86444E-09
2.62838E-07 -5.23881E-09
2.62992E-07 -1.21353E-09
2.63146E-07 4.09716E-09
2.63300E-07 6.26430E-09
2.63454E-07 3.23459E-09
2.63608E-07 -2.73953E-09
2.63762E-07 -6.73228E-09
2.63916E-07 -5.19844E-09
2.64070E-07 8.80764E-10
2.64224E-07 6.54969E-09
2.64378E-07 6.90557E-09
2.64532E-07 1.33946E-09
2.64687E-07 -5.67815E-09
2.64841E-07 -8.16936E-09
2.64995E-07 -3.74132E-09
2.65149E-07 4.13909E-09
2.65303E-07 8.83243E-09
2.65457E-07 6.11865E-09
2.65611E-07 -2.01416E-09
2.65765E-07 -8.78104E-09
2.65919E-07 -8.25535E-09
2.66073E-07 -5.59222E-10
2.66227E-07 7.95635E-09
2.66381E-07 9.94292E-09
2.66535E-07 3.39701E-09
2.66689E-07 -6.36161E-09
2.66843E-07 -1.09980E-08
2.66998E-07 -6.28159E-09
2.67152E-07 4.06459E-09
2.67306E-07 1.12784E-08
2.67460E-07 8.97800E-09
2.67614E-07 -1.19495E-09
2.67768E-07 -1.06964E-08
2.67922E-07 -1.12520E-08
2.68076E-07 -2.06328E-09
2.68230E-07 9.22823E-09
2.68384E-07 1.28885E-08
2.68538E-07 5.48374E-09
2.68692E-07 -6.91900E-09
2.68846E-07 -1.37099E-08
2.69000E-07 -8.81353E-09
2.69154E-07 3.88223E-09
2.69309E-07 1.35910E-08
2.69463E-07 1.17915E-08
2.69617E-07 -2.94396E-10
2.69771E-07 -1.24713E-08
2.69925E-07 -1.41679E-08
2.70079E-07 -3.61566E-09
2.70233E-07 1.03628E-08
2.70387E-07 1.57240E-08
2.70541E-07 7.58158E-09
2.70695E-07 -7.35227E-09
2.70849E-07 -1.62895E-08
2.71003E-07 -1.13177E-08
2.71157E-07 3.59821E-09
2.71311E-07 1.57580E-08
2.71465E-07 1.45396E-08
2.71620E-07 6.77586E-10
2.71774E-07 -1.40976E-08
2.71928E-07 -1.69845E-08
2.72082E-07 -5.20347E-09
2.72236E-07 1.13561E-08
2.72390E-07 1.84322E-08
2.72544E-07 9.67554E-09
2.72698E-07 -7.66160E-09
2.72852E-07 -1.87223E-08
2.73006E-07 -1.37782E-08
2.73160E-07 3.21657E-09
2.73314E-07 1.77686E-08
2.73468E-07 1.72060E-08
2.73622E-07 1.71362E-09
2.73776E-07 -1.55680E-08
2.73931E-07 -1.96865E-08
2.74085E-07 -6.81677E-09
2.74239E-07 1.22047E-08
2.74393E-07 2.10001E-08
2.74547E-07 1.17540E-08
2.74701E-07 -7.84743E-09
2.74855E-07 -2.09980E-08
2.75009E-07 -1.61824E-08
2.75163E-07 2.74116E-09
2.75317E-07 1.96152E-08
2.75471E-07 1.97790E-08
2.75625E-07 2.80703E-09
2.75779E-07 -1.68787E-08
2.75933E-07 -2.22633E-08
2.76087E-07 -8.44681E-09
2.76242E-07 1.29085E-08
2.76396E-07 2.34190E-08
2.76550E-07 1.38071E-08
2.76704E-07 -7.91300E-09
2.76858E-07 -2.31105E-08
2.77012E-07 -1.85205E-08
2.77166E-07 2.17824E-09
2.77320E-07 2.12955E-08
2.77474E-07 2.22490E-08
2.77628E-07 3.94920E-09
2.77782E-07 -1.80307E-08
2.77936E-07 -2.47071E-08
2.78090E-07 -1.00834E-08
2.78244E-07 1.34718E-08
2.78398E-07 2.56835E-08
2.78553E-07 1.58239E-08
2.78707E-07 -7.86587E-09
2.78861E-07 -2.50577E-08
2.79015E-07 -2.07818E-08
2.79169E-07 1.53804E-09
2.79323E-07 2.28104E-08
2.79477E-07 2.46067E-08
2.79631E-07 5.12790E-09
2.79785E-07 -1.90286E-08
2.79939E-07 -2.70106E-08
2.80093E-07 -1.17132E-08
2.80247E-07 1.39027E-08
2.80401E-07 2.77893E-08
2.80555E-07 1.77908E-08
2.80709E-07 -7.71716E-09
2.80864E-07 -2.68382E-08
2.81018E-07 -2.29533E-08
2.81172E-07 8.34210E-10
2.81326E-07 2.41622E-08
2.81480E-07 2.68407E-08
2.81634E-07 6.32767E-09
2.81788E-07 -1.98782E-08
2.81942E-07 -2.91648E-08
2.82096E-07 -1.33197E-08
2.82250E-07 1.42106E-08
2.82404E-07 2.97302E-08
2.82558E-07 1.96913E-08
2.82712E-07 -7.47936E-09
2.82866E-07 -2.84497E-08
2.83020E-07 -2.50196E-08
2.83175E-07 8.16844E-11
2.83329E-07 2.53523E-08
2.83483E-07 2.89374E-08
2.83637E-07 7.53190E-09
2.83791E-07 -2.05846E-08
2.83945E-07 -3.11585E-08
2.84099E-07 -1.48855E-08
2.84253E-07 1.44039E-08
2.84407E-07 3.14981E-08
2.84561E-07 2.15082E-08
2.84715E-07 -7.16381E-09
2.84869E-07 -2.98873E-08
2.85023E-07 -2.69641E-08
2.85177E-07 -7.05780E-10
2.85331E-07 2.63795E-08
2.85486E-07 3.08819E-08
2.85640E-07 8.72518E-09
2.85794E-07 -2.11503E-08
2.85948E-07 -3.29793E-08
2.86102E-07 -1.63945E-08
2.86256E-07 1.44884E-08
2.86410E-07 3.30838E-08
2.86564E-07 2.32252E-08
2.86718E-07 -6.77928E-09
2.86872E-07 -3.11451E-08
2.87026E-07 -2.87717E-08
2.87180E-07 -1.51724E-09
2.87334E-07 2.72413E-08
2.87488E-07 3.26608E-08
2.87642E-07 9.89514E-09
2.87797E-07 -2.15760E-08
2.87951E-07 -3.46163E-08
2.88105E-07 -1.78335E-08
2.88259E-07 1.44678E-08
2.88413E-07 3.44788E-08
2.88567E-07 2.48296E-08
2.88721E-07 -6.33184E-09
2.88875E-07 -3.22177E-08
2.89029E-07 -3.04307E-08
2.89183E-07 -2.34483E-09
2.89337E-07 2.79353E-08
2.89491E-07 3.42640E-08
2.89645E-07 1.10329E-08
2.89799E-07 -2.18622E-08
2.89953E-07 -3.60614E-08
2.90108E-07 -1.91936E-08
2.90262E-07 1.43451E-08
2.90416E-07 3.56779E-08
2.90570E-07 2.63129E-08
2.90724E-07 -5.82637E-09
2.90878E-07 -3.31027E-08
2.91032E-07 -3.19337E-08
2.91186E-07 -3.18242E-09
2.91340E-07 2.84617E-08
2.91494E-07 3.56862E-08
2.91648E-07 1.21318E-08
2.91802E-07 -2.20115E-08
2.91956E-07 -3.73117E-08
2.92110E-07 -2.04683E-08
2.92264E-07 1.41250E-08
2.92419E-07 3.66806E-08
2.92573E-07 2.76695E-08
2.92727E-07 -5.26906E-09
2.92881E-07 -3.38022E-08
2.93035E-07 -3.32769E-08
2.93189E-07 -4.02304E-09
2.93343E-07 2.88252E-08
2.93497E-07 3.69256E-08
2.93651E-07 1.31848E-08
2.93805E-07 -2.20308E-08
2.93959E-07 -3.83679E-08
2.94113E-07 -2.16513E-08
2.94267E-07 1.38159E-08
2.94421E-07 3.74904E-08
2.94575E-07 2.88947E-08
2.94730E-07 -4.66944E-09
2.94884E-07 -3.43222E-08
2.95038E-07 -3.44575E-08
2.95192E-07 -4.85679E-09
2.95346E-07 2.90344E-08
2.95500E-07 3.79818E-08
2.95654E-07 1.41824E-08
2.95808E-07 -2.19308E-08
2.95962E-07 -3.92324E-08
2.96116E-07 -2.27342E-08
2.96270E-07 1.34300E-08
2.96424E-07 3.81125E-08
2.96578E-07 2.99817E-08
2.96732E-07 -4.04049E-09
2.96886E-07 -3.46708E-08
2.97041E-07 -3.54711E-08
2.97195E-07 -5.67061E-09
2.97349E-07 2.90996E-08
2.97503E-07 3.88533E-08
2.97657E-07 1.51122E-08
2.97811E-07 -2.17237E-08
2.97965E-07 -3.99065E-08
2.98119E-07 -2.37058E-08
2.98273E-07 1.29811E-08
2.98427E-07 3.85511E-08
2.98581E-07 3.09216E-08
2.98735E-07 -3.39673E-09
2.98889E-07 -3.48550E-08
2.99043E-07 -3.63111E-08
2.99197E-07 -6.44998E-09
2.99352E-07 2.90304E-08
2.99506E-07 3.95361E-08
2.99660E-07 1.59604E-08
2.99814E-07 -2.14210E-08
2.99968E-07 -4.03893E-08
3.00122E-07 -2.45540E-08
3.00276E-07 1.24820E-08
3.00430E-07 3.88083E-08
3.00584E-07 3.17037E-08
3.00738E-07 -2.75163E-09
3.00892E-07 -3.48796E-08
3.01046E-07 -3.69694E-08
3.01200E-07 -7.18146E-09
3.01354E-07 2.88337E-08
3.01508E-07 4.00249E-08
3.01663E-07 1.67144E-08
3.01817E-07 -2.10317E-08
3.01971E-07 -4.06782E-08
3.02125E-07 -2.52672E-08
3.02279E-07 1.19428E-08
3.02433E-07 3.88842E-08
3.02587E-07 3.23188E-08
3.02741E-07 -2.11577E-09
3.02895E-07 -3.47470E-08
3.03049E-07 -3.74389E-08
3.03203E-07 -7.85465E-09
3.03357E-07 2.85143E-08
3.03511E-07 4.03150E-08
3.03665E-07 1.73644E-08
3.03819E-07 -2.05619E-08
3.03974E-07 -4.07710E-08
3.04128E-07 -2.58373E-08
3.04282E-07 1.13704E-08
3.04436E-07 3.87789E-08
3.04590E-07 3.27604E-08
3.04744E-07 -1.49626E-09
3.04898E-07 -3.44595E-08
3.05052E-07 -3.77154E-08
3.05206E-07 -8.46294E-09
3.05360E-07 2.80758E-08
3.05514E-07 4.04045E-08
3.05668E-07 1.79051E-08
3.05822E-07 -2.00160E-08
3.05976E-07 -4.06681E-08
3.06130E-07 -2.62605E-08
3.06285E-07 1.07697E-08
3.06439E-07 3.84946E-08
3.06593E-07 3.30267E-08
3.06747E-07 -8.97713E-10
3.06901E-07 -3.40209E-08
3.07055E-07 -3.77991E-08
3.07209E-07 -9.00268E-09
3.07363E-07 2.75231E-08
3.07517E-07 4.02958E-08
3.07671E-07 1.83342E-08
3.07825E-07 -1.93996E-08
3.07979E-07 -4.03738E-08
