0.00000E+00 0.00000E+00
1.54067E-10 0.00000E+00
3.08133E-10 4.69525E-12
4.62200E-10 2.05874E-11
6.16267E-10 4.76849E-11
7.70333E-10 7.46219E-11
9.24400E-10 8.41192E-11
1.07847E-09 6.64200E-11
1.23253E-09 2.99160E-11
1.38660E-09 -1.28893E-12
1.54067E-09 -3.11166E-12
1.69473E-09 3.07419E-11
1.84880E-09 8.32409E-11
2.00287E-09 1.26185E-10
2.15693E-09 1.41496E-10
2.31100E-09 1.35286E-10
2.46507E-09 1.33506E-10
2.61913E-09 1.62409E-10
2.77320E-09 2.29180E-10
2.92727E-09 3.18071E-10
3.08133E-09 4.04956E-10
3.23540E-09 4.78533E-10
3.38947E-09 5.51158E-10
3.54353E-09 6.50909E-10
3.69760E-09 8.01746E-10
3.85167E-09 1.00815E-09
4.00573E-09 1.25672E-09
4.15980E-09 1.53317E-09
4.31387E-09 1.84068E-09
4.46793E-09 2.20483E-09
4.62200E-09 2.66162E-09
4.77607E-09 3.23899E-09
4.93013E-09 3.94767E-09
5.08420E-09 4.78890E-09
5.23827E-09 5.77281E-09
5.39233E-09 6.93252E-09
5.54640E-09 8.32307E-09
5.70047E-09 1.00070E-08
5.85453E-09 1.20399E-08
6.00860E-09 1.44683E-08
6.16267E-09 1.73434E-08
6.31673E-09 2.07393E-08
6.47080E-09 2.47623E-08
6.62487E-09 2.95458E-08
6.77893E-09 3.52363E-08
6.93300E-09 4.19857E-08
7.08707E-09 4.99579E-08
7.24113E-09 5.93475E-08
7.39520E-09 7.03976E-08
7.54927E-09 8.34056E-08
7.70333E-09 9.87178E-08
7.85740E-09 1.16720E-07
8.01147E-09 1.37842E-07
8.16553E-09 1.62572E-07
8.31960E-09 1.91481E-07
8.47367E-09 2.25246E-07
8.62773E-09 2.64652E-07
8.78180E-09 3.10593E-07
8.93587E-09 3.64080E-07
9.08993E-09 4.26250E-07
9.24400E-09 4.98406E-07
9.39807E-09 5.82045E-07
9.55213E-09 6.78884E-07
9.70620E-09 7.90881E-07
9.86027E-09 9.20244E-07
1.00143E-08 1.06946E-06
1.01684E-08 1.24133E-06
1.03225E-08 1.43903E-06
1.04765E-08 1.66615E-06
1.06306E-08 1.92675E-06
1.07847E-08 2.22539E-06
1.09387E-08 2.56715E-06
1.10928E-08 2.95775E-06
1.12469E-08 3.40355E-06
1.14009E-08 3.91169E-06
1.15550E-08 4.49012E-06
1.17091E-08 5.14772E-06
1.18631E-08 5.89433E-06
1.20172E-08 6.74087E-06
1.21713E-08 7.69941E-06
1.23253E-08 8.78330E-06
1.24794E-08 1.00073E-05
1.26335E-08 1.13877E-05
1.27875E-08 1.29423E-05
1.29416E-08 1.46909E-05
1.30957E-08 1.66549E-05
1.32497E-08 1.88578E-05
1.34038E-08 2.13254E-05
1.35579E-08 2.40856E-05
1.37119E-08 2.71689E-05
1.38660E-08 3.06085E-05
1.40201E-08 3.44403E-05
1.41741E-08 3.87029E-05
1.43282E-08 4.34382E-05
1.44823E-08 4.86913E-05
1.46363E-08 5.45107E-05
1.47904E-08 6.09484E-05
1.49445E-08 6.80600E-05
1.50985E-08 7.59049E-05
1.52526E-08 8.45464E-05
1.54067E-08 9.40518E-05
1.55607E-08 1.04492E-04
1.57148E-08 1.15944E-04
1.58689E-08 1.28485E-04
1.60229E-08 1.42201E-04
1.61770E-08 1.57179E-04
1.63311E-08 1.73510E-04
1.64851E-08 1.91292E-04
1.66392E-08 2.10623E-04
1.67933E-08 2.31608E-04
1.69473E-08 2.54354E-04
1.71014E-08 2.78970E-04
1.72555E-08 3.05569E-04
1.74095E-08 3.34268E-04
1.75636E-08 3.65184E-04
1.77177E-08 3.98435E-04
1.78717E-08 4.34142E-04
1.80258E-08 4.72425E-04
1.81799E-08 5.13404E-04
1.83339E-08 5.57198E-04
1.84880E-08 6.03923E-04
1.86421E-08 6.53693E-04
1.87961E-08 7.06617E-04
1.89502E-08 7.62801E-04
1.91043E-08 8.22342E-04
1.92583E-08 8.85333E-04
1.94124E-08 9.51855E-04
1.95665E-08 1.02198E-03
1.97205E-08 1.09578E-03
1.98746E-08 1.17328E-03
2.00287E-08 1.25454E-03
2.01827E-08 1.33957E-03
2.03368E-08 1.42838E-03
2.04909E-08 1.52094E-03
2.06449E-08 1.61723E-03
2.07990E-08 1.71719E-03
2.09531E-08 1.82073E-03
2.11071E-08 1.92777E-03
2.12612E-08 2.03817E-03
2.14153E-08 2.15179E-03
2.15693E-08 2.26843E-03
2.17234E-08 2.38790E-03
2.18775E-08 2.50996E-03
2.20315E-08 2.63435E-03
2.21856E-08 2.76077E-03
2.23397E-08 2.88890E-03
2.24937E-08 3.01839E-03
2.26478E-08 3.14885E-03
2.28019E-08 3.27987E-03
2.29559E-08 3.41101E-03
2.31100E-08 3.54180E-03
2.32641E-08 3.67175E-03
2.34181E-08 3.80033E-03
2.35722E-08 3.92701E-03
2.37263E-08 4.05122E-03
2.38803E-08 4.17237E-03
2.40344E-08 4.28986E-03
2.41885E-08 4.40308E-03
2.43425E-08 4.51140E-03
2.44966E-08 4.61419E-03
2.46507E-08 4.71081E-03
2.48047E-08 4.80061E-03
2.49588E-08 4.88297E-03
2.51129E-08 4.95724E-03
2.52669E-08 5.02282E-03
2.54210E-08 5.07909E-03
2.55751E-08 5.12548E-03
2.57291E-08 5.16142E-03
2.58832E-08 5.18637E-03
2.60373E-08 5.19985E-03
2.61913E-08 5.20138E-03
2.63454E-08 5.19053E-03
2.64995E-08 5.16694E-03
2.66535E-08 5.13027E-03
2.68076E-08 5.08024E-03
2.69617E-08 5.01662E-03
2.71157E-08 4.93925E-03
2.72698E-08 4.84803E-03
2.74239E-08 4.74290E-03
2.75779E-08 4.62390E-03
2.77320E-08 4.49112E-03
2.78861E-08 4.34470E-03
2.80401E-08 4.18488E-03
2.81942E-08 4.01195E-03
2.83483E-08 3.82627E-03
2.85023E-08 3.62826E-03
2.86564E-08 3.41843E-03
2.88105E-08 3.19733E-03
2.89645E-08 2.96558E-03
2.91186E-08 2.72386E-03
2.92727E-08 2.47290E-03
2.94267E-08 2.21350E-03
2.95808E-08 1.94649E-03
2.97349E-08 1.67274E-03
2.98889E-08 1.39318E-03
3.00430E-08 1.10875E-03
3.01971E-08 8.20436E-04
3.03511E-08 5.29240E-04
3.05052E-08 2.36181E-04
3.06593E-08 -5.77120E-05
3.08133E-08 -3.51404E-04
3.09674E-08 -6.43860E-04
3.11215E-08 -9.34054E-04
3.12755E-08 -1.22097E-03
3.14296E-08 -1.50362E-03
3.15837E-08 -1.78103E-03
3.17377E-08 -2.05227E-03
3.18918E-08 -2.31642E-03
3.20459E-08 -2.57263E-03
3.21999E-08 -2.82008E-03
3.23540E-08 -3.05800E-03
3.25081E-08 -3.28568E-03
3.26621E-08 -3.50246E-03
3.28162E-08 -3.70775E-03
3.29703E-08 -3.90100E-03
3.31243E-08 -4.08176E-03
3.32784E-08 -4.24962E-03
3.34325E-08 -4.40424E-03
3.35865E-08 -4.54535E-03
3.37406E-08 -4.67277E-03
3.38947E-08 -4.78636E-03
3.40487E-08 -4.88605E-03
3.42028E-08 -4.97184E-03
3.43569E-08 -5.04382E-03
3.45109E-08 -5.10209E-03
3.46650E-08 -5.14686E-03
3.48191E-08 -5.17837E-03
3.49731E-08 -5.19692E-03
3.51272E-08 -5.20286E-03
3.52813E-08 -5.19659E-03
3.54353E-08 -5.17854E-03
3.55894E-08 -5.14920E-03
3.57435E-08 -5.10908E-03
3.58975E-08 -5.05873E-03
3.60516E-08 -4.99871E-03
3.62057E-08 -4.92962E-03
3.63597E-08 -4.85207E-03
3.65138E-08 -4.76669E-03
3.66679E-08 -4.67410E-03
3.68219E-08 -4.57496E-03
3.69760E-08 -4.46988E-03
3.71301E-08 -4.35952E-03
3.72841E-08 -4.24451E-03
3.74382E-08 -4.12547E-03
3.75923E-08 -4.00301E-03
3.77463E-08 -3.87772E-03
3.79004E-08 -3.75018E-03
3.80545E-08 -3.62096E-03
3.82085E-08 -3.49058E-03
3.83626E-08 -3.35955E-03
3.85167E-08 -3.22836E-03
3.86707E-08 -3.09747E-03
3.88248E-08 -2.96730E-03
3.89789E-08 -2.83827E-03
3.91329E-08 -2.71073E-03
3.92870E-08 -2.58504E-03
3.94411E-08 -2.46150E-03
3.95951E-08 -2.34039E-03
3.97492E-08 -2.22198E-03
3.99033E-08 -2.10647E-03
4.00573E-08 -1.99408E-03
4.02114E-08 -1.88496E-03
4.03655E-08 -1.77926E-03
4.05195E-08 -1.67710E-03
4.06736E-08 -1.57856E-03
4.08277E-08 -1.48371E-03
4.09817E-08 -1.39261E-03
4.11358E-08 -1.30528E-03
4.12899E-08 -1.22173E-03
4.14439E-08 -1.14194E-03
4.15980E-08 -1.06590E-03
4.17521E-08 -9.93549E-04
4.19061E-08 -9.24848E-04
4.20602E-08 -8.59725E-04
4.22143E-08 -7.98105E-04
4.23683E-08 -7.39900E-04
4.25224E-08 -6.85016E-04
4.26765E-08 -6.33352E-04
4.28305E-08 -5.84801E-04
4.29846E-08 -5.39252E-04
4.31387E-08 -4.96589E-04
4.32927E-08 -4.56695E-04
4.34468E-08 -4.19451E-04
4.36009E-08 -3.84736E-04
4.37549E-08 -3.52430E-04
4.39090E-08 -3.22413E-04
4.40631E-08 -2.94566E-04
4.42171E-08 -2.68773E-04
4.43712E-08 -2.44919E-04
4.45253E-08 -2.22892E-04
4.46793E-08 -2.02583E-04
4.48334E-08 -1.83886E-04
4.49875E-08 -1.66699E-04
4.51415E-08 -1.50923E-04
4.52956E-08 -1.36465E-04
4.54497E-08 -1.23233E-04
4.56037E-08 -1.11141E-04
4.57578E-08 -1.00108E-04
4.59119E-08 -9.00541E-05
4.60659E-08 -8.09069E-05
4.62200E-08 -7.25962E-05
4.63741E-08 -6.50563E-05
4.65281E-08 -5.82254E-05
4.66822E-08 -5.20457E-05
4.68363E-08 -4.64630E-05
4.69903E-08 -4.14266E-05
4.71444E-08 -3.68895E-05
4.72985E-08 -3.28078E-05
4.74525E-08 -2.91410E-05
4.76066E-08 -2.58514E-05
4.77607E-08 -2.29044E-05
4.79147E-08 -2.02679E-05
4.80688E-08 -1.79123E-05
4.82229E-08 -1.58107E-05
4.83769E-08 -1.39382E-05
4.85310E-08 -1.22721E-05
4.86851E-08 -1.07917E-05
4.88391E-08 -9.47800E-06
4.89932E-08 -8.31387E-06
4.91473E-08 -7.28364E-06
4.93013E-08 -6.37313E-06
4.94554E-08 -5.56950E-06
4.96095E-08 -4.86118E-06
4.97635E-08 -4.23768E-06
4.99176E-08 -3.68957E-06
5.00717E-08 -3.20838E-06
5.02257E-08 -2.78648E-06
5.03798E-08 -2.41707E-06
5.05339E-08 -2.09404E-06
5.06879E-08 -1.81195E-06
5.08420E-08 -1.56593E-06
5.09961E-08 -1.35165E-06
5.11501E-08 -1.16524E-06
5.13042E-08 -1.00330E-06
5.14583E-08 -8.62803E-07
5.16123E-08 -7.41071E-07
5.17664E-08 -6.35738E-07
5.19205E-08 -5.44712E-07
5.20745E-08 -4.66143E-07
5.22286E-08 -3.98412E-07
5.23827E-08 -3.40100E-07
5.25367E-08 -2.89967E-07
5.26908E-08 -2.46927E-07
5.28449E-08 -2.10024E-07
5.29989E-08 -1.78419E-07
5.31530E-08 -1.51381E-07
5.33071E-08 -1.28276E-07
5.34611E-08 -1.08562E-07
5.36152E-08 -9.17690E-08
5.37693E-08 -7.74854E-08
5.39233E-08 -6.53497E-08
5.40774E-08 -5.50461E-08
5.42315E-08 -4.63046E-08
5.43855E-08 -3.88982E-08
5.45396E-08 -3.26364E-08
5.46937E-08 -2.73544E-08
5.48477E-08 -2.29057E-08
5.50018E-08 -1.91592E-08
5.51559E-08 -1.60022E-08
5.53099E-08 -1.33426E-08
5.54640E-08 -1.11080E-08
5.56181E-08 -9.23875E-09
5.57721E-08 -7.68096E-09
5.59262E-08 -6.38295E-09
5.60803E-08 -5.29722E-09
5.62343E-08 -4.38527E-09
5.63884E-08 -3.62016E-09
5.65425E-08 -2.98385E-09
5.66965E-08 -2.46091E-09
5.68506E-08 -2.03340E-09
5.70047E-08 -1.68079E-09
5.71587E-08 -1.38447E-09
5.73128E-08 -1.13273E-09
5.74669E-08 -9.21560E-10
5.76209E-08 -7.50387E-10
5.77750E-08 -6.16116E-10
5.79291E-08 -5.10417E-10
5.80831E-08 -4.22344E-10
5.82372E-08 -3.43934E-10
5.83913E-08 -2.73867E-10
5.85453E-08 -2.15980E-10
5.86994E-08 -1.73837E-10
5.88535E-08 -1.45905E-10
5.90075E-08 -1.25393E-10
5.91616E-08 -1.04834E-10
5.93157E-08 -8.14325E-11
5.94697E-08 -5.86058E-11
5.96238E-08 -4.23654E-11
5.97779E-08 -3.56238E-11
5.99319E-08 -3.52554E-11
6.00860E-08 -3.43940E-11
6.02401E-08 -2.79804E-11
6.03941E-08 -1.68128E-11
6.05482E-08 -6.64260E-12
6.07023E-08 -3.09002E-12
6.08563E-08 -6.71584E-12
6.10104E-08 -1.24428E-11
6.11645E-08 -1.38042E-11
6.13185E-08 -8.38266E-12
6.14726E-08 2.00389E-13
6.16267E-08 5.43532E-12
6.17807E-08 3.51848E-12
6.19348E-08 -3.38095E-12
6.20889E-08 -8.95823E-12
6.22429E-08 -8.13505E-12
6.23970E-08 -1.36728E-12
6.25511E-08 5.77060E-12
6.27051E-08 7.35934E-12
6.28592E-08 2.18881E-12
6.30133E-08 -5.21520E-12
6.31673E-08 -8.45609E-12
6.33214E-08 -4.71765E-12
6.34755E-08 2.84819E-12
6.36295E-08 7.82456E-12
6.37836E-08 6.00819E-12
6.39377E-08 -1.01208E-12
6.40917E-08 -7.22177E-12
6.42458E-08 -7.31571E-12
6.43999E-08 -1.21655E-12
6.45539E-08 5.87244E-12
6.47080E-08 7.91480E-12
6.48621E-08 3.18760E-12
6.50161E-08 -4.26007E-12
6.51702E-08 -8.07118E-12
6.53243E-08 -5.00361E-12
6.54783E-08 2.31431E-12
6.56324E-08 7.63758E-12
6.57865E-08 6.43534E-12
6.59405E-08 -2.51695E-13
6.60946E-08 -6.71101E-12
6.62487E-08 -7.43756E-12
6.64027E-08 -1.82489E-12
6.65568E-08 5.32929E-12
6.67109E-08 7.92443E-12
6.68649E-08 3.75934E-12
6.70190E-08 -3.60069E-12
6.71731E-08 -7.87563E-12
6.73271E-08 -5.42905E-12
6.74812E-08 1.63868E-12
6.76353E-08 7.29350E-12
6.77893E-08 6.71923E-12
6.79434E-08 4.19459E-13
6.80975E-08 -6.22362E-12
6.82515E-08 -7.54736E-12
6.84056E-08 -2.43545E-12
6.85597E-08 4.74087E-12
6.87137E-08 7.86060E-12
6.88678E-08 4.27380E-12
6.90219E-08 -2.94764E-12
6.91759E-08 -7.64081E-12
6.93300E-08 -5.81128E-12
6.94841E-08 9.67259E-13
6.96381E-08 6.90649E-12
6.97922E-08 6.94617E-12
6.99463E-08 1.06537E-12
7.01003E-08 -5.71068E-12
7.02544E-08 -7.60471E-12
7.04085E-08 -3.01304E-12
7.05625E-08 4.13661E-12
7.07166E-08 7.74484E-12
7.08707E-08 4.74389E-12
7.10247E-08 -2.29418E-12
7.11788E-08 -7.36187E-12
7.13329E-08 -6.14403E-12
7.14869E-08 3.07888E-13
7.16410E-08 6.48349E-12
7.17951E-08 7.11966E-12
7.19491E-08 1.68600E-12
7.21032E-08 -5.17320E-12
7.22573E-08 -7.60847E-12
7.24113E-08 -3.55346E-12
7.25654E-08 3.52184E-12
7.27195E-08 7.58041E-12
7.28735E-08 5.16929E-12
7.30276E-08 -1.64274E-12
7.31817E-08 -7.04010E-12
7.33357E-08 -6.42522E-12
7.34898E-08 -3.34736E-13
7.36439E-08 6.02858E-12
7.37979E-08 7.24024E-12
7.39520E-08 2.27814E-12
7.41061E-08 -4.61539E-12
7.42601E-08 -7.56049E-12
7.44142E-08 -4.05502E-12
7.45683E-08 2.89970E-12
7.47223E-08 7.36843E-12
7.48764E-08 5.54717E-12
7.50305E-08 -9.98774E-13
7.51845E-08 -6.68000E-12
7.53386E-08 -6.65560E-12
7.54927E-08 -9.57954E-13
7.56467E-08 5.54473E-12
7.58008E-08 7.30790E-12
7.59549E-08 2.83817E-12
7.61089E-08 -4.04184E-12
7.62630E-08 -7.46266E-12
7.64171E-08 -4.51523E-12
7.65711E-08 2.27532E-12
7.67252E-08 7.11292E-12
7.68793E-08 5.87777E-12
7.70333E-08 -3.65258E-13
7.71874E-08 -6.28458E-12
7.73415E-08 -6.83507E-12
7.74955E-08 -1.55807E-12
7.76496E-08 5.03674E-12
7.78037E-08 7.32520E-12
7.79577E-08 3.36503E-12
7.81118E-08 -3.45574E-12
7.82659E-08 -7.31729E-12
7.84199E-08 -4.93368E-12
7.85740E-08 1.65105E-12
7.87281E-08 6.81567E-12
7.88821E-08 6.16041E-12
7.90362E-08 2.55088E-13
7.91903E-08 -5.85623E-12
7.93443E-08 -6.96367E-12
7.94984E-08 -2.13288E-12
7.96525E-08 4.50670E-12
7.98065E-08 7.29171E-12
7.99606E-08 3.85552E-12
8.01147E-08 -2.86071E-12
8.02687E-08 -7.12539E-12
8.04228E-08 -5.30771E-12
8.05769E-08 1.03124E-12
8.07309E-08 6.47914E-12
8.08850E-08 6.39352E-12
8.10391E-08 8.57811E-13
8.11931E-08 -5.39870E-12
8.13472E-08 -7.04118E-12
8.15013E-08 -2.67813E-12
8.16553E-08 3.95983E-12
8.18094E-08 7.20978E-12
8.19635E-08 4.30758E-12
8.21175E-08 -2.26123E-12
8.22716E-08 -6.89008E-12
8.24257E-08 -5.63665E-12
8.25797E-08 4.19544E-13
8.27338E-08 6.10674E-12
8.28879E-08 6.57736E-12
8.30419E-08 1.43986E-12
8.31960E-08 -4.91570E-12
8.33501E-08 -7.06899E-12
8.35041E-08 -3.19205E-12
8.36582E-08 3.39900E-12
8.38123E-08 7.08034E-12
8.39663E-08 4.71894E-12
8.41204E-08 -1.66106E-12
8.42745E-08 -6.61337E-12
8.44285E-08 -5.91870E-12
8.45826E-08 -1.79501E-13
8.47367E-08 5.70237E-12
8.48907E-08 6.71227E-12
8.50448E-08 1.99797E-12
8.51989E-08 -4.41126E-12
8.53529E-08 -7.04844E-12
8.55070E-08 -3.67209E-12
8.56611E-08 2.82866E-12
8.58151E-08 6.90626E-12
8.59692E-08 5.08884E-12
8.61233E-08 -1.06369E-12
8.62773E-08 -6.29843E-12
8.64314E-08 -6.15423E-12
8.65855E-08 -7.63555E-13
8.67395E-08 5.26862E-12
8.68936E-08 6.79853E-12
8.70477E-08 2.52978E-12
8.72017E-08 -3.88822E-12
8.73558E-08 -6.98011E-12
8.75099E-08 -4.11573E-12
8.76639E-08 2.25257E-12
8.78180E-08 6.68949E-12
8.79721E-08 5.41571E-12
8.81261E-08 -4.72943E-13
8.82802E-08 -5.94822E-12
8.84343E-08 -6.34296E-12
8.85883E-08 -1.32939E-12
8.87424E-08 4.80894E-12
8.88965E-08 6.83696E-12
8.90505E-08 3.03283E-12
8.92046E-08 -3.35021E-12
8.93587E-08 -6.86591E-12
8.95127E-08 -4.52193E-12
8.96668E-08 1.67333E-12
8.98209E-08 6.43150E-12
8.99749E-08 5.69846E-12
9.01290E-08 1.08543E-13
9.02831E-08 -5.56428E-12
9.04371E-08 -6.48351E-12
9.05912E-08 -1.87358E-12
9.07453E-08 4.32583E-12
9.08993E-08 6.82661E-12
9.10534E-08 3.50293E-12
9.12075E-08 -2.80169E-12
9.13615E-08 -6.70703E-12
9.15156E-08 -4.88747E-12
9.16697E-08 1.09616E-12
9.18237E-08 6.13545E-12
9.19778E-08 5.93559E-12
9.21319E-08 6.75685E-13
9.22859E-08 -5.15143E-12
9.24400E-08 -6.57677E-12
9.25941E-08 -2.39244E-12
9.27481E-08 3.82481E-12
9.29022E-08 6.77091E-12
9.30563E-08 3.93947E-12
9.32103E-08 -2.24596E-12
9.33644E-08 -6.50632E-12
9.35185E-08 -5.21249E-12
9.36725E-08 5.23258E-13
9.38266E-08 5.80338E-12
9.39807E-08 6.12685E-12
9.41347E-08 1.22601E-12
9.42888E-08 -4.71213E-12
9.44429E-08 -6.62300E-12
9.45969E-08 -2.88388E-12
9.47510E-08 3.30810E-12
9.49051E-08 6.66967E-12
9.50591E-08 4.33928E-12
9.52132E-08 -1.68704E-12
9.53673E-08 -6.26532E-12
9.55213E-08 -5.49440E-12
9.56754E-08 -4.01141E-14
9.58295E-08 5.43973E-12
9.59835E-08 6.27300E-12
9.61376E-08 1.75667E-12
9.62917E-08 -4.25008E-12
9.64457E-08 -6.62352E-12
9.65998E-08 -3.34588E-12
9.67539E-08 2.77926E-12
9.69079E-08 6.52497E-12
9.70620E-08 4.70141E-12
9.72161E-08 -1.12778E-12
9.73701E-08 -5.98615E-12
9.75242E-08 -5.73286E-12
9.76783E-08 -5.91920E-13
9.78323E-08 5.04569E-12
9.79864E-08 6.37240E-12
9.81405E-08 2.26375E-12
9.82945E-08 -3.76863E-12
9.84486E-08 -6.57840E-12
9.86027E-08 -3.77493E-12
9.87567E-08 2.24268E-12
9.89108E-08 6.33857E-12
9.90649E-08 5.02341E-12
9.92189E-08 -5.73041E-13
9.93730E-08 -5.67239E-12
9.95271E-08 -5.92743E-12
9.96811E-08 -1.12813E-12
9.98352E-08 4.62569E-12
9.99893E-08 6.42664E-12
1.00143E-07 2.74519E-12
1.00297E-07 -3.27126E-12
1.00451E-07 -6.48922E-12
1.00606E-07 -4.16914E-12
1.00760E-07 1.70236E-12
1.00914E-07 6.11352E-12
1.01068E-07 5.30532E-12
1.01222E-07 -2.53029E-14
1.01376E-07 -5.32640E-12
1.01530E-07 -6.07803E-12
1.01684E-07 -1.64614E-12
1.01838E-07 4.18265E-12
1.01992E-07 6.43634E-12
1.02146E-07 3.19870E-12
1.02300E-07 -2.76144E-12
1.02454E-07 -6.35805E-12
1.02608E-07 -4.52796E-12
1.02762E-07 1.16030E-12
1.02917E-07 5.85085E-12
1.03071E-07 5.54575E-12
1.03225E-07 5.12558E-13
1.03379E-07 -4.95011E-12
1.03533E-07 -6.18383E-12
1.03687E-07 -2.14294E-12
1.03841E-07 3.71922E-12
1.03995E-07 6.40146E-12
1.04149E-07 3.62140E-12
1.04303E-07 -2.24245E-12
1.04457E-07 -6.18562E-12
1.04611E-07 -4.84869E-12
1.04765E-07 6.20648E-13
1.04919E-07 5.55279E-12
1.05073E-07 5.74299E-12
1.05228E-07 1.03598E-12
1.05382E-07 -4.54756E-12
1.05536E-07 -6.24537E-12
1.05690E-07 -2.61540E-12
1.05844E-07 3.23944E-12
1.05998E-07 6.32361E-12
1.06152E-07 4.01127E-12
1.06306E-07 -1.71815E-12
1.06460E-07 -5.97435E-12
1.06614E-07 -5.13027E-12
1.06768E-07 8.70619E-14
1.06922E-07 5.22264E-12
1.07076E-07 5.89755E-12
1.07230E-07 1.54269E-12
1.07384E-07 -4.12144E-12
1.07539E-07 -6.26323E-12
1.07693E-07 -3.06140E-12
1.07847E-07 2.74629E-12
1.08001E-07 6.20398E-12
1.08155E-07 4.36666E-12
1.08309E-07 -1.19153E-12
1.08463E-07 -5.72591E-12
1.08617E-07 -5.37149E-12
1.08771E-07 -4.37380E-13
1.08925E-07 4.86271E-12
1.09079E-07 6.00894E-12
1.09233E-07 2.02980E-12
1.09387E-07 -3.67449E-12
1.09541E-07 -6.23746E-12
1.09695E-07 -3.47810E-12
1.09850E-07 2.24321E-12
1.10004E-07 6.04369E-12
1.10158E-07 4.68532E-12
1.10312E-07 -6.66486E-13
1.10466E-07 -5.44267E-12
1.10620E-07 -5.57138E-12
1.10774E-07 -9.49312E-13
1.10928E-07 4.47567E-12
1.11082E-07 6.07653E-12
1.11236E-07 2.49352E-12
1.11390E-07 -3.21092E-12
1.11544E-07 -6.16957E-12
1.11698E-07 -3.86331E-12
1.11852E-07 1.73407E-12
1.12006E-07 5.84511E-12
1.12161E-07 4.96632E-12
1.12315E-07 -1.46077E-13
1.12469E-07 -5.12683E-12
1.12623E-07 -5.72891E-12
1.12777E-07 -1.44486E-12
1.12931E-07 4.06558E-12
1.13085E-07 6.10189E-12
1.13239E-07 2.93238E-12
1.13393E-07 -2.73316E-12
1.13547E-07 -6.06018E-12
1.13701E-07 -4.21482E-12
1.13855E-07 1.22231E-12
1.14009E-07 5.60992E-12
1.14163E-07 5.20792E-12
1.14317E-07 3.65479E-13
1.14472E-07 -4.78215E-12
1.14626E-07 -5.84498E-12
1.14780E-07 -1.92213E-12
1.14934E-07 3.63465E-12
1.15088E-07 6.08475E-12
1.15242E-07 3.34302E-12
1.15396E-07 -2.24567E-12
1.15550E-07 -5.91189E-12
1.15704E-07 -4.53189E-12
1.15858E-07 7.10854E-13
1.16012E-07 5.34051E-12
1.16166E-07 5.40998E-12
1.16320E-07 8.65983E-13
1.16474E-07 -4.41058E-12
1.16628E-07 -5.91924E-12
1.16783E-07 -2.37847E-12
1.16937E-07 3.18574E-12
1.17091E-07 6.02591E-12
1.17245E-07 3.72371E-12
1.17399E-07 -1.75091E-12
1.17553E-07 -5.72531E-12
1.17707E-07 -4.81229E-12
1.17861E-07 2.03212E-13
1.18015E-07 5.03887E-12
1.18169E-07 5.57129E-12
1.18323E-07 1.35203E-12
1.18477E-07 -4.01475E-12
1.18631E-07 -5.95099E-12
1.18785E-07 -2.80993E-12
1.18939E-07 2.72339E-12
1.19094E-07 5.92736E-12
1.19248E-07 4.07278E-12
1.19402E-07 -1.25240E-12
1.19556E-07 -5.50270E-12
1.19710E-07 -5.05510E-12
1.19864E-07 -2.97359E-13
1.20018E-07 4.70782E-12
1.20172E-07 5.69195E-12
1.20326E-07 1.82103E-12
1.20480E-07 -3.59772E-12
1.20634E-07 -5.94141E-12
1.20788E-07 -3.21536E-12
1.20942E-07 2.24924E-12
1.21096E-07 5.78884E-12
1.21250E-07 4.38738E-12
1.21405E-07 -7.53750E-13
1.21559E-07 -5.24560E-12
1.21713E-07 -5.25840E-12
1.21867E-07 -7.86835E-13
1.22021E-07 4.35027E-12
1.22175E-07 5.77128E-12
1.22329E-07 2.26903E-12
1.22483E-07 -3.16374E-12
1.22637E-07 -5.89173E-12
1.22791E-07 -3.59196E-12
1.22945E-07 1.76813E-12
1.23099E-07 5.61382E-12
1.23253E-07 4.66752E-12
1.23407E-07 -2.57795E-13
1.23561E-07 -4.95699E-12
1.23716E-07 -5.42300E-12
1.23870E-07 -1.26369E-12
1.24024E-07 3.96822E-12
1.24178E-07 5.80972E-12
1.24332E-07 2.69459E-12
1.24486E-07 -2.71455E-12
1.24640E-07 -5.80208E-12
1.24794E-07 -3.93791E-12
1.24948E-07 1.28209E-12
1.25102E-07 5.40223E-12
1.25256E-07 4.91026E-12
1.25410E-07 2.31367E-13
1.25564E-07 -4.63918E-12
1.25718E-07 -5.54756E-12
1.25872E-07 -1.72389E-12
1.26027E-07 3.56532E-12
1.26181E-07 5.80773E-12
1.26335E-07 3.09474E-12
1.26489E-07 -2.25405E-12
1.26643E-07 -5.67407E-12
1.26797E-07 -4.25113E-12
1.26951E-07 7.95413E-13
1.27105E-07 5.15750E-12
1.27259E-07 5.11600E-12
1.27413E-07 7.11610E-13
1.27567E-07 -4.29435E-12
1.27721E-07 -5.63208E-12
1.27875E-07 -2.16516E-12
1.28029E-07 3.14406E-12
1.28183E-07 5.76567E-12
1.28338E-07 3.46714E-12
1.28492E-07 -1.78546E-12
1.28646E-07 -5.50921E-12
1.28800E-07 -4.53028E-12
1.28954E-07 3.10931E-13
1.29108E-07 4.88126E-12
1.29262E-07 5.28346E-12
1.29416E-07 1.17946E-12
1.29570E-07 -3.92554E-12
1.29724E-07 -5.67685E-12
1.29878E-07 -2.58495E-12
1.30032E-07 2.70762E-12
1.30186E-07 5.68474E-12
1.30340E-07 3.81025E-12
1.30494E-07 -1.31151E-12
1.30649E-07 -5.30882E-12
1.30803E-07 -4.77404E-12
1.30957E-07 -1.68551E-13
1.31111E-07 4.57527E-12
1.31265E-07 5.41169E-12
1.31419E-07 1.63200E-12
1.31573E-07 -3.53501E-12
1.31727E-07 -5.68119E-12
1.31881E-07 -2.97975E-12
1.32035E-07 2.25983E-12
1.32189E-07 5.56615E-12
1.32343E-07 4.12171E-12
1.32497E-07 -8.36191E-13
1.32651E-07 -5.07532E-12
1.32805E-07 -4.98129E-12
1.32960E-07 -6.39240E-13
1.33114E-07 4.24299E-12
1.33268E-07 5.50112E-12
1.33422E-07 2.06635E-12
1.33576E-07 -3.12676E-12
1.33730E-07 -5.64744E-12
1.33884E-07 -3.34913E-12
1.34038E-07 1.80261E-12
1.34192E-07 5.41101E-12
1.34346E-07 4.40055E-12
1.34500E-07 -3.61694E-13
1.34654E-07 -4.81003E-12
1.34808E-07 -5.15113E-12
1.34962E-07 -1.09874E-12
1.35116E-07 3.88618E-12
1.35271E-07 5.55126E-12
1.35425E-07 2.48019E-12
1.35579E-07 -2.70264E-12
1.35733E-07 -5.57486E-12
1.35887E-07 -3.68960E-12
1.36041E-07 1.33997E-12
1.36195E-07 5.22100E-12
1.36349E-07 4.64502E-12
1.36503E-07 1.08372E-13
1.36657E-07 -4.51541E-12
1.36811E-07 -5.28288E-12
1.36965E-07 -1.54383E-12
1.37119E-07 3.50786E-12
1.37273E-07 5.56243E-12
1.37427E-07 2.87099E-12
1.37582E-07 -2.26582E-12
1.37736E-07 -5.46443E-12
1.37890E-07 -3.99910E-12
1.38044E-07 8.75257E-13
1.38198E-07 4.99777E-12
1.38352E-07 4.85338E-12
1.38506E-07 5.69875E-13
1.38660E-07 -4.19507E-12
1.38814E-07 -5.37720E-12
1.38968E-07 -1.97232E-12
1.39122E-07 3.11072E-12
1.39276E-07 5.53505E-12
1.39430E-07 3.23605E-12
1.39584E-07 -1.82042E-12
1.39738E-07 -5.31896E-12
1.39893E-07 -4.27757E-12
1.40047E-07 4.10635E-13
1.40201E-07 4.74340E-12
1.40355E-07 5.02596E-12
1.40509E-07 1.02179E-12
1.40663E-07 -3.84948E-12
1.40817E-07 -5.43247E-12
1.40971E-07 -2.38070E-12
1.41125E-07 2.69811E-12
1.41279E-07 5.47034E-12
1.41433E-07 3.57426E-12
1.41587E-07 -1.36798E-12
1.41741E-07 -5.13806E-12
1.41895E-07 -4.52196E-12
1.42049E-07 -4.98748E-14
1.42204E-07 4.46001E-12
1.42358E-07 5.16137E-12
1.42512E-07 1.46015E-12
1.42666E-07 -3.48238E-12
1.42820E-07 -5.44972E-12
1.42974E-07 -2.76732E-12
1.43128E-07 2.27208E-12
1.43282E-07 5.36808E-12
1.43436E-07 3.88241E-12
1.43590E-07 -9.12827E-13
1.43744E-07 -4.92431E-12
1.43898E-07 -4.73157E-12
1.44052E-07 -5.03487E-13
1.44206E-07 4.14964E-12
1.44360E-07 5.25881E-12
1.44515E-07 1.88176E-12
1.44669E-07 -3.09664E-12
1.44823E-07 -5.42883E-12
1.44977E-07 -3.12858E-12
1.45131E-07 1.83742E-12
1.45285E-07 5.23105E-12
1.45439E-07 4.15973E-12
1.45593E-07 -4.58077E-13
1.45747E-07 -4.68021E-12
1.45901E-07 -4.90615E-12
1.46055E-07 -9.47394E-13
1.46209E-07 3.81534E-12
1.46363E-07 5.31918E-12
1.46517E-07 2.28492E-12
1.46671E-07 -2.69491E-12
1.46826E-07 -5.37121E-12
1.46980E-07 -3.46391E-12
1.47134E-07 1.39545E-12
1.47288E-07 5.05935E-12
1.47442E-07 4.40422E-12
1.47596E-07 -6.67642E-15
1.47750E-07 -4.40743E-12
1.47904E-07 -5.04473E-12
1.48058E-07 -1.37894E-12
1.48212E-07 3.45896E-12
1.48366E-07 5.34159E-12
1.48520E-07 2.66630E-12
1.48674E-07 -2.28048E-12
1.48828E-07 -5.27732E-12
1.48982E-07 -3.77017E-12
1.49137E-07 9.51070E-13
1.49291E-07 4.85653E-12
1.49445E-07 4.61617E-12
1.49599E-07 4.39177E-13
1.49753E-07 -4.10804E-12
1.49907E-07 -5.14695E-12
1.50061E-07 -1.79511E-12
1.50215E-07 3.08432E-12
1.50369E-07 5.32828E-12
1.50523E-07 3.02572E-12
1.50677E-07 -1.85486E-12
1.50831E-07 -5.14826E-12
1.50985E-07 -4.04727E-12
1.51139E-07 5.04544E-13
1.51293E-07 4.62142E-12
1.51448E-07 4.79248E-12
1.51602E-07 8.75768E-13
1.51756E-07 -3.78410E-12
1.51910E-07 -5.21202E-12
1.52064E-07 -2.19337E-12
1.52218E-07 2.69285E-12
1.52372E-07 5.27741E-12
1.52526E-07 3.35829E-12
1.52680E-07 -1.42319E-12
1.52834E-07 -4.98612E-12
1.52988E-07 -4.29298E-12
1.53142E-07 6.07980E-14
1.53296E-07 4.35828E-12
1.53450E-07 4.93430E-12
1.53604E-07 1.30140E-12
1.53759E-07 -3.43767E-12
1.53913E-07 -5.23984E-12
1.54067E-07 -2.57098E-12
1.54221E-07 2.28817E-12
1.54375E-07 5.19100E-12
1.54529E-07 3.66357E-12
1.54683E-07 -9.87052E-13
1.54837E-07 -4.79129E-12
1.54991E-07 -4.50535E-12
1.55145E-07 -3.77087E-13
1.55299E-07 4.06876E-12
1.55453E-07 5.04004E-12
1.55607E-07 1.71174E-12
1.55761E-07 -3.07327E-12
1.55915E-07 -5.23250E-12
1.56070E-07 -2.92698E-12
1.56224E-07 1.87256E-12
1.56378E-07 5.07020E-12
1.56532E-07 3.94031E-12
1.56686E-07 -5.49132E-13
1.56840E-07 -4.56578E-12
1.56994E-07 -4.68432E-12
1.57148E-07 -8.07502E-13
1.57302E-07 3.75419E-12
1.57456E-07 5.10939E-12
1.57610E-07 2.10538E-12
1.57764E-07 -2.69143E-12
1.57918E-07 -5.18805E-12
1.58072E-07 -3.25728E-12
1.58226E-07 1.44986E-12
1.58381E-07 4.91597E-12
1.58535E-07 4.18601E-12
1.58689E-07 -1.13361E-13
1.58843E-07 -4.31176E-12
1.58997E-07 -4.82846E-12
1.59151E-07 -1.22637E-12
1.59305E-07 3.41827E-12
1.59459E-07 5.14296E-12
1.59613E-07 2.47950E-12
1.59767E-07 -2.29619E-12
1.59921E-07 -5.10885E-12
1.60075E-07 -3.56137E-12
1.60229E-07 1.02220E-12
1.60383E-07 4.72957E-12
1.60537E-07 4.39947E-12
1.60692E-07 3.17262E-13
1.60846E-07 -4.03176E-12
1.61000E-07 -4.93799E-12
1.61154E-07 -1.63171E-12
1.61308E-07 3.06321E-12
1.61462E-07 5.14119E-12
1.61616E-07 2.83246E-12
1.61770E-07 -1.88966E-12
1.61924E-07 -4.99534E-12
1.62078E-07 -3.83734E-12
1.62232E-07 5.92536E-13
1.62386E-07 4.51277E-12
1.62540E-07 4.58010E-12
1.62694E-07 7.40674E-13
1.62848E-07 -3.72718E-12
1.63003E-07 -5.01216E-12
1.63157E-07 -2.02126E-12
1.63311E-07 2.69055E-12
1.63465E-07 5.10292E-12
1.63619E-07 3.16046E-12
1.63773E-07 -1.47598E-12
1.63927E-07 -4.84938E-12
1.64081E-07 -4.08368E-12
1.64235E-07 1.64208E-13
1.64389E-07 4.26799E-12
1.64543E-07 4.72768E-12
1.64697E-07 1.15464E-12
1.64851E-07 -3.39983E-12
1.65005E-07 -5.05023E-12
1.65159E-07 -2.39162E-12
1.65314E-07 2.30439E-12
1.65468E-07 5.03060E-12
1.65622E-07 3.46360E-12
1.65776E-07 -1.05609E-12
1.65930E-07 -4.67081E-12
1.66084E-07 -4.29838E-12
1.66238E-07 -2.60190E-13
1.66392E-07 3.99606E-12
1.66546E-07 4.83992E-12
1.66700E-07 1.55482E-12
1.66854E-07 -3.05341E-12
1.67008E-07 -5.05303E-12
1.67162E-07 -2.74086E-12
1.67316E-07 1.90703E-12
1.67470E-07 4.92419E-12
1.67625E-07 3.73871E-12
1.67779E-07 -6.34430E-13
1.67933E-07 -4.46233E-12
1.68087E-07 -4.48059E-12
1.68241E-07 -6.77156E-13
1.68395E-07 3.70035E-12
1.68549E-07 4.91766E-12
1.68703E-07 1.93935E-12
1.68857E-07 -2.69042E-12
1.69011E-07 -5.02120E-12
1.69165E-07 -3.06700E-12
1.69319E-07 1.50154E-12
1.69473E-07 4.78539E-12
1.69627E-07 3.98475E-12
1.69781E-07 -2.13864E-13
1.69936E-07 -4.22632E-12
1.70090E-07 -4.63046E-12
1.70244E-07 -1.08482E-12
1.70398E-07 3.38290E-12
1.70552E-07 4.96123E-12
1.70706E-07 2.30660E-12
1.70860E-07 -2.31299E-12
1.71014E-07 -4.95559E-12
1.71168E-07 -3.36907E-12
1.71322E-07 1.08956E-12
1.71476E-07 4.61479E-12
1.71630E-07 4.20070E-12
1.71784E-07 2.04068E-13
1.71938E-07 -3.96300E-12
1.72092E-07 -4.74608E-12
1.72247E-07 -1.48029E-12
1.72401E-07 3.04521E-12
1.72555E-07 4.96930E-12
1.72709E-07 2.65314E-12
1.72863E-07 -1.92397E-12
1.73017E-07 -4.85606E-12
1.73171E-07 -3.64371E-12
1.73325E-07 6.75298E-13
1.73479E-07 4.41434E-12
1.73633E-07 4.38478E-12
1.73787E-07 6.15229E-13
1.73941E-07 -3.67572E-12
1.74095E-07 -4.82762E-12
1.74249E-07 -1.86072E-12
1.74403E-07 2.69071E-12
1.74558E-07 4.94309E-12
1.74712E-07 2.97722E-12
1.74866E-07 -1.52643E-12
1.75020E-07 -4.72424E-12
1.75174E-07 -3.88976E-12
1.75328E-07 2.61772E-13
1.75482E-07 4.18644E-12
1.75636E-07 4.53690E-12
1.75790E-07 1.01733E-12
1.75944E-07 -3.36693E-12
1.76098E-07 -4.87559E-12
1.76252E-07 -2.22435E-12
1.76406E-07 2.32183E-12
1.76560E-07 4.88368E-12
1.76714E-07 3.27785E-12
1.76869E-07 -1.12234E-12
1.77023E-07 -4.56131E-12
1.77177E-07 -4.10664E-12
1.77331E-07 -1.49532E-13
1.77485E-07 3.93176E-12
1.77639E-07 4.65601E-12
1.77793E-07 1.40840E-12
1.77947E-07 -3.03753E-12
1.78101E-07 -4.88856E-12
1.78255E-07 -2.56808E-12
1.78409E-07 1.94102E-12
1.78563E-07 4.79073E-12
1.78717E-07 3.55174E-12
1.78871E-07 -7.15707E-13
1.79025E-07 -4.36911E-12
1.79180E-07 -4.29283E-12
1.79334E-07 -5.55103E-13
1.79488E-07 3.65285E-12
1.79642E-07 4.74147E-12
1.79796E-07 1.78494E-12
1.79950E-07 -2.69145E-12
1.80104E-07 -4.86817E-12
1.80258E-07 -2.89050E-12
1.80412E-07 1.55115E-12
1.80566E-07 4.66612E-12
1.80720E-07 3.79854E-12
1.80874E-07 -3.08257E-13
1.81028E-07 -4.14864E-12
1.81182E-07 -4.44715E-12
1.81336E-07 -9.52132E-13
1.81491E-07 3.35215E-12
1.81645E-07 4.79369E-12
1.81799E-07 2.14537E-12
1.81953E-07 -2.33046E-12
1.82107E-07 -4.81459E-12
1.82261E-07 -3.18991E-12
1.82415E-07 1.15427E-12
1.82569E-07 4.51019E-12
1.82723E-07 4.01620E-12
1.82877E-07 9.68998E-14
1.83031E-07 -3.90178E-12
1.83185E-07 -4.56902E-12
1.83339E-07 -1.33845E-12
1.83493E-07 3.03111E-12
1.83647E-07 4.81160E-12
1.83802E-07 2.48647E-12
1.83956E-07 -1.95764E-12
1.84110E-07 -4.72833E-12
1.84264E-07 -3.46371E-12
1.84418E-07 7.54188E-13
1.84572E-07 4.32521E-12
1.84726E-07 4.20397E-12
1.84880E-07 4.96990E-13
1.85034E-07 -3.63079E-12
1.85188E-07 -4.65815E-12
1.85342E-07 -1.71138E-12
1.85496E-07 2.69271E-12
1.85650E-07 4.79633E-12
1.85804E-07 2.80702E-12
1.85958E-07 -1.57502E-12
1.86113E-07 -4.61010E-12
1.86267E-07 -3.71048E-12
1.86421E-07 3.53268E-13
1.86575E-07 4.11231E-12
1.86729E-07 4.36056E-12
1.86883E-07 8.89177E-13
1.87037E-07 -3.33781E-12
1.87191E-07 -4.71431E-12
1.87345E-07 -2.06858E-12
1.87499E-07 2.33932E-12
1.87653E-07 4.74811E-12
1.87807E-07 3.10476E-12
1.87961E-07 -1.18571E-12
1.88115E-07 -4.46152E-12
1.88269E-07 -3.92936E-12
1.88424E-07 -4.62851E-14
1.88578E-07 3.87282E-12
1.88732E-07 4.48508E-12
1.88886E-07 1.27102E-12
1.89040E-07 -3.02465E-12
1.89194E-07 -4.73687E-12
1.89348E-07 -2.40720E-12
1.89502E-07 1.97394E-12
1.89656E-07 4.66789E-12
1.89810E-07 3.37812E-12
1.89964E-07 -7.92028E-13
1.90118E-07 -4.28322E-12
1.90272E-07 -4.11814E-12
1.90426E-07 -4.40592E-13
1.90580E-07 3.60969E-12
1.90735E-07 4.57761E-12
1.90889E-07 1.64006E-12
1.91043E-07 -2.69412E-12
1.91197E-07 -4.72679E-12
1.91351E-07 -2.72599E-12
1.91505E-07 1.59840E-12
1.91659E-07 4.55585E-12
1.91813E-07 3.62481E-12
1.91967E-07 -3.97432E-13
1.92121E-07 -4.07745E-12
1.92275E-07 -4.27648E-12
1.92429E-07 -8.27501E-13
1.92583E-07 3.32464E-12
1.92737E-07 4.63762E-12
1.92891E-07 1.99369E-12
1.93046E-07 -2.34883E-12
1.93200E-07 -4.68449E-12
1.93354E-07 -3.02257E-12
1.93508E-07 1.21624E-12
1.93662E-07 4.41431E-12
1.93816E-07 3.84460E-12
1.93970E-07 -3.94993E-15
1.94124E-07 -3.84601E-12
1.94278E-07 -4.40438E-12
1.94432E-07 -1.20540E-12
1.94586E-07 3.01929E-12
1.94740E-07 4.66527E-12
1.94894E-07 2.33059E-12
1.95048E-07 -1.99018E-12
1.95202E-07 -4.60992E-12
1.95357E-07 -3.29538E-12
1.95511E-07 8.29047E-13
1.95665E-07 4.24307E-12
1.95819E-07 4.03512E-12
1.95973E-07 3.85398E-13
1.96127E-07 -3.59025E-12
1.96281E-07 -4.50042E-12
1.96435E-07 -1.57118E-12
1.96589E-07 2.69582E-12
1.96743E-07 4.65981E-12
1.96897E-07 2.64734E-12
1.97051E-07 -1.62187E-12
1.97205E-07 -4.50441E-12
1.97359E-07 -3.54255E-12
1.97513E-07 4.40288E-13
1.97668E-07 4.04445E-12
1.97822E-07 4.19591E-12
1.97976E-07 7.68132E-13
1.98130E-07 -3.31226E-12
1.98284E-07 -4.56425E-12
1.98438E-07 -1.92210E-12
1.98592E-07 2.35742E-12
1.98746E-07 4.62265E-12
1.98900E-07 2.94297E-12
1.99054E-07 -1.24577E-12
1.99208E-07 -4.36857E-12
1.99362E-07 -3.76245E-12
1.99516E-07 5.27532E-14
1.99670E-07 3.82022E-12
1.99824E-07 4.32630E-12
1.99979E-07 1.14172E-12
2.00133E-07 -3.01434E-12
2.00287E-07 -4.59609E-12
2.00441E-07 -2.25629E-12
2.00595E-07 2.00625E-12
2.00749E-07 4.55415E-12
2.00903E-07 3.21539E-12
2.01057E-07 -8.65109E-13
2.01211E-07 -4.20464E-12
2.01365E-07 -3.95518E-12
2.01519E-07 -3.32237E-13
2.01673E-07 3.57129E-12
2.01827E-07 4.42557E-12
2.01981E-07 1.50427E-12
2.02135E-07 -2.69783E-12
2.02290E-07 -4.59535E-12
2.02444E-07 -2.57148E-12
2.02598E-07 1.64444E-12
2.02752E-07 4.45455E-12
2.02906E-07 3.46286E-12
2.03060E-07 -4.81891E-13
2.03214E-07 -4.01267E-12
2.03368E-07 -4.11811E-12
2.03522E-07 -7.10888E-13
2.03676E-07 3.29999E-12
2.03830E-07 4.49287E-12
2.03984E-07 1.85247E-12
2.04138E-07 -2.36595E-12
2.04292E-07 -4.56281E-12
2.04446E-07 -2.86572E-12
2.04601E-07 1.27471E-12
2.04755E-07 4.32475E-12
2.04909E-07 3.68345E-12
2.05063E-07 -9.94298E-14
2.05217E-07 -3.79470E-12
2.05371E-07 -4.25029E-12
2.05525E-07 -1.07995E-12
2.05679E-07 3.00936E-12
2.05833E-07 4.52878E-12
2.05987E-07 2.18415E-12
2.06141E-07 -2.02169E-12
2.06295E-07 -4.49977E-12
2.06449E-07 -3.13760E-12
2.06603E-07 8.99988E-13
2.06757E-07 4.16690E-12
2.06912E-07 3.87699E-12
2.07066E-07 2.80171E-13
2.07220E-07 -3.55300E-12
2.07374E-07 -4.35263E-12
2.07528E-07 -1.43887E-12
2.07682E-07 2.70012E-12
2.07836E-07 4.53291E-12
2.07990E-07 2.49788E-12
2.08144E-07 -1.66616E-12
2.08298E-07 -4.40567E-12
2.08452E-07 -3.38493E-12
2.08606E-07 5.22511E-13
2.08760E-07 3.98135E-12
2.08914E-07 4.04143E-12
2.09068E-07 6.53986E-13
2.09223E-07 -3.28889E-12
2.09377E-07 -4.42344E-12
2.09531E-07 -1.78390E-12
2.09685E-07 2.37543E-12
2.09839E-07 4.50546E-12
2.09993E-07 2.79074E-12
2.10147E-07 -1.30325E-12
2.10301E-07 -4.28252E-12
2.10455E-07 -3.60650E-12
2.10609E-07 1.45518E-13
2.10763E-07 3.77078E-12
2.10917E-07 4.17697E-12
2.11071E-07 1.01993E-12
2.11225E-07 -3.00476E-12
2.11379E-07 -4.46337E-12
2.11534E-07 -2.11353E-12
2.11688E-07 2.03753E-12
2.11842E-07 4.44759E-12
2.11996E-07 3.06205E-12
2.12150E-07 -9.34464E-13
2.12304E-07 -4.13099E-12
2.12458E-07 -3.80138E-12
2.12612E-07 -2.29317E-13
2.12766E-07 3.53589E-12
2.12920E-07 4.28233E-12
2.13074E-07 1.37543E-12
2.13228E-07 -2.70260E-12
2.13382E-07 -4.47235E-12
2.13536E-07 -2.42590E-12
2.13690E-07 1.68836E-12
2.13845E-07 4.35943E-12
2.13999E-07 3.30992E-12
2.14153E-07 -5.62212E-13
2.14307E-07 -3.95193E-12
2.14461E-07 -3.96807E-12
2.14615E-07 -5.99258E-13
2.14769E-07 3.27847E-12
2.14923E-07 4.35702E-12
2.15077E-07 1.71837E-12
2.15231E-07 -2.38407E-12
2.15385E-07 -4.44989E-12
2.15539E-07 -2.71849E-12
2.15693E-07 1.33040E-12
2.15847E-07 4.24131E-12
2.16001E-07 3.53203E-12
2.16156E-07 -1.89756E-13
2.16310E-07 -3.74705E-12
2.16464E-07 -4.10546E-12
2.16618E-07 -9.61516E-13
2.16772E-07 3.00043E-12
2.16926E-07 4.40015E-12
2.17080E-07 2.04545E-12
2.17234E-07 -2.05241E-12
2.17388E-07 -4.39664E-12
2.17542E-07 -2.98880E-12
2.17696E-07 9.67536E-13
2.17850E-07 4.09575E-12
2.18004E-07 3.72801E-12
2.18158E-07 1.80541E-13
2.18312E-07 -3.51832E-12
2.18467E-07 -4.21324E-12
2.18621E-07 -1.31359E-12
2.18775E-07 2.70456E-12
2.18929E-07 4.41279E-12
2.19083E-07 2.35552E-12
2.19237E-07 -1.70970E-12
2.19391E-07 -4.31369E-12
2.19545E-07 -3.23616E-12
2.19699E-07 6.01187E-13
2.19853E-07 3.92310E-12
2.20007E-07 3.89628E-12
2.20161E-07 5.45976E-13
2.20315E-07 -3.26758E-12
2.20469E-07 -4.29101E-12
2.20623E-07 -1.65326E-12
2.20778E-07 2.39299E-12
2.20932E-07 4.39515E-12
2.21086E-07 2.64671E-12
2.21240E-07 -1.35826E-12
2.21394E-07 -4.20185E-12
2.21548E-07 -3.45922E-12
2.21702E-07 2.33626E-13
2.21856E-07 3.72448E-12
2.22010E-07 4.03565E-12
2.22164E-07 9.03891E-13
2.22318E-07 -2.99688E-12
2.22472E-07 -4.33859E-12
2.22626E-07 -1.97840E-12
2.22780E-07 2.06785E-12
2.22934E-07 4.34744E-12
2.23089E-07 2.91701E-12
2.23243E-07 -1.00069E-12
2.23397E-07 -4.06202E-12
2.23551E-07 -3.65611E-12
2.23705E-07 -1.31584E-13
2.23859E-07 3.50288E-12
2.24013E-07 4.14682E-12
2.24167E-07 1.25288E-12
2.24321E-07 -2.70799E-12
2.24475E-07 -4.35636E-12
2.24629E-07 -2.28768E-12
2.24783E-07 1.73095E-12
2.24937E-07 4.27030E-12
2.25091E-07 3.16534E-12
2.25245E-07 -6.38840E-13
2.25400E-07 -3.89532E-12
2.25554E-07 -3.82668E-12
2.25708E-07 -4.93837E-13
2.25862E-07 3.25787E-12
2.26016E-07 4.22777E-12
2.26170E-07 1.59038E-12
2.26324E-07 -2.40205E-12
2.26478E-07 -4.34290E-12
2.26632E-07 -2.57793E-12
2.26786E-07 1.38479E-12
2.26940E-07 4.16348E-12
2.27094E-07 3.38868E-12
2.27248E-07 -2.76178E-13
2.27402E-07 -3.70281E-12
2.27556E-07 -3.96830E-12
2.27711E-07 -8.48296E-13
2.27865E-07 2.99338E-12
2.28019E-07 4.27908E-12
2.28173E-07 1.91371E-12
2.28327E-07 -2.08260E-12
2.28481E-07 -4.29977E-12
2.28635E-07 -2.84768E-12
2.28789E-07 1.03254E-12
2.28943E-07 4.02934E-12
2.29097E-07 3.58699E-12
2.29251E-07 8.51882E-14
2.29405E-07 -3.48681E-12
2.29559E-07 -4.08191E-12
2.29713E-07 -1.19453E-12
2.29867E-07 2.70988E-12
2.30022E-07 4.29996E-12
2.30176E-07 2.22086E-12
2.30330E-07 -1.75137E-12
2.30484E-07 -4.22691E-12
2.30638E-07 -3.09493E-12
2.30792E-07 6.76581E-13
2.30946E-07 3.86860E-12
2.31100E-07 3.75852E-12
2.31254E-07 4.42371E-13
2.31408E-07 -3.24897E-12
2.31562E-07 -4.16639E-12
2.31716E-07 -1.52912E-12
2.31870E-07 2.41084E-12
2.32024E-07 4.29170E-12
2.32178E-07 2.51039E-12
2.32333E-07 -1.41114E-12
2.32487E-07 -4.12626E-12
2.32641E-07 -3.31968E-12
2.32795E-07 3.18233E-13
2.32949E-07 3.68230E-12
2.33103E-07 3.90301E-12
2.33257E-07 7.94139E-13
2.33411E-07 -2.99016E-12
2.33565E-07 -4.22132E-12
2.33719E-07 -1.85081E-12
2.33873E-07 2.09683E-12
2.34027E-07 4.25308E-12
2.34181E-07 2.77982E-12
2.34335E-07 -1.06378E-12
2.34489E-07 -3.99735E-12
2.34644E-07 -3.51904E-12
2.34798E-07 -3.91573E-14
2.34952E-07 3.47179E-12
2.35106E-07 4.01876E-12
2.35260E-07 1.13713E-12
2.35414E-07 -2.71262E-12
2.35568E-07 -4.24576E-12
2.35722E-07 -2.15591E-12
2.35876E-07 1.77184E-12
2.36030E-07 4.18569E-12
2.36184E-07 3.02743E-12
2.36338E-07 -7.12611E-13
2.36492E-07 -3.84237E-12
2.36646E-07 -3.69240E-12
2.36800E-07 -3.92759E-13
2.36955E-07 3.23978E-12
2.37109E-07 4.10629E-12
2.37263E-07 1.46940E-12
2.37417E-07 -2.41921E-12
2.37571E-07 -4.24155E-12
2.37725E-07 -2.44441E-12
2.37879E-07 1.43682E-12
2.38033E-07 4.08989E-12
2.38187E-07 3.25238E-12
2.38341E-07 -3.59033E-13
2.38495E-07 -3.66185E-12
2.38649E-07 -3.83881E-12
2.38803E-07 -7.40973E-13
2.38957E-07 2.98694E-12
2.39111E-07 4.16443E-12
2.39266E-07 1.78871E-12
2.39420E-07 -2.11128E-12
2.39574E-07 -4.20764E-12
2.39728E-07 -2.71319E-12
2.39882E-07 1.09492E-12
2.40036E-07 3.96666E-12
2.40190E-07 3.45285E-12
2.40344E-07 -6.08652E-15
2.40498E-07 -3.45762E-12
2.40652E-07 -3.95742E-12
2.40806E-07 -1.08098E-12
2.40960E-07 2.71580E-12
2.41114E-07 4.19351E-12
2.41268E-07 2.09306E-12
2.41422E-07 -1.79148E-12
2.41577E-07 -4.14529E-12
2.41731E-07 -2.96144E-12
2.41885E-07 7.47879E-13
2.42039E-07 3.81681E-12
2.42193E-07 3.62781E-12
2.42347E-07 3.44230E-13
2.42501E-07 -3.23080E-12
2.42655E-07 -4.04732E-12
2.42809E-07 -1.41050E-12
2.42963E-07 2.42811E-12
2.43117E-07 4.19316E-12
2.43271E-07 2.38021E-12
2.43425E-07 -1.46199E-12
2.43579E-07 -4.05455E-12
2.43733E-07 -3.18664E-12
2.43888E-07 3.99188E-13
2.44042E-07 3.64231E-12
2.44196E-07 3.77636E-12
2.44350E-07 6.88886E-13
2.44504E-07 -2.98431E-12
2.44658E-07 -4.10940E-12
2.44812E-07 -1.72819E-12
2.44966E-07 2.12586E-12
2.45120E-07 4.16415E-12
2.45274E-07 2.64906E-12
2.45428E-07 -1.12472E-12
2.45582E-07 -3.93654E-12
2.45736E-07 -3.38836E-12
2.45890E-07 5.00697E-14
2.46044E-07 3.44374E-12
2.46199E-07 3.89766E-12
2.46353E-07 1.02638E-12
2.46507E-07 -2.71870E-12
2.46661E-07 -4.14230E-12
2.46815E-07 -2.03148E-12
2.46969E-07 1.81091E-12
2.47123E-07 4.10603E-12
2.47277E-07 2.89700E-12
2.47431E-07 -7.82595E-13
2.47585E-07 -3.79229E-12
2.47739E-07 -3.56505E-12
2.47893E-07 -2.96755E-13
2.48047E-07 3.22263E-12
2.48201E-07 3.99066E-12
2.48355E-07 1.35386E-12
2.48510E-07 -2.43632E-12
2.48664E-07 -4.14588E-12
2.48818E-07 -2.31771E-12
2.48972E-07 1.48651E-12
2.49126E-07 4.02036E-12
2.49280E-07 3.12309E-12
2.49434E-07 -4.37782E-13
2.49588E-07 -3.62301E-12
2.49742E-07 -3.71566E-12
2.49896E-07 -6.38645E-13
2.50050E-07 2.98120E-12
2.50204E-07 4.05557E-12
2.50358E-07 1.66952E-12
2.50512E-07 -2.13940E-12
2.50666E-07 -4.12110E-12
2.50821E-07 -2.58620E-12
2.50975E-07 1.15381E-12
2.51129E-07 3.90716E-12
2.51283E-07 3.32575E-12
2.51437E-07 -9.23385E-14
2.51591E-07 -3.42951E-12
2.51745E-07 -3.83903E-12
2.51899E-07 -9.73439E-13
2.52053E-07 2.72066E-12
2.52207E-07 4.09142E-12
2.52361E-07 1.97094E-12
2.52515E-07 -1.82966E-12
2.52669E-07 -4.06710E-12
2.52823E-07 -2.83360E-12
2.52977E-07 8.16492E-13
2.53132E-07 3.76788E-12
2.53286E-07 3.50320E-12
2.53440E-07 2.50136E-13
2.53594E-07 -3.21443E-12
2.53748E-07 -3.93485E-12
2.53902E-07 -1.29816E-12
2.54056E-07 2.44438E-12
2.54210E-07 4.09952E-12
2.54364E-07 2.25659E-12
2.54518E-07 -1.51017E-12
2.54672E-07 -3.98637E-12
2.54826E-07 -3.06049E-12
2.54980E-07 4.75485E-13
2.55134E-07 3.60350E-12
2.55288E-07 3.65537E-12
2.55443E-07 5.88740E-13
2.55597E-07 -2.97840E-12
2.55751E-07 -4.00265E-12
2.55905E-07 -1.61173E-12
2.56059E-07 2.15274E-12
2.56213E-07 4.07859E-12
2.56367E-07 2.52404E-12
2.56521E-07 -1.18272E-12
2.56675E-07 -3.87832E-12
2.56829E-07 -3.26390E-12
2.56983E-07 1.34369E-13
2.57137E-07 3.41584E-12
2.57291E-07 3.78129E-12
2.57445E-07 9.20803E-13
2.57599E-07 -2.72338E-12
2.57754E-07 -4.04196E-12
2.57908E-07 -1.91147E-12
2.58062E-07 1.84853E-12
2.58216E-07 4.02941E-12
2.58370E-07 2.77157E-12
2.58524E-07 -8.49955E-13
2.58678E-07 -3.74432E-12
2.58832E-07 -3.44278E-12
2.58986E-07 -2.04433E-13
2.59140E-07 3.20646E-12
2.59294E-07 3.88000E-12
2.59448E-07 1.24315E-12
2.59602E-07 -2.45278E-12
2.59756E-07 -4.05429E-12
2.59910E-07 -2.19640E-12
2.60065E-07 1.53401E-12
2.60219E-07 3.95362E-12
2.60373E-07 2.99917E-12
2.60527E-07 -5.13076E-13
2.60681E-07 -3.58541E-12
2.60835E-07 -3.59719E-12
2.60989E-07 -5.40229E-13
2.61143E-07 2.97579E-12
2.61297E-07 3.95115E-12
2.61451E-07 1.55527E-12
2.61605E-07 -2.16597E-12
2.61759E-07 -4.03727E-12
2.61913E-07 -2.46332E-12
2.62067E-07 1.21117E-12
2.62221E-07 3.85034E-12
2.62376E-07 3.20336E-12
2.62530E-07 -1.75929E-13
2.62684E-07 -3.40316E-12
2.62838E-07 -3.72534E-12
2.62992E-07 -8.69318E-13
2.63146E-07 2.72663E-12
2.63300E-07 3.99443E-12
2.63454E-07 1.85386E-12
2.63608E-07 -1.86707E-12
2.63762E-07 -3.99323E-12
2.63916E-07 -2.71175E-12
2.64070E-07 8.82244E-13
2.64224E-07 3.72155E-12
2.64378E-07 3.38454E-12
2.64532E-07 1.60616E-13
2.64687E-07 -3.19830E-12
2.64841E-07 -3.82679E-12
2.64995E-07 -1.19036E-12
2.65149E-07 2.45994E-12
2.65303E-07 4.00950E-12
2.65457E-07 2.13766E-12
2.65611E-07 -1.55672E-12
2.65765E-07 -3.92095E-12
2.65919E-07 -2.93890E-12
2.66073E-07 5.49728E-13
2.66227E-07 3.56740E-12
2.66381E-07 3.54006E-12
2.66535E-07 4.92795E-13
2.66689E-07 -2.97311E-12
2.66843E-07 -3.90075E-12
2.66998E-07 -1.50026E-12
2.67152E-07 2.17860E-12
2.67306E-07 3.99675E-12
2.67460E-07 2.40429E-12
2.67614E-07 -1.23826E-12
2.67768E-07 -3.82225E-12
2.67922E-07 -3.14394E-12
2.68076E-07 2.16120E-13
2.68230E-07 3.38990E-12
2.68384E-07 3.66995E-12
2.68538E-07 8.18969E-13
2.68692E-07 -2.72911E-12
2.68846E-07 -3.94706E-12
2.69000E-07 -1.79716E-12
2.69154E-07 1.88464E-12
2.69309E-07 3.95659E-12
2.69463E-07 2.65207E-12
2.69617E-07 -9.14153E-13
2.69771E-07 -3.69849E-12
2.69925E-07 -3.32611E-12
2.70079E-07 -1.16481E-13
2.70233E-07 3.19072E-12
2.70387E-07 3.77416E-12
2.70541E-07 1.13773E-12
2.70695E-07 -2.46757E-12
2.70849E-07 -3.96550E-12
2.71003E-07 -2.07936E-12
2.71157E-07 1.57986E-12
2.71311E-07 3.88947E-12
2.71465E-07 2.87987E-12
2.71620E-07 -5.85829E-13
2.71774E-07 -3.54971E-12
2.71928E-07 -3.48361E-12
2.72082E-07 -4.45614E-13
2.72236E-07 2.97089E-12
2.72390E-07 3.85105E-12
2.72544E-07 1.44535E-12
2.72698E-07 -2.19216E-12
2.72852E-07 -3.95772E-12
2.73006E-07 -2.34618E-12
2.73160E-07 1.26587E-12
2.73314E-07 3.79601E-12
2.73468E-07 3.08654E-12
2.73622E-07 -2.55416E-13
2.73776E-07 -3.37738E-12
2.73931E-07 -3.61619E-12
2.74085E-07 -7.69815E-13
2.74239E-07 2.73175E-12
2.74393E-07 3.90096E-12
2.74547E-07 1.74166E-12
2.74701E-07 -1.90220E-12
2.74855E-07 -3.92123E-12
2.75009E-07 -2.59392E-12
2.75163E-07 9.45525E-13
2.75317E-07 3.67639E-12
2.75471E-07 3.26945E-12
2.75625E-07 7.36090E-14
2.75779E-07 -3.18320E-12
2.75933E-07 -3.72254E-12
2.76087E-07 -1.08580E-12
2.76242E-07 2.47588E-12
2.76396E-07 3.92350E-12
2.76550E-07 2.02322E-12
2.76704E-07 -1.60209E-12
2.76858E-07 -3.85880E-12
2.77012E-07 -2.82254E-12
2.77166E-07 6.20857E-13
2.77320E-07 3.53255E-12
2.77474E-07 3.42894E-12
2.77628E-07 4.00117E-13
2.77782E-07 -2.96842E-12
2.77936E-07 -3.80279E-12
2.78090E-07 -1.39258E-12
2.78244E-07 2.20430E-12
2.78398E-07 3.91877E-12
2.78553E-07 2.28929E-12
2.78707E-07 -1.29218E-12
2.78861E-07 -3.76928E-12
2.79015E-07 -3.02947E-12
2.79169E-07 2.94302E-13
2.79323E-07 3.36509E-12
2.79477E-07 3.56338E-12
2.79631E-07 7.21676E-13
2.79785E-07 -2.73402E-12
2.79939E-07 -3.85525E-12
2.80093E-07 -1.68674E-12
2.80247E-07 1.91973E-12
2.80401E-07 3.88663E-12
2.80555E-07 2.53680E-12
2.80709E-07 -9.76475E-13
2.80864E-07 -3.65489E-12
2.81018E-07 -3.21394E-12
2.81172E-07 -3.14541E-14
2.81326E-07 3.17615E-12
2.81480E-07 3.67246E-12
2.81634E-07 1.03554E-12
2.81788E-07 -2.48341E-12
2.81942E-07 -3.88196E-12
2.82096E-07 -1.96817E-12
2.82250E-07 1.62350E-12
2.82404E-07 3.82813E-12
2.82558E-07 2.76574E-12
2.82712E-07 -6.55571E-13
2.82866E-07 -3.51582E-12
2.83020E-07 -3.37526E-12
2.83175E-07 -3.55458E-13
2.83329E-07 2.96585E-12
2.83483E-07 3.75514E-12
2.83637E-07 1.34047E-12
2.83791E-07 -2.21640E-12
2.83945E-07 -3.88047E-12
2.84099E-07 -2.23310E-12
2.84253E-07 1.31854E-12
2.84407E-07 3.74353E-12
2.84561E-07 2.97372E-12
2.84715E-07 -3.32452E-13
2.84869E-07 -3.35310E-12
2.85023E-07 -3.51145E-12
2.85177E-07 -6.73928E-13
2.85331E-07 2.73716E-12
2.85486E-07 3.81148E-12
2.85640E-07 1.63371E-12
2.85794E-07 -1.93662E-12
2.85948E-07 -3.85301E-12
2.86102E-07 -2.48153E-12
2.86256E-07 1.00604E-12
2.86410E-07 3.63335E-12
2.86564E-07 3.15958E-12
2.86718E-07 -9.38309E-15
2.86872E-07 -3.16861E-12
2.87026E-07 -3.62296E-12
2.87180E-07 -9.86302E-13
2.87334E-07 2.49034E-12
2.87488E-07 3.84055E-12
2.87642E-07 1.91359E-12
2.87797E-07 -1.64487E-12
2.87951E-07 -3.79820E-12
2.88105E-07 -2.71008E-12
2.88259E-07 6.89536E-13
2.88413E-07 3.49923E-12
2.88567E-07 3.32236E-12
2.88721E-07 3.11368E-13
2.88875E-07 -2.96359E-12
2.89029E-07 -3.70855E-12
2.89183E-07 -1.28934E-12
2.89337E-07 2.22853E-12
2.89491E-07 3.84340E-12
2.89645E-07 2.17866E-12
2.89799E-07 -1.34375E-12
2.89953E-07 -3.71786E-12
2.90108E-07 -2.91897E-12
2.90262E-07 3.69662E-13
2.90416E-07 3.34114E-12
2.90570E-07 3.46064E-12
2.90724E-07 6.27736E-13
2.90878E-07 -2.73921E-12
2.91032E-07 -3.76750E-12
2.91186E-07 -1.58108E-12
2.91340E-07 1.95314E-12
2.91494E-07 3.81939E-12
2.91648E-07 2.42640E-12
2.91802E-07 -1.03582E-12
2.91956E-07 -3.61259E-12
2.92110E-07 -3.10618E-12
2.92264E-07 4.97744E-14
2.92419E-07 3.16155E-12
2.92573E-07 3.57454E-12
2.92727E-07 9.37883E-13
2.92881E-07 -2.49746E-12
2.93035E-07 -3.80037E-12
2.93189E-07 -1.86047E-12
2.93343E-07 1.66558E-12
2.93497E-07 3.76884E-12
2.93651E-07 2.65576E-12
2.93805E-07 -7.22383E-13
2.93959E-07 -3.48247E-12
2.94113E-07 -3.27016E-12
2.94267E-07 -2.68124E-13
2.94421E-07 2.96110E-12
2.94575E-07 3.66251E-12
2.94730E-07 1.23900E-12
2.94884E-07 -2.24031E-12
2.95038E-07 -3.80665E-12
2.95192E-07 -2.12477E-12
2.95346E-07 1.36884E-12
2.95500E-07 3.69285E-12
2.95654E-07 2.86526E-12
2.95808E-07 -4.06246E-13
2.95962E-07 -3.32944E-12
2.96116E-07 -3.41070E-12
2.96270E-07 -5.82181E-13
2.96424E-07 2.74157E-12
2.96578E-07 3.72476E-12
2.96732E-07 1.52982E-12
2.96886E-07 -1.96911E-12
2.97041E-07 -3.78641E-12
2.97195E-07 -2.37261E-12
2.97349E-07 1.06451E-12
2.97503E-07 3.59168E-12
2.97657E-07 3.05344E-12
2.97811E-07 -8.94469E-14
2.97965E-07 -3.15444E-12
2.98119E-07 -3.52686E-12
2.98273E-07 -8.90450E-13
2.98427E-07 2.50405E-12
2.98581E-07 3.76037E-12
2.98735E-07 1.80785E-12
2.98889E-07 -1.68605E-12
2.99043E-07 -3.73978E-12
2.99197E-07 -2.60194E-12
2.99352E-07 7.55163E-13
2.99506E-07 3.46640E-12
2.99660E-07 3.21908E-12
2.99814E-07 2.25635E-13
2.99968E-07 -2.95884E-12
3.00122E-07 -3.61756E-12
3.00276E-07 -1.18985E-12
3.00430E-07 2.25165E-12
3.00584E-07 3.77050E-12
3.00738E-07 2.07200E-12
3.00892E-07 -1.39317E-12
3.01046E-07 -3.66792E-12
3.01200E-07 -2.81226E-12
3.01354E-07 4.42227E-13
3.01508E-07 3.31785E-12
3.01663E-07 3.36157E-12
3.01817E-07 5.37523E-13
3.01971E-07 -2.74362E-12
3.02125E-07 -3.68246E-12
3.02279E-07 -1.47929E-12
3.02433E-07 1.98471E-12
3.02587E-07 3.75371E-12
3.02741E-07 2.31941E-12
3.02895E-07 -1.09291E-12
3.03049E-07 -3.57112E-12
3.03203E-07 -3.00147E-12
3.03357E-07 1.28540E-13
3.03511E-07 3.14735E-12
3.03665E-07 3.47961E-12
3.03819E-07 8.43175E-13
3.03974E-07 -2.51131E-12
3.04128E-07 -3.72176E-12
3.04282E-07 -1.75664E-12
3.04436E-07 1.70598E-12
3.04590E-07 3.71134E-12
3.04744E-07 2.54940E-12
3.04898E-07 -7.86943E-13
3.05052E-07 -3.45028E-12
3.05206E-07 -3.16881E-12
3.05360E-07 -1.84123E-13
3.05514E-07 2.95613E-12
3.05668E-07 3.57285E-12
3.05822E-07 1.14116E-12
3.05976E-07 -2.26294E-12
3.06130E-07 -3.73489E-12
3.06285E-07 -2.01994E-12
3.06439E-07 1.41724E-12
3.06593E-07 3.64348E-12
3.06747E-07 2.76019E-12
3.06901E-07 -4.77490E-13
3.07055E-07 -3.30620E-12
3.07209E-07 -3.31288E-12
3.07363E-07 -4.93216E-13
3.07517E-07 2.74589E-12
3.07671E-07 3.64085E-12
3.07825E-07 1.42930E-12
3.07979E-07 -2.00056E-12
