0.00000E+00 0.00000E+00
1.54067E-10 0.00000E+00
3.08133E-10 0.00000E+00
4.62200E-10 0.00000E+00
6.16267E-10 0.00000E+00
7.70333E-10 0.00000E+00
9.24400E-10 0.00000E+00
1.07847E-09 0.00000E+00
1.23253E-09 0.00000E+00
1.38660E-09 0.00000E+00
1.54067E-09 0.00000E+00
1.69473E-09 0.00000E+00
1.84880E-09 0.00000E+00
2.00287E-09 0.00000E+00
2.15693E-09 0.00000E+00
2.31100E-09 0.00000E+00
2.46507E-09 0.00000E+00
2.61913E-09 0.00000E+00
2.77320E-09 0.00000E+00
2.92727E-09 0.00000E+00
3.08133E-09 0.00000E+00
3.23540E-09 0.00000E+00
3.38947E-09 0.00000E+00
3.54353E-09 0.00000E+00
3.69760E-09 0.00000E+00
3.85167E-09 0.00000E+00
4.00573E-09 0.00000E+00
4.15980E-09 0.00000E+00
4.31387E-09 0.00000E+00
4.46793E-09 0.00000E+00
4.62200E-09 0.00000E+00
4.77607E-09 0.00000E+00
4.93013E-09 0.00000E+00
5.08420E-09 0.00000E+00
5.23827E-09 0.00000E+00
5.39233E-09 0.00000E+00
5.54640E-09 0.00000E+00
5.70047E-09 0.00000E+00
5.85453E-09 0.00000E+00
6.00860E-09 0.00000E+00
6.16267E-09 0.00000E+00
6.31673E-09 0.00000E+00
6.47080E-09 0.00000E+00
6.62487E-09 0.00000E+00
6.77893E-09 0.00000E+00
6.93300E-09 0.00000E+00
7.08707E-09 0.00000E+00
7.24113E-09 0.00000E+00
7.39520E-09 0.00000E+00
7.54927E-09 0.00000E+00
7.70333E-09 0.00000E+00
7.85740E-09 6.27577E-319
8.01147E-09 9.81981E-307
8.16553E-09 8.52431E-295
8.31960E-09 4.08789E-283
8.47367E-09 1.08299E-271
8.62773E-09 1.58500E-260
8.78180E-09 1.28151E-249
8.93587E-09 5.72397E-239
9.08993E-09 1.41240E-228
9.24400E-09 1.92531E-218
9.39807E-09 1.44986E-208
9.55213E-09 6.03167E-199
9.70620E-09 1.38622E-189
9.86027E-09 1.75999E-180
1.00143E-08 1.23445E-171
1.01684E-08 4.78321E-163
1.03225E-08 1.02388E-154
1.04765E-08 1.21077E-146
1.06306E-08 7.90972E-139
1.07847E-08 2.85459E-131
1.09387E-08 5.69127E-124
1.10928E-08 6.26844E-117
1.12469E-08 3.81412E-110
1.14009E-08 1.28208E-103
1.15550E-08 2.38079E-97
1.17091E-08 2.44240E-91
1.18631E-08 1.38421E-85
1.20172E-08 4.33401E-80
1.21713E-08 7.49701E-75
1.23253E-08 7.16506E-70
1.24794E-08 3.78379E-65
1.26335E-08 1.10429E-60
1.27875E-08 1.78163E-56
1.29416E-08 1.58991E-52
1.30957E-08 7.85564E-49
1.32497E-08 2.15289E-45
1.34038E-08 3.28306E-42
1.35579E-08 2.80162E-39
1.37119E-08 1.35104E-36
1.38660E-08 3.74288E-34
1.40201E-08 6.11512E-32
1.41741E-08 6.12278E-30
1.43282E-08 3.95004E-28
1.44823E-08 1.73781E-26
1.46363E-08 5.51303E-25
1.47904E-08 1.32492E-23
1.49445E-08 2.51293E-22
1.50985E-08 3.88816E-21
1.52526E-08 5.04002E-20
1.54067E-08 5.59197E-19
1.55607E-08 5.40415E-18
1.57148E-08 4.61484E-17
1.58689E-08 3.52402E-16
1.60229E-08 2.43066E-15
1.61770E-08 1.52724E-14
1.63311E-08 8.80533E-14
1.64851E-08 4.68768E-13
1.66392E-08 2.31690E-12
1.67933E-08 1.06822E-11
1.69473E-08 4.61345E-11
1.71014E-08 1.87330E-10
1.72555E-08 7.17500E-10
1.74095E-08 2.59975E-09
1.75636E-08 8.93434E-09
1.77177E-08 2.91891E-08
1.78717E-08 9.08464E-08
1.80258E-08 2.69856E-07
1.81799E-08 7.66334E-07
1.83339E-08 2.08360E-06
1.84880E-08 5.43126E-06
1.86421E-08 1.35891E-05
1.87961E-08 3.26699E-05
1.89502E-08 7.55385E-05
1.91043E-08 1.68114E-04
1.92583E-08 3.60371E-04
1.94124E-08 7.44487E-04
1.95665E-08 1.48294E-03
1.97205E-08 2.84902E-03
1.98746E-08 5.28045E-03
2.00287E-08 9.44251E-03
2.01827E-08 1.62902E-02
2.03368E-08 2.71082E-02
2.04909E-08 4.34957E-02
2.06449E-08 6.72532E-02
2.07990E-08 1.00125E-01
2.09531E-08 1.43364E-01
2.11071E-08 1.97129E-01
2.12612E-08 2.59768E-01
2.14153E-08 3.27153E-01
2.15693E-08 3.92290E-01
2.17234E-08 4.45490E-01
2.18775E-08 4.75360E-01
2.20315E-08 4.70736E-01
2.21856E-08 4.23420E-01
2.23397E-08 3.31231E-01
2.24937E-08 2.00551E-01
2.26478E-08 4.73634E-02
2.28019E-08 -1.04141E-01
2.29559E-08 -2.25763E-01
2.31100E-08 -2.91867E-01
2.32641E-08 -2.86871E-01
2.34181E-08 -2.11395E-01
2.35722E-08 -8.46381E-02
2.37263E-08 5.87426E-02
2.38803E-08 1.77375E-01
2.40344E-08 2.35554E-01
2.41885E-08 2.15451E-01
2.43425E-08 1.24576E-01
2.44966E-08 -5.04698E-03
2.46507E-08 -1.26898E-01
2.48047E-08 -1.96435E-01
2.49588E-08 -1.88211E-01
2.51129E-08 -1.06712E-01
2.52669E-08 1.42533E-02
2.54210E-08 1.24442E-01
2.55751E-08 1.77829E-01
2.57291E-08 1.52548E-01
2.58832E-08 6.11254E-02
2.60373E-08 -5.43415E-02
2.61913E-08 -1.40798E-01
2.63454E-08 -1.58685E-01
2.64995E-08 -1.00850E-01
2.66535E-08 3.53708E-03
2.68076E-08 1.02741E-01
2.69617E-08 1.47802E-01
2.71157E-08 1.17129E-01
2.72698E-08 2.77295E-02
2.74239E-08 -7.32569E-02
2.75779E-08 -1.32945E-01
2.77320E-08 -1.20587E-01
2.78861E-08 -4.40910E-02
2.80401E-08 5.40883E-02
2.81942E-08 1.19997E-01
2.83483E-08 1.17882E-01
2.85023E-08 5.01217E-02
2.86564E-08 -4.40639E-02
2.88105E-08 -1.10812E-01
2.89645E-08 -1.12413E-01
2.91186E-08 -4.90527E-02
2.92727E-08 4.13216E-02
2.94267E-08 1.05279E-01
2.95808E-08 1.05477E-01
2.97349E-08 4.28422E-02
2.98889E-08 -4.40647E-02
3.00430E-08 -1.02404E-01
3.01971E-08 -9.71845E-02
3.03511E-08 -3.26003E-02
3.05052E-08 5.06786E-02
3.06593E-08 1.00802E-01
3.08133E-08 8.70593E-02
3.09674E-08 1.90257E-02
3.11215E-08 -5.96305E-02
3.12755E-08 -9.89372E-02
3.14296E-08 -7.44478E-02
3.15837E-08 -2.76129E-03
3.17377E-08 6.93410E-02
3.18918E-08 9.52594E-02
3.20459E-08 5.88181E-02
3.21999E-08 -1.53432E-02
3.23540E-08 -7.81162E-02
3.25081E-08 -8.83530E-02
3.26621E-08 -4.00021E-02
3.28162E-08 3.40688E-02
3.29703E-08 8.41746E-02
3.31243E-08 7.71218E-02
3.32784E-08 1.83909E-02
3.34325E-08 -5.17764E-02
3.35865E-08 -8.57823E-02
3.37406E-08 -6.10066E-02
3.38947E-08 4.94016E-03
3.40487E-08 6.64843E-02
3.42028E-08 8.14881E-02
3.43569E-08 4.02005E-02
3.45109E-08 -2.82124E-02
3.46650E-08 -7.60809E-02
3.48191E-08 -7.04224E-02
3.49731E-08 -1.58055E-02
3.51272E-08 4.90680E-02
3.52813E-08 7.86607E-02
3.54353E-08 5.26012E-02
3.55894E-08 -1.01353E-02
3.57435E-08 -6.48590E-02
3.58975E-08 -7.29375E-02
3.60516E-08 -2.91553E-02
3.62057E-08 3.47857E-02
3.63597E-08 7.30878E-02
3.65138E-08 5.86595E-02
3.66679E-08 2.39621E-03
3.68219E-08 -5.48744E-02
3.69760E-08 -7.19423E-02
3.71301E-08 -3.69203E-02
3.72841E-08 2.43515E-02
3.74382E-08 6.72443E-02
3.75923E-08 6.08263E-02
3.77463E-08 1.02589E-02
3.79004E-08 -4.71857E-02
3.80545E-08 -6.95173E-02
3.82085E-08 -4.07524E-02
3.83626E-08 1.75407E-02
3.85167E-08 6.22976E-02
3.86707E-08 6.07436E-02
3.88248E-08 1.44630E-02
3.89789E-08 -4.19791E-02
3.91329E-08 -6.67771E-02
3.92870E-08 -4.18684E-02
3.94411E-08 1.38209E-02
3.95951E-08 5.86531E-02
3.97492E-08 5.93804E-02
3.99033E-08 1.58578E-02
4.00573E-08 -3.90477E-02
4.02114E-08 -6.42096E-02
4.03655E-08 -4.10609E-02
4.05195E-08 1.26294E-02
4.06736E-08 5.63046E-02
4.08277E-08 5.72291E-02
4.09817E-08 1.50723E-02
4.11358E-08 -3.80334E-02
4.12899E-08 -6.19251E-02
4.14439E-08 -3.87961E-02
4.15980E-08 1.34663E-02
4.17521E-08 5.50355E-02
4.19061E-08 5.44730E-02
4.20602E-08 1.25482E-02
4.22143E-08 -3.85324E-02
4.23683E-08 -5.98159E-02
4.25224E-08 -3.53207E-02
4.26765E-08 1.59040E-02
4.28305E-08 5.45249E-02
4.29846E-08 5.11103E-02
4.31387E-08 8.59929E-03
4.32927E-08 -4.01324E-02
4.34468E-08 -5.76558E-02
4.36009E-08 -3.07518E-02
4.37549E-08 1.95643E-02
4.39090E-08 5.44010E-02
4.40631E-08 4.70413E-02
4.42171E-08 3.47142E-03
4.43712E-08 -4.24186E-02
4.45253E-08 -5.51633E-02
4.46793E-08 -2.51488E-02
4.48334E-08 2.40883E-02
4.49875E-08 5.42704E-02
4.51415E-08 4.21324E-02
4.52956E-08 -2.60742E-03
4.54497E-08 -4.49714E-02
4.56037E-08 -5.20443E-02
4.57578E-08 -1.85681E-02
4.59119E-08 2.91106E-02
4.60659E-08 5.37381E-02
4.62200E-08 3.62632E-02
4.63741E-08 -9.38853E-03
4.65281E-08 -4.73647E-02
4.66822E-08 -4.80267E-02
4.68363E-08 -1.11047E-02
4.69903E-08 3.42427E-02
4.71444E-08 5.24264E-02
4.72985E-08 2.93648E-02
4.74525E-08 -1.65768E-02
4.76066E-08 -4.91722E-02
4.77607E-08 -4.28914E-02
4.79147E-08 -2.92192E-03
4.80688E-08 3.90677E-02
4.82229E-08 4.99978E-02
4.83769E-08 2.14500E-02
4.85310E-08 -2.38177E-02
4.86851E-08 -4.99817E-02
4.88391E-08 -3.65009E-02
4.89932E-08 5.73012E-03
4.91473E-08 4.31482E-02
4.93013E-08 4.61812E-02
4.94554E-08 1.26360E-02
4.96095E-08 -3.06980E-02
4.97635E-08 -4.94183E-02
4.99176E-08 -2.88257E-02
5.00717E-08 1.45078E-02
5.02257E-08 4.60445E-02
5.03798E-08 4.08009E-02
5.05339E-08 3.15852E-03
5.06879E-08 -3.67587E-02
5.08420E-08 -4.71746E-02
5.09961E-08 -1.99652E-02
5.11501E-08 2.29805E-02
5.13042E-08 4.73452E-02
5.14583E-08 3.38043E-02
5.16123E-08 -6.62614E-03
5.17664E-08 -4.15222E-02
5.19205E-08 -4.30444E-02
5.20745E-08 -1.01607E-02
5.22286E-08 3.06507E-02
5.23827E-08 4.67034E-02
5.25367E-08 2.52860E-02
5.26908E-08 -1.62515E-02
5.28449E-08 -4.45291E-02
5.29989E-08 -3.69567E-02
5.31530E-08 2.03349E-04
5.33071E-08 3.69874E-02
5.34611E-08 4.38789E-02
5.36152E-08 1.55022E-02
5.37693E-08 -2.51662E-02
5.39233E-08 -4.53836E-02
5.40774E-08 -2.90031E-02
5.42315E-08 1.06128E-02
5.43855E-08 4.14707E-02
5.45396E-08 3.87774E-02
5.46937E-08 4.87217E-03
5.48477E-08 -3.27738E-02
5.50018E-08 -4.38026E-02
5.51559E-08 -1.94558E-02
5.53099E-08 2.04532E-02
5.54640E-08 4.36460E-02
5.56181E-08 3.14845E-02
5.57721E-08 -6.03714E-03
5.59262E-08 -3.84849E-02
5.60803E-08 -3.96625E-02
5.62343E-08 -8.76974E-03
5.63884E-08 2.90555E-02
5.65425E-08 4.31796E-02
5.66965E-08 2.22857E-02
5.68506E-08 -1.65442E-02
5.70047E-08 -4.17782E-02
5.71587E-08 -3.30375E-02
5.73128E-08 2.43449E-03
5.74669E-08 3.57554E-02
5.76209E-08 3.99128E-02
5.77750E-08 1.16696E-02
5.79291E-08 -2.59048E-02
5.80831E-08 -4.22650E-02
5.82372E-08 -2.42232E-02
5.83913E-08 1.34082E-02
5.85453E-08 3.99621E-02
5.86994E-08 3.39049E-02
5.88535E-08 3.08633E-04
5.90075E-08 -3.33783E-02
5.91616E-08 -3.97484E-02
5.93157E-08 -1.37392E-02
5.94697E-08 2.33325E-02
5.96238E-08 4.12299E-02
5.97779E-08 2.54588E-02
5.99319E-08 -1.09832E-02
6.00860E-08 -3.83047E-02
6.02401E-08 -3.42712E-02
6.03941E-08 -2.30754E-03
6.05482E-08 3.13925E-02
6.07023E-08 3.93240E-02
6.08563E-08 1.51235E-02
6.10104E-08 -2.13150E-02
6.11645E-08 -4.01833E-02
6.13185E-08 -2.61433E-02
6.14726E-08 9.19529E-03
6.16267E-08 3.68620E-02
6.17807E-08 3.42719E-02
6.19348E-08 3.66859E-03
6.20889E-08 -2.98015E-02
6.22429E-08 -3.87442E-02
6.23970E-08 -1.59424E-02
6.25511E-08 1.98103E-02
6.27051E-08 3.91897E-02
6.28592E-08 2.63920E-02
6.30133E-08 -7.96975E-03
6.31673E-08 -3.56556E-02
6.33214E-08 -3.40034E-02
6.34755E-08 -4.48482E-03
6.36295E-08 2.85870E-02
6.37836E-08 3.80761E-02
6.39377E-08 1.62922E-02
6.40917E-08 -1.87687E-02
6.42458E-08 -3.82820E-02
6.43999E-08 -2.62913E-02
6.45539E-08 7.23616E-03
6.47080E-08 3.46843E-02
6.48621E-08 3.35315E-02
6.50161E-08 4.83509E-03
6.51702E-08 -2.77187E-02
6.53243E-08 -3.73592E-02
6.54783E-08 -1.62485E-02
6.56324E-08 1.81384E-02
6.57865E-08 3.74711E-02
6.59405E-08 2.59036E-02
6.60946E-08 -6.93075E-03
6.62487E-08 -3.39326E-02
6.64027E-08 -3.28990E-02
6.65568E-08 -4.78511E-03
6.67109E-08 2.71597E-02
6.68649E-08 3.66127E-02
6.70190E-08 1.58700E-02
6.71731E-08 -1.78683E-02
6.73271E-08 -3.67530E-02
6.74812E-08 -2.52736E-02
6.76353E-08 6.99680E-03
6.77893E-08 3.33760E-02
6.79434E-08 3.21317E-02
6.80975E-08 4.38929E-03
6.82515E-08 -2.68703E-02
6.84056E-08 -3.58422E-02
6.85597E-08 -1.52016E-02
6.87137E-08 1.79100E-02
6.88678E-08 3.61138E-02
6.90219E-08 2.44317E-02
6.91759E-08 -7.38408E-03
6.93300E-08 -3.29846E-02
6.94841E-08 -3.12429E-02
6.96381E-08 -3.69284E-03
6.97922E-08 2.68094E-02
6.99463E-08 3.50430E-02
7.01003E-08 1.42782E-02
7.02544E-08 -1.82175E-02
7.04085E-08 -3.55328E-02
7.05625E-08 -2.33986E-02
7.07166E-08 8.04788E-03
7.08707E-08 3.27252E-02
7.10247E-08 3.02371E-02
7.11788E-08 2.73386E-03
7.13329E-08 -2.69362E-02
7.14869E-08 -3.42041E-02
7.16410E-08 -1.31270E-02
7.17951E-08 1.87476E-02
7.19491E-08 3.49854E-02
7.21032E-08 2.21877E-02
7.22573E-08 -8.94781E-03
7.24113E-08 -3.25632E-02
7.25654E-08 -2.91131E-02
7.27195E-08 -1.54523E-03
7.28735E-08 2.72105E-02
7.30276E-08 3.33104E-02
7.31817E-08 1.17698E-02
7.33357E-08 -1.94594E-02
7.34898E-08 -3.44447E-02
7.36439E-08 -2.08078E-02
7.37979E-08 1.00468E-02
7.39520E-08 3.24632E-02
7.41061E-08 2.78662E-02
7.42601E-08 1.56215E-04
7.44142E-08 -2.75928E-02
7.45683E-08 -3.23443E-02
7.47223E-08 -1.02250E-02
7.48764E-08 2.03135E-02
7.50305E-08 3.38829E-02
7.51845E-08 1.92650E-02
7.53386E-08 -1.13098E-02
7.54927E-08 -3.23904E-02
7.56467E-08 -2.64896E-02
7.58008E-08 1.40610E-03
7.59549E-08 2.80448E-02
7.61089E-08 3.12875E-02
7.62630E-08 8.50950E-03
7.64171E-08 -2.12721E-02
7.65711E-08 -3.32719E-02
7.67252E-08 -1.75642E-02
7.68793E-08 1.27034E-02
7.70333E-08 3.23101E-02
7.71874E-08 2.49764E-02
7.73415E-08 -3.11572E-03
7.74955E-08 -2.85288E-02
7.76496E-08 -3.01219E-02
7.78037E-08 -6.63932E-03
7.79577E-08 2.22983E-02
7.81118E-08 3.25848E-02
7.82659E-08 1.57103E-02
7.84199E-08 -1.41949E-02
7.85740E-08 -3.21890E-02
7.87281E-08 -2.33200E-02
7.88821E-08 4.94685E-03
7.90362E-08 2.90085E-02
7.91903E-08 2.88306E-02
7.93443E-08 4.63106E-03
7.94984E-08 -2.33560E-02
7.96525E-08 -3.17958E-02
7.98065E-08 -1.37095E-02
7.99606E-08 1.57515E-02
8.01147E-08 3.19951E-02
8.02687E-08 2.15159E-02
8.04228E-08 -6.87326E-03
8.05769E-08 -2.94485E-02
8.07309E-08 -2.73987E-02
8.08850E-08 -2.50247E-03
8.10391E-08 2.44097E-02
8.11931E-08 3.08813E-02
8.13472E-08 1.15697E-02
8.15013E-08 -1.73405E-02
8.16553E-08 -3.16984E-02
8.18094E-08 -1.95615E-02
8.19635E-08 8.86775E-03
8.21175E-08 2.98148E-02
8.22716E-08 2.58139E-02
8.24257E-08 2.73048E-04
8.25797E-08 -2.54244E-02
8.27338E-08 -2.98203E-02
8.28879E-08 -9.30118E-03
8.30419E-08 1.89291E-02
8.31960E-08 3.12709E-02
8.33501E-08 1.74574E-02
8.35041E-08 -1.09019E-02
8.36582E-08 -3.00752E-02
8.38123E-08 -2.40670E-02
8.39663E-08 2.03559E-03
8.41204E-08 2.63660E-02
8.42745E-08 2.85948E-02
8.44285E-08 6.91718E-03
8.45826E-08 -2.04840E-02
8.47367E-08 -3.06874E-02
8.48907E-08 -1.52075E-02
8.50448E-08 1.29461E-02
8.51989E-08 3.01992E-02
8.53529E-08 2.21523E-02
8.55070E-08 -4.39953E-03
8.56611E-08 -2.72013E-02
8.58151E-08 -2.71902E-02
8.59692E-08 -4.43405E-03
8.61233E-08 2.19717E-02
8.62773E-08 2.99256E-02
8.64314E-08 1.28194E-02
8.65855E-08 -1.49692E-02
8.67395E-08 -3.01585E-02
8.68936E-08 -2.00683E-02
8.70477E-08 6.79245E-03
8.72017E-08 2.78983E-02
8.73558E-08 2.55960E-02
8.75099E-08 1.87147E-03
8.76639E-08 -2.33591E-02
8.78180E-08 -2.89667E-02
8.79721E-08 -1.03047E-02
8.81261E-08 1.69392E-02
8.82802E-08 2.99277E-02
8.84343E-08 1.78177E-02
8.85883E-08 -9.18577E-03
8.87424E-08 -2.84267E-02
8.88965E-08 -2.38057E-02
8.90505E-08 7.47610E-04
8.92046E-08 2.46132E-02
8.93587E-08 2.77959E-02
8.95127E-08 7.67902E-03
8.96668E-08 -1.88231E-02
8.98209E-08 -2.94845E-02
8.99749E-08 -1.54078E-02
9.01290E-08 1.15488E-02
9.02831E-08 2.87584E-02
9.04371E-08 2.18177E-02
9.05912E-08 -3.39703E-03
9.07453E-08 -2.57021E-02
9.08993E-08 -2.64025E-02
9.10534E-08 -4.96217E-03
9.12075E-08 2.05874E-02
9.13615E-08 2.88100E-02
9.15156E-08 1.28502E-02
9.16697E-08 -1.38491E-02
9.18237E-08 -2.88678E-02
9.19778E-08 -1.96349E-02
9.21319E-08 6.04766E-03
9.22859E-08 2.65953E-02
9.24400E-08 2.47806E-02
9.25941E-08 2.17779E-03
9.27481E-08 -2.21989E-02
9.29022E-08 -2.78896E-02
9.30563E-08 -1.01616E-02
9.32103E-08 1.60530E-02
9.33644E-08 2.87326E-02
9.35185E-08 1.72655E-02
9.36725E-08 -8.66776E-03
9.38266E-08 -2.72644E-02
9.39807E-08 -2.29289E-02
9.41347E-08 6.46700E-04
9.42888E-08 2.36249E-02
9.44429E-08 2.67131E-02
9.45969E-08 7.36302E-03
9.47510E-08 -1.81258E-02
9.49051E-08 -2.83340E-02
9.50591E-08 -1.47225E-02
9.52132E-08 1.12234E-02
9.53673E-08 2.76832E-02
9.55213E-08 2.08518E-02
9.56754E-08 -3.48047E-03
9.58295E-08 -2.48339E-02
9.59835E-08 -2.52753E-02
9.61376E-08 -4.47990E-03
9.62917E-08 2.00329E-02
9.64457E-08 2.76577E-02
9.65998E-08 1.20242E-02
9.67539E-08 -1.36791E-02
9.69079E-08 -2.78292E-02
9.70620E-08 -1.85587E-02
9.72161E-08 6.28975E-03
9.73701E-08 2.57965E-02
9.75242E-08 2.35760E-02
9.76783E-08 1.54181E-03
9.78323E-08 -2.17401E-02
9.79864E-08 -2.66938E-02
9.81405E-08 -9.19359E-03
9.82945E-08 1.59984E-02
9.84486E-08 2.76833E-02
9.86027E-08 1.60644E-02
9.87567E-08 -9.03833E-03
9.89108E-08 -2.64858E-02
9.90649E-08 -2.16207E-02
9.92189E-08 1.41801E-03
9.93730E-08 2.32145E-02
9.95271E-08 2.54377E-02
9.96811E-08 6.25859E-03
9.98352E-08 -1.81444E-02
9.99893E-08 -2.72312E-02
1.00143E-07 -1.33892E-02
1.00297E-07 1.16882E-02
1.00451E-07 2.68784E-02
1.00606E-07 1.94205E-02
1.00760E-07 -4.36312E-03
1.00914E-07 -2.44251E-02
1.01068E-07 -2.38904E-02
1.01222E-07 -3.25132E-03
1.01376E-07 2.00809E-02
1.01530E-07 2.64633E-02
1.01684E-07 1.05586E-02
1.01838E-07 -1.42005E-02
1.01992E-07 -2.69547E-02
1.02146E-07 -1.69921E-02
1.02300E-07 7.25458E-03
1.02454E-07 2.53438E-02
1.02608E-07 2.20585E-02
1.02762E-07 2.07835E-04
1.02917E-07 -2.17730E-02
1.03071E-07 -2.53755E-02
1.03225E-07 -7.60299E-03
1.03379E-07 1.65358E-02
1.03533E-07 2.67001E-02
1.03687E-07 1.43579E-02
1.03841E-07 -1.00516E-02
1.03995E-07 -2.59459E-02
1.04149E-07 -1.99546E-02
1.04303E-07 2.83251E-03
1.04457E-07 2.31879E-02
1.04611E-07 2.39695E-02
1.04765E-07 4.55733E-03
1.04919E-07 -1.86554E-02
1.05073E-07 -2.61050E-02
1.05228E-07 -1.15459E-02
1.05382E-07 1.27122E-02
1.05536E-07 2.62112E-02
1.05690E-07 1.75975E-02
1.05844E-07 -5.82776E-03
1.05998E-07 -2.42959E-02
1.06152E-07 -2.22532E-02
1.06306E-07 -1.46061E-03
1.06460E-07 2.05222E-02
1.06614E-07 2.51656E-02
1.06768E-07 8.58920E-03
1.06922E-07 -1.51946E-02
1.07076E-07 -2.61245E-02
1.07230E-07 -1.50117E-02
1.07384E-07 8.73410E-03
1.07539E-07 2.50711E-02
1.07693E-07 2.02406E-02
1.07847E-07 -1.64480E-03
1.08001E-07 -2.21014E-02
1.08155E-07 -2.38844E-02
1.08309E-07 -5.52546E-03
1.08463E-07 1.74574E-02
1.08617E-07 2.56759E-02
1.08771E-07 1.22274E-02
1.08925E-07 -1.15068E-02
1.09079E-07 -2.54921E-02
1.09233E-07 -1.79522E-02
1.09387E-07 4.71388E-03
1.09541E-07 2.33615E-02
1.09695E-07 2.22701E-02
1.09850E-07 2.39664E-03
1.10004E-07 -1.94611E-02
1.10158E-07 -2.48620E-02
1.10312E-07 -9.28036E-03
1.10466E-07 1.41010E-02
1.10620E-07 2.55431E-02
1.10774E-07 1.54147E-02
1.10928E-07 -7.69981E-03
1.11082E-07 -2.42752E-02
1.11236E-07 -2.03383E-02
1.11390E-07 7.51868E-04
1.11544E-07 2.11688E-02
1.11698E-07 2.36857E-02
1.11852E-07 6.21110E-03
1.12006E-07 -1.64729E-02
1.12161E-07 -2.52140E-02
1.12315E-07 -1.26606E-02
1.12469E-07 1.05549E-02
1.12623E-07 2.48201E-02
1.12777E-07 1.81111E-02
1.12931E-07 -3.87208E-03
1.13085E-07 -2.25473E-02
1.13239E-07 -2.21569E-02
1.13393E-07 -3.06439E-03
1.13547E-07 1.85806E-02
1.13701E-07 2.45016E-02
1.13855E-07 9.72801E-03
1.14009E-07 -1.32318E-02
1.14163E-07 -2.49797E-02
1.14317E-07 -1.56171E-02
1.14472E-07 6.91427E-03
1.14626E-07 2.35678E-02
1.14780E-07 2.02924E-02
1.14934E-07 -1.11530E-04
1.15088E-07 -2.03852E-02
1.15242E-07 -2.34094E-02
1.15396E-07 -6.66024E-03
1.15550E-07 1.56839E-02
1.15704E-07 2.47438E-02
1.15858E-07 1.28911E-02
1.16012E-07 -9.82798E-03
1.16166E-07 -2.42070E-02
1.16320E-07 -1.81158E-02
1.16474E-07 3.26579E-03
1.16628E-07 2.18518E-02
1.16783E-07 2.19481E-02
1.16937E-07 3.50473E-03
1.17091E-07 -1.78672E-02
1.17245E-07 -2.41092E-02
1.17399E-07 -9.97372E-03
1.17553E-07 1.25631E-02
1.17707E-07 2.44478E-02
1.17861E-07 1.56577E-02
1.18015E-07 -6.34591E-03
1.18169E-07 -2.29504E-02
1.18323E-07 -2.01357E-02
1.18477E-07 -3.12483E-04
1.18631E-07 1.97411E-02
1.18785E-07 2.30799E-02
1.18939E-07 6.91059E-03
1.19094E-07 -1.50710E-02
1.19248E-07 -2.42799E-02
1.19402E-07 -1.29551E-02
1.19556E-07 9.29883E-03
1.19710E-07 2.36569E-02
1.19864E-07 1.79976E-02
1.20018E-07 -2.86295E-03
1.20172E-07 -2.12690E-02
1.20326E-07 -2.16678E-02
1.20480E-07 -3.75182E-03
1.20634E-07 1.73056E-02
1.20788E-07 2.37002E-02
1.20942E-07 1.00508E-02
1.21096E-07 -1.20721E-02
1.21250E-07 -2.39535E-02
1.21405E-07 -1.55662E-02
1.21559E-07 5.96652E-03
1.21713E-07 2.24198E-02
1.21867E-07 1.98921E-02
1.22021E-07 5.51003E-04
1.22175E-07 -1.92243E-02
1.22329E-07 -2.27136E-02
1.22483E-07 -6.99291E-03
1.22637E-07 1.46149E-02
1.22791E-07 2.38301E-02
1.22945E-07 1.28806E-02
1.23099E-07 -8.94278E-03
1.23253E-07 -2.31688E-02
1.23407E-07 -1.77799E-02
1.23561E-07 2.63581E-03
1.23716E-07 2.07897E-02
1.23870E-07 2.13329E-02
1.24024E-07 3.83401E-03
1.24178E-07 -1.68794E-02
1.24332E-07 -2.32841E-02
1.24486E-07 -9.98577E-03
1.24640E-07 1.17371E-02
1.24794E-07 2.34982E-02
1.24948E-07 1.53653E-02
1.25102E-07 -5.75119E-03
1.25256E-07 -2.19696E-02
1.25410E-07 -1.95788E-02
1.25564E-07 -6.30097E-04
1.25718E-07 1.88217E-02
1.25872E-07 2.23210E-02
1.26027E-07 6.93222E-03
1.26181E-07 -1.42969E-02
1.26335E-07 -2.33977E-02
1.26489E-07 -1.26896E-02
1.26643E-07 8.73754E-03
1.26797E-07 2.27389E-02
1.26951E-07 1.74798E-02
1.27105E-07 -2.56046E-03
1.27259E-07 -2.04032E-02
1.27413E-07 -2.09548E-02
1.27567E-07 -3.77480E-03
1.27721E-07 1.65727E-02
1.27875E-07 2.28654E-02
1.28029E-07 9.79987E-03
1.28183E-07 -1.15384E-02
1.28338E-07 -2.30797E-02
1.28492E-07 -1.50723E-02
1.28646E-07 5.67807E-03
1.28800E-07 2.15914E-02
1.28954E-07 1.92077E-02
1.29108E-07 5.71775E-04
1.29262E-07 -1.85197E-02
1.29416E-07 -2.19080E-02
1.29570E-07 -6.74889E-03
1.29724E-07 1.40994E-02
1.29878E-07 2.29824E-02
1.30032E-07 1.23992E-02
1.30186E-07 -8.66324E-03
1.30340E-07 -2.23609E-02
1.30494E-07 -1.71101E-02
1.30649E-07 2.61634E-03
1.30803E-07 2.00985E-02
1.30957E-07 2.05406E-02
1.31111E-07 3.59369E-03
1.31265E-07 -1.63702E-02
1.31419E-07 -2.24458E-02
1.31573E-07 -9.51001E-03
1.31727E-07 1.14578E-02
1.31881E-07 2.26941E-02
1.32035E-07 1.47001E-02
1.32189E-07 -5.72804E-03
1.32343E-07 -2.12762E-02
1.32497E-07 -1.87872E-02
1.32651E-07 -3.94671E-04
1.32805E-07 1.83050E-02
1.32960E-07 2.14777E-02
1.33114E-07 6.45955E-03
1.33268E-07 -1.40064E-02
1.33422E-07 -2.25821E-02
1.33576E-07 -1.20228E-02
1.33730E-07 8.70215E-03
1.33884E-07 2.20277E-02
1.34038E-07 1.66799E-02
1.34192E-07 -2.78573E-03
1.34346E-07 -1.98639E-02
1.34500E-07 -2.00949E-02
1.34654E-07 -3.30699E-03
1.34808E-07 1.62574E-02
1.34962E-07 2.20246E-02
1.35116E-07 9.12977E-03
1.35271E-07 -1.14792E-02
1.35425E-07 -2.23359E-02
1.35579E-07 -1.42587E-02
1.35733E-07 5.88430E-03
1.35887E-07 2.10143E-02
1.36041E-07 1.83228E-02
1.36195E-07 1.14647E-04
1.36349E-07 -1.81647E-02
1.36503E-07 -2.10310E-02
1.36657E-07 -6.07793E-03
1.36811E-07 1.40027E-02
1.36965E-07 2.21929E-02
1.37119E-07 1.15709E-02
1.37273E-07 -8.83845E-03
1.37427E-07 -2.17314E-02
1.37582E-07 -1.61956E-02
1.37736E-07 3.05327E-03
1.37890E-07 1.96884E-02
1.38044E-07 1.96197E-02
1.38198E-07 2.92840E-03
1.38352E-07 -1.62207E-02
1.38506E-07 -2.15997E-02
1.38660E-07 -8.67017E-03
1.38814E-07 1.15876E-02
1.38968E-07 2.19989E-02
1.39122E-07 1.37555E-02
1.39276E-07 -6.13206E-03
1.39430E-07 -2.07961E-02
1.39584E-07 -1.78180E-02
1.39738E-07 2.54677E-04
1.39893E-07 1.80866E-02
1.40047E-07 2.05673E-02
1.40201E-07 5.61539E-03
1.40355E-07 -1.40747E-02
1.40509E-07 -2.18102E-02
1.40663E-07 -1.10519E-02
1.40817E-07 9.05799E-03
1.40971E-07 2.14639E-02
1.41125E-07 1.56622E-02
1.41279E-07 -3.40552E-03
1.41433E-07 -1.95610E-02
1.41587E-07 -1.91159E-02
1.41741E-07 -2.46958E-03
1.41895E-07 1.62473E-02
1.42049E-07 2.11680E-02
1.42204E-07 8.14025E-03
1.42358E-07 -1.17697E-02
1.42512E-07 -2.16766E-02
1.42666E-07 -1.31965E-02
1.42820E-07 6.45819E-03
1.42974E-07 2.06122E-02
1.43128E-07 1.72749E-02
1.43282E-07 -7.01480E-04
1.43436E-07 -1.80593E-02
1.43590E-07 -2.00849E-02
1.43744E-07 -5.08157E-03
1.43898E-07 1.42097E-02
1.44052E-07 2.14291E-02
1.44206E-07 1.04724E-02
1.44360E-07 -9.34801E-03
1.44515E-07 -2.12171E-02
1.44669E-07 -1.50828E-02
1.44823E-07 3.83064E-03
1.44977E-07 1.94715E-02
1.45131E-07 1.85833E-02
1.45285E-07 1.94060E-03
1.45439E-07 -1.63256E-02
1.45593E-07 -2.07260E-02
1.45747E-07 -7.54752E-03
1.45901E-07 1.20131E-02
1.46055E-07 2.13623E-02
1.46209E-07 1.25860E-02
1.46363E-07 -6.85090E-03
1.46517E-07 -2.04534E-02
1.46671E-07 -1.66948E-02
1.46826E-07 1.21537E-03
1.46980E-07 1.80717E-02
1.47134E-07 1.95818E-02
1.47288E-07 4.48470E-03
1.47442E-07 -1.43960E-02
1.47596E-07 -2.10443E-02
1.47750E-07 -9.83793E-03
1.47904E-07 9.69696E-03
1.48058E-07 2.09833E-02
1.48212E-07 1.44600E-02
1.48366E-07 -4.31801E-03
1.48520E-07 -1.94100E-02
1.48674E-07 -1.80212E-02
1.48828E-07 -1.35029E-03
1.48982E-07 1.64446E-02
1.49137E-07 2.02697E-02
1.49291E-07 6.89844E-03
1.49445E-07 -1.23067E-02
1.49599E-07 -2.10495E-02
1.49753E-07 -1.19276E-02
1.49907E-07 7.29954E-03
1.50061E-07 2.03110E-02
1.50215E-07 1.60781E-02
1.50369E-07 -1.78707E-03
1.50523E-07 -1.81139E-02
1.50677E-07 -1.90554E-02
1.50831E-07 -3.83200E-03
1.50985E-07 1.46228E-02
1.51139E-07 2.06505E-02
1.51293E-07 9.15323E-03
1.51448E-07 -1.00942E-02
1.51602E-07 -2.07548E-02
1.51756E-07 -1.37955E-02
1.51910E-07 4.85807E-03
1.52064E-07 1.93672E-02
1.52218E-07 1.74284E-02
1.52372E-07 7.06529E-04
1.52526E-07 -1.65940E-02
1.52680E-07 -1.97953E-02
1.52834E-07 -6.19862E-03
1.52988E-07 1.26401E-02
1.53142E-07 2.07317E-02
1.53296E-07 1.12243E-02
1.53450E-07 -7.79437E-03
1.53604E-07 -2.01767E-02
1.53759E-07 -1.54251E-02
1.53913E-07 2.40817E-03
1.54067E-07 1.81764E-02
1.54221E-07 1.85032E-02
1.54375E-07 3.12994E-03
1.54529E-07 -1.48803E-02
1.54683E-07 -2.02426E-02
1.54837E-07 -8.42234E-03
1.54991E-07 1.05301E-02
1.55145E-07 2.05245E-02
1.55299E-07 1.30908E-02
1.55453E-07 -5.44205E-03
1.55607E-07 -1.93346E-02
1.55761E-07 -1.68037E-02
1.55915E-07 -1.64903E-05
1.56070E-07 1.67645E-02
1.56224E-07 1.92989E-02
1.56378E-07 5.45312E-03
1.56532E-07 -1.30037E-02
1.56686E-07 -2.04031E-02
1.56840E-07 -1.04788E-02
1.56994E-07 8.32640E-03
1.57148E-07 2.00429E-02
1.57302E-07 1.47358E-02
1.57456E-07 -3.07096E-03
1.57610E-07 -1.82502E-02
1.57764E-07 -1.79226E-02
1.57918E-07 -2.38444E-03
1.58072E-07 1.51590E-02
1.58226E-07 1.98159E-02
1.58381E-07 7.64898E-03
1.58535E-07 -1.09956E-02
1.58689E-07 -2.02857E-02
1.58843E-07 -1.23472E-02
1.58997E-07 6.06179E-03
1.59151E-07 1.93040E-02
1.59305E-07 1.61458E-02
1.59459E-07 -7.13185E-04
1.59613E-07 -1.69471E-02
1.59767E-07 -1.87771E-02
1.59921E-07 -4.66663E-03
1.60075E-07 1.33885E-02
1.60229E-07 2.00579E-02
1.60383E-07 9.69350E-03
1.60537E-07 -8.88725E-03
1.60692E-07 -1.99024E-02
1.60846E-07 -1.40101E-02
1.61000E-07 3.76820E-03
1.61154E-07 1.83271E-02
1.61308E-07 1.73114E-02
1.61462E-07 1.60105E-03
1.61616E-07 -1.54503E-02
1.61770E-07 -1.93659E-02
1.61924E-07 -6.83663E-03
1.62078E-07 1.14821E-02
1.62232E-07 2.00321E-02
1.62386E-07 1.15658E-02
1.62540E-07 -6.70967E-03
1.62694E-07 -1.92679E-02
1.62848E-07 -1.54537E-02
1.63003E-07 1.47623E-03
1.63157E-07 1.71335E-02
1.63311E-07 1.82265E-02
1.63465E-07 3.84362E-03
1.63619E-07 -1.37862E-02
1.63773E-07 -1.96911E-02
1.63927E-07 -8.87073E-03
1.64081E-07 9.46903E-03
1.64235E-07 1.97483E-02
1.64389E-07 1.32483E-02
1.64543E-07 -4.49307E-03
1.64697E-07 -1.83995E-02
1.64851E-07 -1.66674E-02
1.65005E-07 -7.85058E-04
1.65159E-07 1.57460E-02
1.65314E-07 1.88884E-02
1.65468E-07 5.98870E-03
1.65622E-07 -1.19817E-02
1.65776E-07 -1.97579E-02
1.65930E-07 -1.07481E-02
1.66084E-07 7.37845E-03
1.66238E-07 1.92193E-02
1.66392E-07 1.47265E-02
1.66546E-07 -2.26666E-03
1.66700E-07 -1.73161E-02
1.66854E-07 -1.76442E-02
1.67008E-07 -2.98843E-03
1.67162E-07 1.41889E-02
1.67316E-07 1.92977E-02
1.67470E-07 8.01290E-03
1.67625E-07 -1.00643E-02
1.67779E-07 -1.95745E-02
1.67933E-07 -1.24507E-02
1.68087E-07 5.23903E-03
1.68241E-07 1.84601E-02
1.68395E-07 1.59890E-02
1.68549E-07 -5.83784E-05
1.68703E-07 -1.60386E-02
1.68857E-07 -1.83799E-02
1.69011E-07 -5.10863E-03
1.69165E-07 1.24869E-02
1.69319E-07 1.94580E-02
1.69473E-07 9.89538E-03
1.69627E-07 -8.06122E-03
1.69781E-07 -1.91516E-02
1.69936E-07 -1.39637E-02
1.70090E-07 3.07865E-03
1.70244E-07 1.74876E-02
1.70398E-07 1.70277E-02
1.70552E-07 2.10537E-03
1.70706E-07 -1.45890E-02
1.70860E-07 -1.88737E-02
1.71014E-07 -7.12257E-03
1.71168E-07 1.06658E-02
1.71322E-07 1.93754E-02
1.71476E-07 1.16179E-02
1.71630E-07 -5.99976E-03
1.71784E-07 -1.85022E-02
1.71938E-07 -1.52748E-02
1.72092E-07 9.24182E-04
1.72247E-07 1.63208E-02
1.72401E-07 1.78372E-02
1.72555E-07 4.19991E-03
1.72709E-07 -1.29905E-02
1.72863E-07 -1.91275E-02
1.73017E-07 -9.00945E-03
1.73171E-07 8.75131E-03
1.73325E-07 1.90590E-02
1.73479E-07 1.31650E-02
1.73633E-07 -3.90652E-03
1.73787E-07 -1.76414E-02
1.73941E-07 -1.63749E-02
1.74095E-07 -1.19879E-03
1.74249E-07 1.49797E-02
1.74403E-07 1.84153E-02
1.74558E-07 6.20244E-03
1.74712E-07 -1.12669E-02
1.74866E-07 -1.91459E-02
1.75020E-07 -1.07508E-02
1.75174E-07 6.76912E-03
1.75328E-07 1.85198E-02
1.75482E-07 1.45239E-02
1.75636E-07 -1.80729E-03
1.75790E-07 -1.65860E-02
1.75944E-07 -1.72576E-02
1.76098E-07 -3.26615E-03
1.76252E-07 1.34857E-02
1.76406E-07 1.87623E-02
1.76560E-07 8.09223E-03
1.76714E-07 -9.44228E-03
1.76869E-07 -1.89360E-02
1.77023E-07 -1.23308E-02
1.77177E-07 4.74463E-03
1.77331E-07 1.77710E-02
1.77485E-07 1.56844E-02
1.77639E-07 2.73113E-04
1.77793E-07 -1.53543E-02
1.77947E-07 -1.79192E-02
1.78101E-07 -5.25545E-03
1.78255E-07 1.18609E-02
1.78409E-07 1.88813E-02
1.78563E-07 9.85069E-03
1.78717E-07 -7.54107E-03
1.78871E-07 -1.85072E-02
1.79025E-07 -1.37358E-02
1.79180E-07 2.70264E-03
1.79334E-07 1.68277E-02
1.79488E-07 1.66389E-02
1.79642E-07 2.31117E-03
1.79796E-07 -1.39660E-02
1.79950E-07 -1.83587E-02
1.80104E-07 -7.14601E-03
1.80258E-07 1.01279E-02
1.80412E-07 1.87777E-02
1.80566E-07 1.14614E-02
1.80720E-07 -5.58741E-03
1.80874E-07 -1.78708E-02
1.81028E-07 -1.49549E-02
1.81182E-07 6.67140E-04
1.81336E-07 1.57065E-02
1.81491E-07 1.73828E-02
1.81645E-07 4.28476E-03
1.81799E-07 -1.24415E-02
1.81953E-07 -1.85776E-02
1.82107E-07 -8.91913E-03
1.82261E-07 8.30971E-03
1.82415E-07 1.84592E-02
1.82569E-07 1.29104E-02
1.82723E-07 -3.60511E-03
1.82877E-07 -1.70403E-02
1.83031E-07 -1.59796E-02
1.83185E-07 -1.33893E-03
1.83339E-07 1.44252E-02
1.83493E-07 1.79135E-02
1.83647E-07 6.17336E-03
1.83802E-07 -1.08021E-02
1.83956E-07 -1.85797E-02
1.84110E-07 -1.05581E-02
1.84264E-07 6.42933E-03
1.84418E-07 1.79354E-02
1.84572E-07 1.41859E-02
1.84726E-07 -1.61732E-03
1.84880E-07 -1.60304E-02
1.85034E-07 -1.68039E-02
1.85188E-07 -3.29382E-03
1.85342E-07 1.30027E-02
1.85496E-07 1.82312E-02
1.85650E-07 7.95817E-03
1.85804E-07 -9.06923E-03
1.85958E-07 -1.83711E-02
1.86113E-07 -1.20483E-02
1.86267E-07 4.50953E-03
1.86421E-07 1.72181E-02
1.86575E-07 1.52785E-02
1.86729E-07 3.53599E-04
1.86883E-07 -1.48574E-02
1.87037E-07 -1.74242E-02
1.87191E-07 -5.17718E-03
1.87345E-07 1.14589E-02
1.87499E-07 1.83381E-02
1.87653E-07 9.62220E-03
1.87807E-07 -7.26485E-03
1.87961E-07 -1.79600E-02
1.88115E-07 -1.33774E-02
1.88269E-07 2.57267E-03
1.88424E-07 1.63204E-02
1.88578E-07 1.61810E-02
1.88732E-07 2.28632E-03
1.88886E-07 -1.35387E-02
1.89040E-07 -1.78392E-02
1.89194E-07 -6.97018E-03
1.89348E-07 9.81390E-03
1.89502E-07 1.82389E-02
1.89656E-07 1.11504E-02
1.89810E-07 -5.41070E-03
1.89964E-07 -1.73562E-02
1.90118E-07 -1.45350E-02
1.90272E-07 6.40450E-04
1.90426E-07 1.52570E-02
1.90580E-07 1.68888E-02
1.90735E-07 4.16071E-03
1.90889E-07 -1.20926E-02
1.91043E-07 -1.80497E-02
1.91197E-07 -8.65561E-03
1.91351E-07 8.08848E-03
1.91505E-07 1.79400E-02
1.91659E-07 1.25297E-02
1.91813E-07 -3.52828E-03
1.91967E-07 -1.65714E-02
1.92121E-07 -1.55130E-02
1.92275E-07 -1.26623E-03
1.92429E-07 1.40438E-02
1.92583E-07 1.73991E-02
1.92737E-07 5.95794E-03
1.92891E-07 -1.05381E-02
1.93046E-07 -1.80588E-02
1.93200E-07 -1.02180E-02
1.93354E-07 6.30334E-03
1.93508E-07 1.74499E-02
1.93662E-07 1.37491E-02
1.93816E-07 -1.63867E-03
1.93970E-07 -1.56188E-02
1.94124E-07 -1.63056E-02
1.94278E-07 -3.12749E-03
1.94432E-07 1.26977E-02
1.94586E-07 1.77115E-02
1.94740E-07 7.66066E-03
1.94894E-07 -8.89475E-03
1.95048E-07 -1.78716E-02
1.95202E-07 -1.16438E-02
1.95357E-07 4.47917E-03
1.95511E-07 1.67786E-02
1.95665E-07 1.47994E-02
1.95819E-07 2.37746E-04
1.95973E-07 -1.45127E-02
1.96127E-07 -1.69090E-02
1.96281E-07 -4.92458E-03
1.96435E-07 1.12364E-02
1.96589E-07 1.78277E-02
1.96743E-07 9.25308E-03
1.96897E-07 -7.18219E-03
1.97051E-07 -1.74950E-02
1.97205E-07 -1.29212E-02
1.97359E-07 2.63632E-03
1.97513E-07 1.59378E-02
1.97668E-07 1.56739E-02
1.97822E-07 2.08137E-03
1.97976E-07 -1.32688E-02
1.98130E-07 -1.73213E-02
1.98284E-07 -6.64006E-03
1.98438E-07 9.67827E-03
1.98592E-07 1.77513E-02
1.98746E-07 1.07211E-02
1.98900E-07 -5.42023E-03
1.99054E-07 -1.69375E-02
1.99208E-07 -1.40403E-02
1.99362E-07 7.94690E-04
1.99516E-07 1.49405E-02
1.99670E-07 1.63675E-02
1.99824E-07 3.87359E-03
1.99979E-07 -1.19034E-02
2.00133E-07 -1.75430E-02
2.00287E-07 -8.25787E-03
2.00441E-07 8.04194E-03
2.00595E-07 1.74878E-02
2.00749E-07 1.20523E-02
2.00903E-07 -3.62854E-03
2.01057E-07 -1.62094E-02
2.01211E-07 -1.49932E-02
2.01365E-07 -1.02649E-03
2.01519E-07 1.38008E-02
2.01673E-07 1.68773E-02
2.01827E-07 5.59694E-03
2.01981E-07 -1.04337E-02
2.02135E-07 -1.75762E-02
2.02290E-07 -9.76349E-03
2.02444E-07 6.34632E-03
2.02598E-07 1.70442E-02
2.02752E-07 1.32360E-02
2.02906E-07 -1.82643E-03
2.03060E-07 -1.53222E-02
2.03214E-07 -1.57739E-02
2.03368E-07 -2.80881E-03
2.03522E-07 1.25339E-02
2.03676E-07 1.72024E-02
2.03830E-07 7.23516E-03
2.03984E-07 -8.87731E-03
2.04138E-07 -1.74249E-02
2.04292E-07 -1.11439E-02
2.04446E-07 4.61031E-03
2.04601E-07 1.64294E-02
2.04755E-07 1.42636E-02
2.04909E-07 -3.27338E-05
2.05063E-07 -1.42887E-02
2.05217E-07 -1.63784E-02
2.05371E-07 -4.53480E-03
2.05525E-07 1.11558E-02
2.05679E-07 1.73436E-02
2.05833E-07 8.77336E-03
2.05987E-07 -7.25221E-03
2.06141E-07 -1.70950E-02
2.06295E-07 -1.23879E-02
2.06449E-07 2.85263E-03
2.06603E-07 1.56535E-02
2.06757E-07 1.51279E-02
2.06912E-07 1.73437E-03
2.07066E-07 -1.31229E-02
2.07220E-07 -1.68045E-02
2.07374E-07 -6.18810E-03
2.07528E-07 9.68307E-03
2.07682E-07 1.73036E-02
2.07836E-07 1.01981E-02
2.07990E-07 -5.57652E-03
2.08144E-07 -1.65939E-02
2.08298E-07 -1.34858E-02
2.08452E-07 1.09167E-03
2.08606E-07 1.47280E-02
2.08760E-07 1.58238E-02
2.08914E-07 3.45752E-03
2.09068E-07 -1.18395E-02
2.09223E-07 -1.70517E-02
2.09377E-07 -7.75353E-03
2.09531E-07 8.13270E-03
2.09685E-07 1.70869E-02
2.09839E-07 1.14974E-02
2.09993E-07 -3.86832E-03
2.10147E-07 -1.59302E-02
2.10301E-07 -1.44297E-02
2.10455E-07 -6.54696E-04
2.10609E-07 1.36656E-02
2.10763E-07 1.63480E-02
2.10917E-07 5.12027E-03
2.11071E-07 -1.04541E-02
2.11225E-07 -1.71215E-02
2.11379E-07 -9.21724E-03
2.11534E-07 6.52200E-03
2.11688E-07 1.66994E-02
2.11842E-07 1.26610E-02
2.11996E-07 -2.14548E-03
2.12150E-07 -1.51143E-02
2.12304E-07 -1.52134E-02
2.12458E-07 -2.36926E-03
2.12612E-07 1.24799E-02
2.12766E-07 1.66990E-02
2.12920E-07 6.70726E-03
2.13074E-07 -8.98258E-03
2.13228E-07 -1.70170E-02
2.13382E-07 -1.05667E-02
2.13536E-07 4.86838E-03
2.13690E-07 1.61486E-02
2.13845E-07 1.36801E-02
2.13999E-07 -4.25533E-04
2.14153E-07 -1.41575E-02
2.14307E-07 -1.58326E-02
2.14461E-07 -4.03560E-03
2.14615E-07 1.11852E-02
2.14769E-07 1.68768E-02
2.14923E-07 8.20429E-03
2.15077E-07 -7.44154E-03
2.15231E-07 -1.67429E-02
2.15385E-07 -1.17910E-02
2.15539E-07 3.18915E-03
2.15693E-07 1.54435E-02
2.15847E-07 1.45477E-02
2.16001E-07 1.27453E-03
2.16156E-07 -1.30722E-02
2.16310E-07 -1.62845E-02
2.16464E-07 -5.63821E-03
2.16618E-07 9.79672E-03
2.16772E-07 1.68833E-02
2.16926E-07 9.59840E-03
2.17080E-07 -5.84761E-03
2.17234E-07 -1.63054E-02
2.17388E-07 -1.28806E-02
2.17542E-07 1.50142E-03
2.17696E-07 1.45942E-02
2.17850E-07 1.52581E-02
2.18004E-07 2.93836E-03
2.18158E-07 -1.18717E-02
2.18312E-07 -1.65680E-02
2.18467E-07 -7.16260E-03
2.18621E-07 8.32994E-03
2.18775E-07 1.67219E-02
2.18929E-07 1.08780E-02
2.19083E-07 -4.21751E-03
2.19237E-07 -1.57120E-02
2.19391E-07 -1.38274E-02
2.19545E-07 -1.78077E-04
2.19699E-07 1.36118E-02
2.19853E-07 1.58077E-02
2.20007E-07 4.55039E-03
2.20161E-07 -1.05701E-02
2.20315E-07 -1.66838E-02
2.20469E-07 -8.59545E-03
2.20623E-07 6.80078E-03
2.20778E-07 1.63975E-02
2.20932E-07 1.20328E-02
2.21086E-07 -2.56789E-03
2.21240E-07 -1.49718E-02
2.21394E-07 -1.46251E-02
2.21548E-07 -1.83314E-03
2.21702E-07 1.25086E-02
2.21856E-07 1.61944E-02
2.22010E-07 6.09595E-03
2.22164E-07 -9.18203E-03
2.22318E-07 -1.66340E-02
2.22472E-07 -9.92461E-03
2.22626E-07 5.22533E-03
2.22780E-07 1.59165E-02
2.22934E-07 1.30542E-02
2.23089E-07 -9.15126E-04
2.23243E-07 -1.40946E-02
2.23397E-07 -1.52689E-02
2.23551E-07 -3.44820E-03
2.23705E-07 1.12977E-02
2.23859E-07 1.64174E-02
2.24013E-07 7.56136E-03
2.24167E-07 -7.72264E-03
2.24321E-07 -1.64224E-02
2.24475E-07 -1.11392E-02
2.24629E-07 3.61971E-03
2.24783E-07 1.52866E-02
2.24937E-07 1.39347E-02
2.25091E-07 7.24771E-04
2.25245E-07 -1.30916E-02
2.25400E-07 -1.57555E-02
2.25554E-07 -5.00847E-03
2.25708E-07 9.99274E-03
2.25862E-07 1.64778E-02
2.26016E-07 8.93406E-03
2.26170E-07 -6.20731E-03
2.26324E-07 -1.60540E-02
2.26478E-07 -1.22299E-02
2.26632E-07 1.99991E-03
2.26786E-07 1.45165E-02
2.26940E-07 1.46687E-02
2.27094E-07 2.33631E-03
2.27248E-07 -1.19749E-02
2.27402E-07 -1.60833E-02
2.27556E-07 -6.50002E-03
2.27711E-07 8.60799E-03
2.27865E-07 1.63780E-02
2.28019E-07 1.02026E-02
2.28173E-07 -4.65156E-03
2.28327E-07 -1.55353E-02
2.28481E-07 -1.31884E-02
2.28635E-07 3.81655E-04
2.28789E-07 1.36164E-02
2.28943E-07 1.52518E-02
2.29097E-07 3.90466E-03
2.29251E-07 -1.07571E-02
2.29405E-07 -1.62519E-02
2.29559E-07 -7.90993E-03
2.29713E-07 7.15812E-03
2.29867E-07 1.61221E-02
2.30022E-07 1.13570E-02
2.30176E-07 -3.07094E-03
2.30330E-07 -1.48740E-02
2.30484E-07 -1.40081E-02
2.30638E-07 -1.21970E-03
2.30792E-07 1.25971E-02
2.30946E-07 1.56812E-02
2.31100E-07 5.41571E-03
2.31254E-07 -9.45167E-03
2.31408E-07 -1.62628E-02
2.31562E-07 -9.22632E-03
2.31716E-07 5.65805E-03
2.31870E-07 1.57152E-02
2.32024E-07 1.23882E-02
2.32178E-07 -1.48086E-03
2.32333E-07 -1.40790E-02
2.32487E-07 -1.46837E-02
2.32641E-07 -2.78933E-03
2.32795E-07 1.14703E-02
2.32949E-07 1.59558E-02
2.33103E-07 6.85625E-03
2.33257E-07 -8.07248E-03
2.33411E-07 -1.61187E-02
2.33565E-07 -1.04385E-02
2.33719E-07 4.12282E-03
2.33873E-07 1.51638E-02
2.34027E-07 1.32888E-02
2.34181E-07 1.03553E-04
2.34335E-07 -1.31600E-02
2.34489E-07 -1.52115E-02
2.34644E-07 -4.31305E-03
2.34798E-07 1.02487E-02
2.34952E-07 1.60755E-02
2.35106E-07 8.21399E-03
2.35260E-07 -6.63378E-03
2.35414E-07 -1.58236E-02
2.35568E-07 -1.15368E-02
2.35722E-07 2.56742E-03
2.35876E-07 1.44757E-02
2.36030E-07 1.40526E-02
2.36184E-07 1.66757E-03
2.36338E-07 -1.21279E-02
2.36492E-07 -1.55891E-02
2.36646E-07 -5.77740E-03
2.36800E-07 8.94518E-03
2.36955E-07 1.60422E-02
2.37109E-07 9.47769E-03
2.37263E-07 -5.15003E-03
2.37417E-07 -1.53829E-02
2.37571E-07 -1.25131E-02
2.37725E-07 1.00673E-03
2.37879E-07 1.36596E-02
2.38033E-07 1.46750E-02
2.38187E-07 3.19696E-03
2.38341E-07 -1.09942E-02
2.38495E-07 -1.58156E-02
2.38649E-07 -7.16979E-03
2.38803E-07 7.57336E-03
2.38957E-07 1.58585E-02
2.39111E-07 1.06372E-02
2.39266E-07 -3.63580E-03
2.39420E-07 -1.48032E-02
2.39574E-07 -1.33603E-02
2.39728E-07 -5.44689E-04
2.39882E-07 1.27253E-02
2.40036E-07 1.51524E-02
2.40190E-07 4.67814E-03
2.40344E-07 -9.77112E-03
2.40498E-07 -1.58915E-02
2.40652E-07 -8.47853E-03
2.40806E-07 6.14708E-03
2.40960E-07 1.55289E-02
2.41114E-07 1.16836E-02
2.41268E-07 -2.10560E-03
2.41422E-07 -1.40922E-02
2.41577E-07 -1.40729E-02
2.41731E-07 -2.07266E-03
2.41885E-07 1.16835E-02
2.42039E-07 1.54830E-02
2.42193E-07 6.09824E-03
2.42347E-07 -8.47150E-03
2.42501E-07 -1.58185E-02
2.42655E-07 -9.69295E-03
2.42809E-07 4.68039E-03
2.42963E-07 1.50587E-02
2.43117E-07 1.26091E-02
2.43271E-07 -5.73785E-04
2.43425E-07 -1.32587E-02
2.43579E-07 -1.46464E-02
2.43733E-07 -3.56351E-03
2.43888E-07 1.05454E-02
2.44042E-07 1.56660E-02
2.44196E-07 7.44523E-03
2.44350E-07 -7.10849E-03
2.44504E-07 -1.55997E-02
2.44658E-07 -1.08035E-02
2.44812E-07 3.18741E-03
2.44966E-07 1.44546E-02
2.45120E-07 1.34071E-02
2.45274E-07 9.45587E-04
2.45428E-07 -1.23122E-02
2.45582E-07 -1.50779E-02
2.45736E-07 -5.00420E-03
2.45890E-07 9.32300E-03
2.46044E-07 1.57023E-02
2.46199E-07 8.70797E-03
2.46353E-07 -5.69558E-03
2.46507E-07 -1.52396E-02
2.46661E-07 -1.18016E-02
2.46815E-07 1.68219E-03
2.46969E-07 1.37242E-02
2.47123E-07 1.40726E-02
2.47277E-07 2.43885E-03
2.47431E-07 -1.12632E-02
2.47585E-07 -1.53657E-02
2.47739E-07 -6.38242E-03
2.47893E-07 8.02884E-03
2.48047E-07 1.55939E-02
2.48201E-07 9.87631E-03
2.48355E-07 -4.24643E-03
2.48510E-07 -1.47437E-02
2.48664E-07 -1.26800E-02
2.48818E-07 1.78606E-04
2.48972E-07 1.28762E-02
2.49126E-07 1.46014E-02
2.49280E-07 3.89287E-03
2.49434E-07 -1.01228E-02
2.49588E-07 -1.55095E-02
2.49742E-07 -7.68663E-03
2.49896E-07 6.67577E-03
2.50050E-07 1.53440E-02
2.50204E-07 1.09411E-02
2.50358E-07 -2.77473E-03
2.50512E-07 -1.41185E-02
2.50666E-07 -1.34328E-02
2.50821E-07 -1.30975E-03
2.50975E-07 1.19201E-02
2.51129E-07 1.49910E-02
2.51283E-07 5.29509E-03
2.51437E-07 -8.90284E-03
2.51591E-07 -1.55103E-02
2.51745E-07 -8.90620E-03
2.51899E-07 5.27692E-03
2.52053E-07 1.49570E-02
2.52207E-07 1.18945E-02
2.52361E-07 -1.29413E-03
2.52515E-07 -1.33717E-02
2.52669E-07 -1.40549E-02
2.52823E-07 -2.76969E-03
2.52977E-07 1.08662E-02
2.53132E-07 1.52400E-02
2.53286E-07 6.63368E-03
2.53440E-07 -7.61544E-03
2.53594E-07 -1.53701E-02
2.53748E-07 -1.00315E-02
2.53902E-07 3.84559E-03
2.54056E-07 1.44385E-02
2.54210E-07 1.27294E-02
2.54364E-07 1.81951E-04
2.54518E-07 -1.25119E-02
2.54672E-07 -1.45428E-02
2.54826E-07 -4.18854E-03
2.54980E-07 9.72538E-03
2.55134E-07 1.53483E-02
2.55288E-07 7.89760E-03
2.55443E-07 -6.27319E-03
2.55597E-07 -1.50924E-02
2.55751E-07 -1.10537E-02
2.55905E-07 2.39507E-03
2.56059E-07 1.37953E-02
2.56213E-07 1.34403E-02
2.56367E-07 1.64035E-03
2.56521E-07 -1.15485E-02
2.56675E-07 -1.48941E-02
2.56829E-07 -5.55422E-03
2.56983E-07 8.50920E-03
2.57137E-07 1.53170E-02
2.57291E-07 9.07668E-03
2.57445E-07 -4.88889E-03
2.57599E-07 -1.46818E-02
2.57754E-07 -1.19655E-02
2.57908E-07 9.38612E-04
2.58062E-07 1.30347E-02
2.58216E-07 1.40226E-02
2.58370E-07 3.06834E-03
2.58524E-07 -1.04915E-02
2.58678E-07 -1.51078E-02
2.58832E-07 -6.85537E-03
2.58986E-07 7.22959E-03
2.59140E-07 1.51485E-02
2.59294E-07 1.01617E-02
2.59448E-07 -3.47548E-03
2.59602E-07 -1.41438E-02
2.59756E-07 -1.27601E-02
2.59910E-07 -5.10761E-04
2.60065E-07 1.21654E-02
2.60219E-07 1.44730E-02
2.60373E-07 4.45367E-03
2.60527E-07 -9.35181E-03
2.60681E-07 -1.51840E-02
2.60835E-07 -8.08136E-03
2.60989E-07 5.89881E-03
2.61143E-07 1.48462E-02
2.61297E-07 1.11443E-02
2.61451E-07 -2.04592E-03
2.61605E-07 -1.34850E-02
2.61759E-07 -1.34324E-02
2.61913E-07 -1.94031E-03
2.62067E-07 1.11966E-02
2.62221E-07 1.47895E-02
2.62376E-07 5.78470E-03
2.62530E-07 -8.14061E-03
2.62684E-07 -1.51239E-02
2.62838E-07 -9.22244E-03
2.62992E-07 4.52937E-03
2.63146E-07 1.44147E-02
2.63300E-07 1.20173E-02
2.63454E-07 -6.13054E-04
2.63608E-07 -1.27131E-02
2.63762E-07 -1.39780E-02
2.63916E-07 -3.33770E-03
2.64070E-07 1.01383E-02
2.64224E-07 1.49711E-02
2.64378E-07 7.05046E-03
2.64532E-07 -6.86961E-03
2.64687E-07 -1.49300E-02
2.64841E-07 -1.02698E-02
2.64995E-07 3.13388E-03
2.65149E-07 1.38598E-02
2.65303E-07 1.27747E-02
2.65457E-07 8.10454E-04
2.65611E-07 -1.18363E-02
2.65765E-07 -1.43941E-02
2.65919E-07 -4.69111E-03
2.66073E-07 9.00092E-03
2.66227E-07 1.50181E-02
2.66381E-07 8.24075E-03
2.66535E-07 -5.55081E-03
2.66689E-07 -1.46059E-02
2.66843E-07 -1.12154E-02
2.66998E-07 1.72495E-03
2.67152E-07 1.31878E-02
2.67306E-07 1.34113E-02
2.67460E-07 2.21225E-03
2.67614E-07 -1.08638E-02
2.67768E-07 -1.46787E-02
2.67922E-07 -5.98927E-03
2.68076E-07 7.79566E-03
2.68230E-07 1.49321E-02
2.68384E-07 9.34618E-03
2.68538E-07 -4.19641E-03
2.68692E-07 -1.41562E-02
2.68846E-07 -1.20526E-02
2.69000E-07 3.15077E-04
2.69154E-07 1.24065E-02
2.69309E-07 1.39233E-02
2.69463E-07 3.58039E-03
2.69617E-07 -9.80540E-03
2.69771E-07 -1.48311E-02
2.69925E-07 -7.22161E-03
2.70079E-07 6.53392E-03
2.70233E-07 1.47156E-02
2.70387E-07 1.03583E-02
2.70541E-07 -2.81872E-03
2.70695E-07 -1.35865E-02
2.70849E-07 -1.27754E-02
2.71003E-07 -1.08343E-03
2.71157E-07 1.15239E-02
2.71311E-07 1.43078E-02
2.71465E-07 4.90340E-03
2.71620E-07 -8.67152E-03
2.71774E-07 -1.48519E-02
2.71928E-07 -8.37829E-03
2.72082E-07 5.22745E-03
2.72236E-07 1.43721E-02
2.72390E-07 1.12695E-02
2.72544E-07 -1.43002E-03
2.72698E-07 -1.29035E-02
2.72852E-07 -1.33791E-02
2.73006E-07 -2.45857E-03
2.73160E-07 1.05492E-02
2.73314E-07 1.45633E-02
2.73468E-07 6.17041E-03
2.73622E-07 -7.47299E-03
2.73776E-07 -1.47426E-02
2.73931E-07 -9.45029E-03
2.74085E-07 3.88816E-03
2.74239E-07 1.39064E-02
2.74393E-07 1.20732E-02
2.74547E-07 -4.25009E-05
2.74701E-07 -1.21145E-02
2.74855E-07 -1.38600E-02
2.75009E-07 -3.79875E-03
2.75163E-07 9.49195E-03
2.75317E-07 1.46893E-02
2.75471E-07 7.37119E-03
2.75625E-07 -6.22102E-03
2.75779E-07 -1.45058E-02
2.75933E-07 -1.04294E-02
2.76087E-07 2.52807E-03
2.76242E-07 1.33241E-02
2.76396E-07 1.27640E-02
2.76550E-07 1.33188E-03
2.76704E-07 -1.12277E-02
2.76858E-07 -1.42157E-02
2.77012E-07 -5.09286E-03
2.77166E-07 8.36244E-03
2.77320E-07 1.46862E-02
2.77474E-07 8.49624E-03
2.77628E-07 -4.92710E-03
2.77782E-07 -1.41452E-02
2.77936E-07 -1.13085E-02
2.78090E-07 1.15917E-03
2.78244E-07 1.26318E-02
2.78398E-07 1.33373E-02
2.78553E-07 2.68144E-03
2.78707E-07 -1.02520E-02
2.78861E-07 -1.44446E-02
2.79015E-07 -6.33035E-03
2.79169E-07 7.17128E-03
2.79323E-07 1.45559E-02
2.79477E-07 9.53687E-03
2.79631E-07 -3.60291E-03
2.79785E-07 -1.36656E-02
2.79939E-07 -1.20813E-02
2.80093E-07 -2.06671E-04
2.80247E-07 1.18367E-02
2.80401E-07 1.37897E-02
2.80555E-07 3.99493E-03
2.80709E-07 -9.19695E-03
2.80864E-07 -1.45464E-02
2.81018E-07 -7.50133E-03
2.81172E-07 5.92946E-03
2.81326E-07 1.43011E-02
2.81480E-07 1.04852E-02
2.81634E-07 -2.26016E-03
2.81788E-07 -1.30725E-02
2.81942E-07 -1.27424E-02
2.82096E-07 -1.55779E-03
2.82250E-07 1.09470E-02
2.82404E-07 1.41189E-02
2.82558E-07 5.26155E-03
2.82712E-07 -8.07256E-03
2.82866E-07 -1.45219E-02
2.83020E-07 -8.59661E-03
2.83175E-07 4.64825E-03
2.83329E-07 1.39254E-02
2.83483E-07 1.13343E-02
2.83637E-07 -9.10577E-04
2.83791E-07 -1.23724E-02
2.83945E-07 -1.32876E-02
2.84099E-07 -2.88284E-03
2.84253E-07 9.97146E-03
2.84407E-07 1.43236E-02
2.84561E-07 6.47107E-03
2.84715E-07 -6.88928E-03
2.84869E-07 -1.43727E-02
2.85023E-07 -9.60779E-03
2.85177E-07 3.33905E-03
2.85331E-07 1.34336E-02
2.85486E-07 1.20782E-02
2.85640E-07 4.34267E-04
2.85794E-07 -1.15726E-02
2.85948E-07 -1.37137E-02
2.86102E-07 -4.17085E-03
2.86256E-07 8.91944E-03
2.86410E-07 1.44035E-02
2.86564E-07 7.61391E-03
2.86718E-07 -5.65790E-03
2.86872E-07 -1.41018E-02
2.87026E-07 -1.05273E-02
2.87180E-07 2.01335E-03
2.87334E-07 1.28314E-02
2.87488E-07 1.27118E-02
2.87642E-07 1.76300E-03
2.87797E-07 -1.06812E-02
2.87951E-07 -1.40186E-02
2.88105E-07 -5.41134E-03
2.88259E-07 7.80081E-03
2.88413E-07 1.43595E-02
2.88567E-07 8.68117E-03
2.88721E-07 -4.38945E-03
2.88875E-07 -1.37129E-02
2.89029E-07 -1.13485E-02
2.89183E-07 6.82569E-04
2.89337E-07 1.21250E-02
2.89491E-07 1.32311E-02
2.89645E-07 3.06456E-03
2.89799E-07 -9.70676E-03
2.89953E-07 -1.42011E-02
2.90108E-07 -6.59437E-03
2.90262E-07 6.62582E-03
2.90416E-07 1.41935E-02
2.90570E-07 9.66472E-03
2.90724E-07 -3.09511E-03
2.90878E-07 -1.32106E-02
2.91032E-07 -1.20655E-02
2.91186E-07 -6.41964E-04
2.91340E-07 1.13218E-02
2.91494E-07 1.36330E-02
2.91648E-07 4.32826E-03
2.91802E-07 -8.65850E-03
2.91956E-07 -1.42611E-02
2.92110E-07 -7.71063E-03
2.92264E-07 5.40507E-03
2.92419E-07 1.39083E-02
2.92573E-07 1.05573E-02
2.92727E-07 -1.78610E-03
2.92881E-07 -1.26006E-02
2.93035E-07 -1.26736E-02
2.93189E-07 -1.94916E-03
2.93343E-07 1.04297E-02
2.93497E-07 1.39156E-02
2.93651E-07 5.54391E-03
2.93805E-07 -7.54614E-03
2.93959E-07 -1.41995E-02
2.94113E-07 -8.75151E-03
2.94267E-07 4.14938E-03
2.94421E-07 1.35076E-02
2.94575E-07 1.13523E-02
2.94730E-07 -4.73612E-04
2.94884E-07 -1.18892E-02
2.95038E-07 -1.31689E-02
2.95192E-07 -3.22822E-03
2.95346E-07 9.45711E-03
2.95500E-07 1.40778E-02
2.95654E-07 6.70184E-03
2.95808E-07 -6.37977E-03
2.95962E-07 -1.40184E-02
2.96116E-07 -9.70913E-03
2.96270E-07 2.86970E-03
2.96424E-07 1.29964E-02
2.96578E-07 1.20444E-02
2.96732E-07 8.31294E-04
2.96886E-07 -1.10837E-02
2.97041E-07 -1.35486E-02
2.97195E-07 -4.46874E-03
2.97349E-07 8.41323E-03
2.97503E-07 1.41198E-02
2.97657E-07 7.79302E-03
2.97811E-07 -5.16979E-03
2.97965E-07 -1.37205E-02
2.98119E-07 -1.05764E-02
2.98273E-07 1.57702E-03
2.98427E-07 1.23799E-02
2.98581E-07 1.26289E-02
2.98735E-07 2.11778E-03
2.98889E-07 -1.01917E-02
2.99043E-07 -1.38107E-02
2.99197E-07 -5.66079E-03
2.99352E-07 7.30758E-03
2.99506E-07 1.40424E-02
2.99660E-07 8.80906E-03
2.99814E-07 -3.92680E-03
2.99968E-07 -1.33097E-02
3.00122E-07 -1.13472E-02
3.00276E-07 2.82296E-04
3.00430E-07 1.16647E-02
3.00584E-07 1.31020E-02
3.00738E-07 3.37531E-03
3.00892E-07 -9.22175E-03
3.01046E-07 -1.39545E-02
3.01200E-07 -6.79495E-03
3.01354E-07 6.15007E-03
3.01508E-07 1.38477E-02
3.01663E-07 9.74234E-03
3.01817E-07 -2.66155E-03
3.01971E-07 -1.27907E-02
3.02125E-07 -1.20160E-02
3.02279E-07 -1.00366E-03
3.02433E-07 1.08577E-02
3.02587E-07 1.34612E-02
3.02741E-07 4.59373E-03
3.02895E-07 -8.18279E-03
3.03049E-07 -1.39800E-02
3.03203E-07 -7.86242E-03
3.03357E-07 4.95093E-03
3.03511E-07 1.35387E-02
3.03665E-07 1.05860E-02
3.03819E-07 -1.38482E-03
3.03974E-07 -1.21690E-02
3.04128E-07 -1.25785E-02
3.04282E-07 -2.27025E-03
3.04436E-07 9.96667E-03
3.04590E-07 1.37046E-02
3.04744E-07 5.76334E-03
3.04898E-07 -7.08420E-03
3.05052E-07 -1.38884E-02
3.05206E-07 -8.85508E-03
3.05360E-07 3.72055E-03
3.05514E-07 1.31190E-02
3.05668E-07 1.13340E-02
3.05822E-07 -1.07322E-04
3.05976E-07 -1.14509E-02
3.06130E-07 -1.30312E-02
3.06285E-07 -3.50717E-03
3.06439E-07 8.99996E-03
3.06593E-07 1.38316E-02
3.06747E-07 6.87498E-03
3.06901E-07 -5.93574E-03
3.07055E-07 -1.36817E-02
3.07209E-07 -9.76550E-03
3.07363E-07 2.46949E-03
3.07517E-07 1.25935E-02
3.07671E-07 1.19813E-02
3.07825E-07 1.16035E-03
3.07979E-07 -1.06433E-02
