0.00000E+00 0.00000E+00
1.54067E-10 0.00000E+00
3.08133E-10 0.00000E+00
4.62200E-10 0.00000E+00
6.16267E-10 0.00000E+00
7.70333E-10 0.00000E+00
9.24400E-10 0.00000E+00
1.07847E-09 0.00000E+00
1.23253E-09 0.00000E+00
1.38660E-09 0.00000E+00
1.54067E-09 0.00000E+00
1.69473E-09 0.00000E+00
1.84880E-09 0.00000E+00
2.00287E-09 0.00000E+00
2.15693E-09 0.00000E+00
2.31100E-09 0.00000E+00
2.46507E-09 0.00000E+00
2.61913E-09 0.00000E+00
2.77320E-09 0.00000E+00
2.92727E-09 0.00000E+00
3.08133E-09 0.00000E+00
3.23540E-09 0.00000E+00
3.38947E-09 0.00000E+00
3.54353E-09 0.00000E+00
3.69760E-09 0.00000E+00
3.85167E-09 0.00000E+00
4.00573E-09 0.00000E+00
4.15980E-09 0.00000E+00
4.31387E-09 0.00000E+00
4.46793E-09 0.00000E+00
4.62200E-09 0.00000E+00
4.77607E-09 0.00000E+00
4.93013E-09 0.00000E+00
5.08420E-09 0.00000E+00
5.23827E-09 0.00000E+00
5.39233E-09 1.27920E-33
5.54640E-09 7.20399E-32
5.70047E-09 2.04193E-30
5.85453E-09 3.88294E-29
6.00860E-09 5.57150E-28
6.16267E-09 6.43264E-27
6.31673E-09 6.22336E-26
6.47080E-09 5.18800E-25
6.62487E-09 3.80325E-24
6.77893E-09 2.49008E-23
6.93300E-09 1.47387E-22
7.08707E-09 7.96412E-22
7.24113E-09 3.96041E-21
7.39520E-09 1.82463E-20
7.54927E-09 7.83256E-20
7.70333E-09 3.14794E-19
7.85740E-09 1.18949E-18
8.01147E-09 4.24111E-18
8.16553E-09 1.43143E-17
8.31960E-09 4.58612E-17
8.47367E-09 1.39825E-16
8.62773E-09 4.06578E-16
8.78180E-09 1.12973E-15
8.93587E-09 3.00501E-15
9.08993E-09 7.66366E-15
9.24400E-09 1.87655E-14
9.39807E-09 4.41744E-14
9.55213E-09 1.00084E-13
9.70620E-09 2.18466E-13
9.86027E-09 4.59873E-13
1.00143E-08 9.34300E-13
1.01684E-08 1.83341E-12
1.03225E-08 3.47742E-12
1.04765E-08 6.37896E-12
1.06306E-08 1.13238E-11
1.07847E-08 1.94637E-11
1.09387E-08 3.24101E-11
1.10928E-08 5.23107E-11
1.12469E-08 8.18852E-11
1.14009E-08 1.24394E-10
1.15550E-08 1.83527E-10
1.17091E-08 2.63206E-10
1.18631E-08 3.67350E-10
1.20172E-08 4.99664E-10
1.21713E-08 6.63567E-10
1.23253E-08 8.62388E-10
1.24794E-08 1.09993E-09
1.26335E-08 1.38145E-09
1.27875E-08 1.71497E-09
1.29416E-08 2.11282E-09
1.30957E-08 2.59292E-09
1.32497E-08 3.17981E-09
1.34038E-08 3.90489E-09
1.35579E-08 4.80608E-09
1.37119E-08 5.92719E-09
1.38660E-08 7.31740E-09
1.40201E-08 9.03173E-09
1.41741E-08 1.11330E-08
1.43282E-08 1.36958E-08
1.44823E-08 1.68112E-08
1.46363E-08 2.05938E-08
1.47904E-08 2.51866E-08
1.49445E-08 3.07672E-08
1.50985E-08 3.75509E-08
1.52526E-08 4.57945E-08
1.54067E-08 5.58008E-08
1.55607E-08 6.79257E-08
1.57148E-08 8.25888E-08
1.58689E-08 1.00289E-07
1.60229E-08 1.21625E-07
1.61770E-08 1.47314E-07
1.63311E-08 1.78217E-07
1.64851E-08 2.15359E-07
1.66392E-08 2.59956E-07
1.67933E-08 3.13443E-07
1.69473E-08 3.77510E-07
1.71014E-08 4.54145E-07
1.72555E-08 5.45694E-07
1.74095E-08 6.54922E-07
1.75636E-08 7.85093E-07
1.77177E-08 9.40046E-07
1.78717E-08 1.12429E-06
1.80258E-08 1.34311E-06
1.81799E-08 1.60267E-06
1.83339E-08 1.91019E-06
1.84880E-08 2.27407E-06
1.86421E-08 2.70413E-06
1.87961E-08 3.21178E-06
1.89502E-08 3.81032E-06
1.91043E-08 4.51518E-06
1.92583E-08 5.34425E-06
1.94124E-08 6.31825E-06
1.95665E-08 7.46113E-06
1.97205E-08 8.80054E-06
1.98746E-08 1.03684E-05
2.00287E-08 1.22014E-05
2.01827E-08 1.43418E-05
2.03368E-08 1.68382E-05
2.04909E-08 1.97462E-05
2.06449E-08 2.31297E-05
2.07990E-08 2.70616E-05
2.09531E-08 3.16252E-05
2.11071E-08 3.69156E-05
2.12612E-08 4.30411E-05
2.14153E-08 5.01249E-05
2.15693E-08 5.83070E-05
2.17234E-08 6.77460E-05
2.18775E-08 7.86220E-05
2.20315E-08 9.11383E-05
2.21856E-08 1.05525E-04
2.23397E-08 1.22040E-04
2.24937E-08 1.40977E-04
2.26478E-08 1.62664E-04
2.28019E-08 1.87470E-04
2.29559E-08 2.15807E-04
2.31100E-08 2.48140E-04
2.32641E-08 2.84987E-04
2.34181E-08 3.26925E-04
2.35722E-08 3.74601E-04
2.37263E-08 4.28731E-04
2.38803E-08 4.90113E-04
2.40344E-08 5.59634E-04
2.41885E-08 6.38276E-04
2.43425E-08 7.27124E-04
2.44966E-08 8.27378E-04
2.46507E-08 9.40363E-04
2.48047E-08 1.06754E-03
2.49588E-08 1.21050E-03
2.51129E-08 1.37102E-03
2.52669E-08 1.55103E-03
2.54210E-08 1.75263E-03
2.55751E-08 1.97813E-03
2.57291E-08 2.23006E-03
2.58832E-08 2.51115E-03
2.60373E-08 2.82439E-03
2.61913E-08 3.17301E-03
2.63454E-08 3.56053E-03
2.64995E-08 3.99073E-03
2.66535E-08 4.46772E-03
2.68076E-08 4.99590E-03
2.69617E-08 5.58004E-03
2.71157E-08 6.22524E-03
2.72698E-08 6.93697E-03
2.74239E-08 7.72110E-03
2.75779E-08 8.58386E-03
2.77320E-08 9.53194E-03
2.78861E-08 1.05724E-02
2.80401E-08 1.17129E-02
2.81942E-08 1.29612E-02
2.83483E-08 1.43260E-02
2.85023E-08 1.58160E-02
2.86564E-08 1.74407E-02
2.88105E-08 1.92100E-02
2.89645E-08 2.11341E-02
2.91186E-08 2.32238E-02
2.92727E-08 2.54906E-02
2.94267E-08 2.79460E-02
2.95808E-08 3.06023E-02
2.97349E-08 3.34721E-02
2.98889E-08 3.65684E-02
3.00430E-08 3.99046E-02
3.01971E-08 4.34945E-02
3.03511E-08 4.73522E-02
3.05052E-08 5.14920E-02
3.06593E-08 5.59285E-02
3.08133E-08 6.06766E-02
3.09674E-08 6.57510E-02
3.11215E-08 7.11669E-02
3.12755E-08 7.69392E-02
3.14296E-08 8.30828E-02
3.15837E-08 8.96124E-02
3.17377E-08 9.65426E-02
3.18918E-08 1.03888E-01
3.20459E-08 1.11661E-01
3.21999E-08 1.19876E-01
3.23540E-08 1.28546E-01
3.25081E-08 1.37682E-01
3.26621E-08 1.47296E-01
3.28162E-08 1.57397E-01
3.29703E-08 1.67994E-01
3.31243E-08 1.79096E-01
3.32784E-08 1.90710E-01
3.34325E-08 2.02839E-01
3.35865E-08 2.15488E-01
3.37406E-08 2.28659E-01
3.38947E-08 2.42352E-01
3.40487E-08 2.56565E-01
3.42028E-08 2.71295E-01
3.43569E-08 2.86536E-01
3.45109E-08 3.02280E-01
3.46650E-08 3.18516E-01
3.48191E-08 3.35233E-01
3.49731E-08 3.52416E-01
3.51272E-08 3.70047E-01
3.52813E-08 3.88106E-01
3.54353E-08 4.06571E-01
3.55894E-08 4.25417E-01
3.57435E-08 4.44618E-01
3.58975E-08 4.64142E-01
3.60516E-08 4.83957E-01
3.62057E-08 5.04028E-01
3.63597E-08 5.24319E-01
3.65138E-08 5.44790E-01
3.66679E-08 5.65398E-01
3.68219E-08 5.86100E-01
3.69760E-08 6.06850E-01
3.71301E-08 6.27600E-01
3.72841E-08 6.48301E-01
3.74382E-08 6.68902E-01
3.75923E-08 6.89350E-01
3.77463E-08 7.09593E-01
3.79004E-08 7.29576E-01
3.80545E-08 7.49244E-01
3.82085E-08 7.68543E-01
3.83626E-08 7.87417E-01
3.85167E-08 8.05810E-01
3.86707E-08 8.23668E-01
3.88248E-08 8.40937E-01
3.89789E-08 8.57564E-01
3.91329E-08 8.73495E-01
3.92870E-08 8.88681E-01
3.94411E-08 9.03073E-01
3.95951E-08 9.16623E-01
3.97492E-08 9.29288E-01
3.99033E-08 9.41024E-01
4.00573E-08 9.51793E-01
4.02114E-08 9.61557E-01
4.03655E-08 9.70284E-01
4.05195E-08 9.77944E-01
4.06736E-08 9.84509E-01
4.08277E-08 9.89957E-01
4.09817E-08 9.94269E-01
4.11358E-08 9.97430E-01
4.12899E-08 9.99428E-01
4.14439E-08 1.00026E+00
4.15980E-08 9.99911E-01
4.17521E-08 9.98395E-01
4.19061E-08 9.95713E-01
4.20602E-08 9.91874E-01
4.22143E-08 9.86890E-01
4.23683E-08 9.80781E-01
4.25224E-08 9.73566E-01
4.26765E-08 9.65270E-01
4.28305E-08 9.55923E-01
4.29846E-08 9.45556E-01
4.31387E-08 9.34203E-01
4.32927E-08 9.21904E-01
4.34468E-08 9.08699E-01
4.36009E-08 8.94633E-01
4.37549E-08 8.79750E-01
4.39090E-08 8.64099E-01
4.40631E-08 8.47731E-01
4.42171E-08 8.30696E-01
4.43712E-08 8.13048E-01
4.45253E-08 7.94840E-01
4.46793E-08 7.76127E-01
4.48334E-08 7.56965E-01
4.49875E-08 7.37409E-01
4.51415E-08 7.17514E-01
4.52956E-08 6.97336E-01
4.54497E-08 6.76928E-01
4.56037E-08 6.56346E-01
4.57578E-08 6.35642E-01
4.59119E-08 6.14868E-01
4.60659E-08 5.94073E-01
4.62200E-08 5.73307E-01
4.63741E-08 5.52616E-01
4.65281E-08 5.32046E-01
4.66822E-08 5.11639E-01
4.68363E-08 4.91437E-01
4.69903E-08 4.71477E-01
4.71444E-08 4.51795E-01
4.72985E-08 4.32426E-01
4.74525E-08 4.13401E-01
4.76066E-08 3.94747E-01
4.77607E-08 3.76492E-01
4.79147E-08 3.58658E-01
4.80688E-08 3.41267E-01
4.82229E-08 3.24337E-01
4.83769E-08 3.07884E-01
4.85310E-08 2.91922E-01
4.86851E-08 2.76462E-01
4.88391E-08 2.61511E-01
4.89932E-08 2.47079E-01
4.91473E-08 2.33167E-01
4.93013E-08 2.19780E-01
4.94554E-08 2.06918E-01
4.96095E-08 1.94579E-01
4.97635E-08 1.82760E-01
4.99176E-08 1.71456E-01
5.00717E-08 1.60663E-01
5.02257E-08 1.50371E-01
5.03798E-08 1.40573E-01
5.05339E-08 1.31258E-01
5.06879E-08 1.22416E-01
5.08420E-08 1.14035E-01
5.09961E-08 1.06103E-01
5.11501E-08 9.86057E-02
5.13042E-08 9.15304E-02
5.14583E-08 8.48625E-02
5.16123E-08 7.85876E-02
5.17664E-08 7.26909E-02
5.19205E-08 6.71573E-02
5.20745E-08 6.19717E-02
5.22286E-08 5.71191E-02
5.23827E-08 5.25843E-02
5.25367E-08 4.83524E-02
5.26908E-08 4.44087E-02
5.28449E-08 4.07384E-02
5.29989E-08 3.73274E-02
5.31530E-08 3.41616E-02
5.33071E-08 3.12274E-02
5.34611E-08 2.85115E-02
5.36152E-08 2.60011E-02
5.37693E-08 2.36837E-02
5.39233E-08 2.15474E-02
5.40774E-08 1.95806E-02
5.42315E-08 1.77723E-02
5.43855E-08 1.61120E-02
5.45396E-08 1.45895E-02
5.46937E-08 1.31953E-02
5.48477E-08 1.19202E-02
5.50018E-08 1.07556E-02
5.51559E-08 9.69328E-03
5.53099E-08 8.72558E-03
5.54640E-08 7.84520E-03
5.56181E-08 7.04531E-03
5.57721E-08 6.31950E-03
5.59262E-08 5.66176E-03
5.60803E-08 5.06647E-03
5.62343E-08 4.52842E-03
5.63884E-08 4.04272E-03
5.65425E-08 3.60484E-03
5.66965E-08 3.21059E-03
5.68506E-08 2.85607E-03
5.70047E-08 2.53770E-03
5.71587E-08 2.25214E-03
5.73128E-08 1.99635E-03
5.74669E-08 1.76752E-03
5.76209E-08 1.56307E-03
5.77750E-08 1.38063E-03
5.79291E-08 1.21804E-03
5.80831E-08 1.07333E-03
5.82372E-08 9.44684E-04
5.83913E-08 8.30476E-04
5.85453E-08 7.29211E-04
5.86994E-08 6.39536E-04
5.88535E-08 5.60224E-04
5.90075E-08 4.90166E-04
5.91616E-08 4.28362E-04
5.93157E-08 3.73906E-04
5.94697E-08 3.25987E-04
5.96238E-08 2.83872E-04
5.97779E-08 2.46905E-04
5.99319E-08 2.14498E-04
6.00860E-08 1.86123E-04
6.02401E-08 1.61310E-04
6.03941E-08 1.39640E-04
6.05482E-08 1.20737E-04
6.07023E-08 1.04269E-04
6.08563E-08 8.99411E-05
6.10104E-08 7.74898E-05
6.11645E-08 6.66829E-05
6.13185E-08 5.73152E-05
6.14726E-08 4.92050E-05
6.16267E-08 4.21923E-05
6.17807E-08 3.61361E-05
6.19348E-08 3.09125E-05
6.20889E-08 2.64126E-05
6.22429E-08 2.25410E-05
6.23970E-08 1.92140E-05
6.25511E-08 1.63587E-05
6.27051E-08 1.39111E-05
6.28592E-08 1.18157E-05
6.30133E-08 1.00240E-05
6.31673E-08 8.49394E-06
6.33214E-08 7.18886E-06
6.34755E-08 6.07706E-06
6.36295E-08 5.13111E-06
6.37836E-08 4.32726E-06
6.39377E-08 3.64501E-06
6.40917E-08 3.06668E-06
6.42458E-08 2.57705E-06
6.43999E-08 2.16302E-06
6.45539E-08 1.81334E-06
6.47080E-08 1.51838E-06
6.48621E-08 1.26990E-06
6.50161E-08 1.06082E-06
6.51702E-08 8.85115E-07
6.53243E-08 7.37632E-07
6.54783E-08 6.13988E-07
6.56324E-08 5.10456E-07
6.57865E-08 4.23878E-07
6.59405E-08 3.51571E-07
6.60946E-08 2.91257E-07
6.62487E-08 2.41005E-07
6.64027E-08 1.99182E-07
6.65568E-08 1.64415E-07
6.67109E-08 1.35552E-07
6.68649E-08 1.11625E-07
6.70190E-08 9.18181E-08
6.71731E-08 7.54405E-08
6.73271E-08 6.19100E-08
6.74812E-08 5.07407E-08
6.76353E-08 4.15314E-08
6.77893E-08 3.39516E-08
6.79434E-08 2.77261E-08
6.80975E-08 2.26211E-08
6.82515E-08 1.84372E-08
6.84056E-08 1.50069E-08
6.85597E-08 1.21945E-08
6.87137E-08 9.89284E-09
6.88678E-08 8.01664E-09
6.90219E-08 6.49364E-09
6.91759E-08 5.25913E-09
6.93300E-08 4.25544E-09
6.94841E-08 3.43522E-09
6.96381E-08 2.76395E-09
6.97922E-08 2.21832E-09
6.99463E-08 1.78076E-09
7.01003E-08 1.43355E-09
7.02544E-08 1.15689E-09
7.04085E-08 9.31688E-10
7.05625E-08 7.44262E-10
7.07166E-08 5.88617E-10
7.08707E-08 4.63963E-10
7.10247E-08 3.69298E-10
7.11788E-08 2.99310E-10
7.13329E-08 2.44812E-10
7.14869E-08 1.97173E-10
7.16410E-08 1.52886E-10
7.17951E-08 1.14363E-10
7.19491E-08 8.61825E-11
7.21032E-08 6.98826E-11
7.22573E-08 6.15619E-11
7.24113E-08 5.42515E-11
7.25654E-08 4.30189E-11
7.27195E-08 2.85036E-11
7.28735E-08 1.59062E-11
7.30276E-08 1.02627E-11
7.31817E-08 1.19396E-11
7.33357E-08 1.61003E-11
7.34898E-08 1.65675E-11
7.36439E-08 1.08376E-11
7.37979E-08 2.04503E-12
7.39520E-08 -3.76437E-12
7.41061E-08 -2.76886E-12
7.42601E-08 3.37914E-12
7.44142E-08 8.89830E-12
7.45683E-08 8.68311E-12
7.47223E-08 2.54187E-12
7.48764E-08 -4.67638E-12
7.50305E-08 -7.16588E-12
7.51845E-08 -3.03630E-12
7.53386E-08 4.10274E-12
7.54927E-08 8.16341E-12
7.56467E-08 5.67058E-12
7.58008E-08 -1.34148E-12
7.59549E-08 -7.04661E-12
7.61089E-08 -6.71287E-12
7.62630E-08 -6.62764E-13
7.64171E-08 6.00481E-12
7.65711E-08 7.69017E-12
7.67252E-08 2.97966E-12
7.68793E-08 -4.18036E-12
7.70333E-08 -7.79867E-12
7.71874E-08 -4.85978E-12
7.73415E-08 2.15679E-12
7.74955E-08 7.36335E-12
7.76496E-08 6.40093E-12
7.78037E-08 8.65533E-14
7.79577E-08 -6.28150E-12
7.81118E-08 -7.37045E-12
7.82659E-08 -2.28018E-12
7.84199E-08 4.71137E-12
7.85740E-08 7.74228E-12
7.87281E-08 4.28103E-12
7.88821E-08 -2.75892E-12
7.90362E-08 -7.47113E-12
7.91903E-08 -5.91164E-12
7.93443E-08 5.99483E-13
7.94984E-08 6.59475E-12
7.96525E-08 7.05001E-12
7.98065E-08 1.59500E-12
7.99606E-08 -5.18525E-12
8.01147E-08 -7.60383E-12
8.02687E-08 -3.64199E-12
8.04228E-08 3.36527E-12
8.05769E-08 7.53592E-12
8.07309E-08 5.37832E-12
8.08850E-08 -1.28523E-12
8.10391E-08 -6.85692E-12
8.11931E-08 -6.66573E-12
8.13472E-08 -8.83680E-13
8.15013E-08 5.62768E-12
8.16553E-08 7.40447E-12
8.18094E-08 2.96554E-12
8.19635E-08 -3.95237E-12
8.21175E-08 -7.53975E-12
8.22716E-08 -4.79305E-12
8.24257E-08 1.97018E-12
8.25797E-08 7.06619E-12
8.27338E-08 6.22142E-12
8.28879E-08 1.56752E-13
8.30419E-08 -6.02698E-12
8.31960E-08 -7.13883E-12
8.33501E-08 -2.25548E-12
8.35041E-08 4.51153E-12
8.36582E-08 7.47709E-12
8.38123E-08 4.15872E-12
8.39663E-08 -2.64493E-12
8.41204E-08 -7.21387E-12
8.42745E-08 -5.71562E-12
8.44285E-08 5.79771E-13
8.45826E-08 6.37570E-12
8.47367E-08 6.80507E-12
8.48907E-08 1.51764E-12
8.50448E-08 -5.03408E-12
8.51989E-08 -7.34382E-12
8.53529E-08 -3.47935E-12
8.55070E-08 3.30074E-12
8.56611E-08 7.29422E-12
8.58151E-08 5.15089E-12
8.59692E-08 -1.31659E-12
8.61233E-08 -6.66521E-12
8.62773E-08 -6.40226E-12
8.64314E-08 -7.59378E-13
8.65855E-08 5.51062E-12
8.67395E-08 7.13658E-12
8.68936E-08 2.76057E-12
8.70477E-08 -3.92760E-12
8.72017E-08 -7.30119E-12
8.73558E-08 -4.53025E-12
8.75099E-08 2.04416E-12
8.76639E-08 6.88738E-12
8.78180E-08 5.93040E-12
8.79721E-08 -1.13135E-14
8.81261E-08 -5.93216E-12
8.82802E-08 -6.85311E-12
8.84343E-08 -2.00896E-12
8.85883E-08 4.51558E-12
8.87424E-08 7.22983E-12
8.88965E-08 3.85783E-12
8.90505E-08 -2.75290E-12
8.92046E-08 -7.03552E-12
8.93587E-08 -5.39162E-12
8.95127E-08 7.85029E-13
8.96668E-08 6.28971E-12
8.98209E-08 6.49231E-12
8.99749E-08 1.23203E-12
9.01290E-08 -5.05505E-12
9.02831E-08 -7.07669E-12
9.04371E-08 -3.13937E-12
9.05912E-08 3.43269E-12
9.07453E-08 7.10379E-12
9.08993E-08 4.78945E-12
9.10534E-08 -1.55170E-12
9.12075E-08 -6.57509E-12
9.13615E-08 -6.05472E-12
9.15156E-08 -4.38548E-13
9.16697E-08 5.53655E-12
9.18237E-08 6.83978E-12
9.19778E-08 2.38227E-12
9.21319E-08 -4.07285E-12
9.22859E-08 -7.08706E-12
9.24400E-08 -4.12848E-12
9.25941E-08 2.30111E-12
9.27481E-08 6.78141E-12
9.29022E-08 5.54295E-12
9.30563E-08 -3.61251E-13
9.32103E-08 -5.95061E-12
9.33644E-08 -6.51825E-12
9.35185E-08 -1.59487E-12
9.36725E-08 4.66300E-12
9.38266E-08 6.98187E-12
9.39807E-08 3.41528E-12
9.41347E-08 -3.02206E-12
9.42888E-08 -6.90214E-12
9.44429E-08 -4.96052E-12
9.45969E-08 1.15693E-12
9.47510E-08 6.28886E-12
9.49051E-08 6.11293E-12
9.50591E-08 7.86478E-13
9.52132E-08 -5.19344E-12
9.53673E-08 -6.78663E-12
9.55213E-08 -2.65800E-12
9.56754E-08 3.70336E-12
9.58295E-08 6.93253E-12
9.59835E-08 4.31330E-12
9.61376E-08 -1.93681E-12
9.62917E-08 -6.54362E-12
9.64457E-08 -5.62682E-12
9.65998E-08 3.14768E-14
9.67539E-08 5.65357E-12
9.69079E-08 6.50013E-12
9.70620E-08 1.86551E-12
9.72161E-08 -4.33388E-12
9.73701E-08 -6.86881E-12
9.75242E-08 -3.60822E-12
9.76783E-08 2.68900E-12
9.78323E-08 6.70803E-12
9.79864E-08 5.06375E-12
9.81405E-08 -8.47898E-13
9.82945E-08 -6.03467E-12
9.84486E-08 -6.12372E-12
9.86027E-08 -1.04834E-12
9.87567E-08 4.90254E-12
9.89108E-08 6.70852E-12
9.90649E-08 2.85320E-12
9.92189E-08 -3.40232E-12
9.93730E-08 -6.77766E-12
9.95271E-08 -4.43034E-12
9.96811E-08 1.65026E-12
9.98352E-08 6.32869E-12
9.99893E-08 5.66055E-12
1.00143E-07 2.18252E-13
1.00297E-07 -5.39898E-12
1.00451E-07 -6.45166E-12
1.00606E-07 -2.05902E-12
1.00760E-07 4.06384E-12
1.00914E-07 6.74780E-12
1.01068E-07 3.73368E-12
1.01222E-07 -2.42596E-12
1.01376E-07 -6.52822E-12
1.01530E-07 -5.11459E-12
1.01684E-07 6.13056E-13
1.01838E-07 5.81398E-12
1.01992E-07 6.09959E-12
1.02146E-07 1.23670E-12
1.02300E-07 -4.66202E-12
1.02454E-07 -6.61602E-12
1.02608E-07 -2.98219E-12
1.02762E-07 3.16329E-12
1.02917E-07 6.62879E-12
1.03071E-07 4.49301E-12
1.03225E-07 -1.43231E-12
1.03379E-07 -6.13906E-12
1.03533E-07 -5.65553E-12
1.03687E-07 -3.98077E-13
1.03841E-07 5.18706E-12
1.03995E-07 6.38378E-12
1.04149E-07 2.18852E-12
1.04303E-07 -3.84801E-12
1.04457E-07 -6.62579E-12
1.04611E-07 -3.80434E-12
1.04765E-07 2.22504E-12
1.04919E-07 6.36573E-12
1.05073E-07 5.12390E-12
1.05228E-07 -4.43317E-13
1.05382E-07 -5.62740E-12
1.05536E-07 -6.05056E-12
1.05690E-07 -1.36269E-12
1.05844E-07 4.46889E-12
1.05998E-07 6.51677E-12
1.06152E-07 3.05694E-12
1.06306E-07 -2.97970E-12
1.06460E-07 -6.48996E-12
1.06614E-07 -4.51239E-12
1.06768E-07 1.27412E-12
1.06922E-07 5.97540E-12
1.07076E-07 5.62141E-12
1.07230E-07 5.18839E-13
1.07384E-07 -5.01419E-12
1.07539E-07 -6.30226E-12
1.07693E-07 -2.26348E-12
1.07847E-07 3.68165E-12
1.08001E-07 6.50690E-12
1.08155E-07 3.82968E-12
1.08309E-07 -2.07952E-12
1.08463E-07 -6.22246E-12
1.08617E-07 -5.10077E-12
1.08771E-07 3.29806E-13
1.08925E-07 5.47354E-12
1.09079E-07 5.98381E-12
1.09233E-07 1.43625E-12
1.09387E-07 -4.31827E-12
1.09541E-07 -6.41435E-12
1.09695E-07 -3.08577E-12
1.09850E-07 2.84607E-12
1.10004E-07 6.36350E-12
1.10158E-07 4.49687E-12
1.10312E-07 -1.16806E-12
1.10466E-07 -5.83712E-12
1.10620E-07 -5.56483E-12
1.10774E-07 -5.88577E-13
1.10928E-07 4.87802E-12
1.11082E-07 6.21284E-12
1.11236E-07 2.29344E-12
1.11390E-07 -3.55893E-12
1.11544E-07 -6.39358E-12
1.11698E-07 -3.81830E-12
1.11852E-07 1.98159E-12
1.12006E-07 6.09742E-12
1.12161E-07 5.05145E-12
1.12315E-07 -2.64443E-13
1.12469E-07 -5.34905E-12
1.12623E-07 -5.90308E-12
1.12777E-07 -1.46446E-12
1.12931E-07 4.20616E-12
1.13085E-07 6.31158E-12
1.13239E-07 3.07632E-12
1.13393E-07 -2.75596E-12
1.13547E-07 -6.24905E-12
1.13701E-07 -4.45198E-12
1.13855E-07 1.10789E-12
1.14009E-07 5.72282E-12
1.14163E-07 5.49082E-12
1.14317E-07 6.14934E-13
1.14472E-07 -4.77410E-12
1.14626E-07 -6.11723E-12
1.14780E-07 -2.28404E-12
1.14934E-07 3.47572E-12
1.15088E-07 6.28707E-12
1.15242E-07 3.77595E-12
1.15396E-07 -1.92589E-12
1.15550E-07 -5.99039E-12
1.15704E-07 -4.98130E-12
1.15858E-07 2.40587E-13
1.16012E-07 5.25154E-12
1.16166E-07 5.81237E-12
1.16320E-07 1.45477E-12
1.16474E-07 -4.12751E-12
1.16628E-07 -6.20960E-12
1.16783E-07 -3.03467E-12
1.16937E-07 2.70354E-12
1.17091E-07 6.14602E-12
1.17245E-07 4.38297E-12
1.17399E-07 -1.08657E-12
1.17553E-07 -5.62912E-12
1.17707E-07 -5.40192E-12
1.17861E-07 -6.03792E-13
1.18015E-07 4.69852E-12
1.18169E-07 6.01710E-12
1.18323E-07 2.24155E-12
1.18477E-07 -3.42578E-12
1.18631E-07 -6.18579E-12
1.18785E-07 -3.70649E-12
1.18939E-07 1.90652E-12
1.19094E-07 5.89813E-12
1.19248E-07 4.89195E-12
1.19402E-07 -2.53607E-13
1.19556E-07 -5.17748E-12
1.19710E-07 -5.71204E-12
1.19864E-07 -1.41064E-12
1.20018E-07 4.07912E-12
1.20172E-07 6.10849E-12
1.20326E-07 2.96414E-12
1.20480E-07 -2.68523E-12
1.20634E-07 -6.05381E-12
1.20788E-07 -4.29293E-12
1.20942E-07 1.09977E-12
1.21096E-07 5.55393E-12
1.21250E-07 5.29981E-12
1.21405E-07 5.58871E-13
1.21559E-07 -4.64891E-12
1.21713E-07 -5.91353E-12
1.21867E-07 -2.16944E-12
1.22021E-07 3.40661E-12
1.22175E-07 6.09079E-12
1.22329E-07 3.61406E-12
1.22483E-07 -1.91964E-12
1.22637E-07 -5.82056E-12
1.22791E-07 -4.78760E-12
1.22945E-07 2.98045E-13
1.23099E-07 5.12445E-12
1.23253E-07 5.60481E-12
1.23407E-07 1.33802E-12
1.23561E-07 -4.05630E-12
1.23716E-07 -6.00829E-12
1.23870E-07 -2.86927E-12
1.24024E-07 2.69571E-12
1.24178E-07 5.97042E-12
1.24332E-07 4.18438E-12
1.24486E-07 -1.14313E-12
1.24640E-07 -5.49525E-12
1.24794E-07 -5.18705E-12
1.24948E-07 -4.85614E-13
1.25102E-07 4.62116E-12
1.25256E-07 5.80710E-12
1.25410E-07 2.07264E-12
1.25564E-07 -3.41260E-12
1.25718E-07 -6.00000E-12
1.25872E-07 -3.50151E-12
1.26027E-07 1.95985E-12
1.26181E-07 5.75384E-12
1.26335E-07 4.66852E-12
1.26489E-07 -3.70505E-13
1.26643E-07 -5.08936E-12
1.26797E-07 -5.49075E-12
1.26951E-07 -1.24009E-12
1.27105E-07 4.05558E-12
1.27259E-07 5.90838E-12
1.27413E-07 2.75295E-12
1.27567E-07 -2.73093E-12
1.27721E-07 -5.89407E-12
1.27875E-07 -4.05939E-12
1.28029E-07 1.21226E-12
1.28183E-07 5.44984E-12
1.28338E-07 5.06411E-12
1.28492E-07 3.87807E-13
1.28646E-07 -4.61111E-12
1.28800E-07 -5.69625E-12
1.28954E-07 -1.95291E-12
1.29108E-07 3.44080E-12
1.29262E-07 5.91214E-12
1.29416E-07 3.37040E-12
1.29570E-07 -2.02430E-12
1.29724E-07 -5.69678E-12
1.29878E-07 -4.53695E-12
1.30032E-07 4.66274E-13
1.30186E-07 5.06796E-12
1.30340E-07 5.36868E-12
1.30494E-07 1.11887E-12
1.30649E-07 -4.07401E-12
1.30803E-07 -5.80761E-12
1.30957E-07 -2.61678E-12
1.31111E-07 2.78808E-12
1.31265E-07 5.82328E-12
1.31419E-07 3.91913E-12
1.31573E-07 -1.30443E-12
1.31727E-07 -5.41586E-12
1.31881E-07 -4.93168E-12
1.32035E-07 -2.67962E-13
1.32189E-07 4.61697E-12
1.32343E-07 5.58211E-12
1.32497E-07 1.81420E-12
1.32651E-07 -3.48689E-12
1.32805E-07 -5.82546E-12
1.32960E-07 -3.22261E-12
1.33114E-07 2.10914E-12
1.33268E-07 5.64651E-12
1.33422E-07 4.39276E-12
1.33576E-07 -5.83499E-13
1.33730E-07 -5.05906E-12
1.33884E-07 -5.24017E-12
1.34038E-07 -9.78412E-13
1.34192E-07 4.10773E-12
1.34346E-07 5.70509E-12
1.34500E-07 2.46352E-12
1.34654E-07 -2.86291E-12
1.34808E-07 -5.75570E-12
1.34962E-07 -3.76511E-12
1.35116E-07 1.41518E-12
1.35271E-07 5.38899E-12
1.35425E-07 4.78832E-12
1.35579E-07 1.27980E-13
1.35733E-07 -4.63547E-12
1.35887E-07 -5.46264E-12
1.36041E-07 -1.65669E-12
1.36195E-07 3.54961E-12
1.36349E-07 5.73973E-12
1.36503E-07 3.05994E-12
1.36657E-07 -2.21164E-12
1.36811E-07 -5.60160E-12
1.36965E-07 -4.23732E-12
1.37119E-07 7.18783E-13
1.37273E-07 5.05962E-12
1.37427E-07 5.10471E-12
1.37582E-07 8.20839E-13
1.37736E-07 -4.15391E-12
1.37890E-07 -5.59975E-12
1.38044E-07 -2.29465E-12
1.38198E-07 2.95272E-12
1.38352E-07 5.68967E-12
1.38506E-07 3.59782E-12
1.38660E-07 -1.54302E-12
1.38814E-07 -5.36905E-12
1.38968E-07 -4.63669E-12
1.39122E-07 2.75894E-14
1.39276E-07 4.66298E-12
1.39430E-07 5.33769E-12
1.39584E-07 1.48393E-12
1.39738E-07 -3.62427E-12
1.39893E-07 -5.65251E-12
1.40047E-07 -2.88384E-12
1.40201E-07 2.32776E-12
1.40355E-07 5.55873E-12
1.40509E-07 4.07061E-12
1.40663E-07 -8.68804E-13
1.40817E-07 -5.06547E-12
1.40971E-07 -4.96016E-12
1.41125E-07 -6.47115E-13
1.41279E-07 4.21000E-12
1.41433E-07 5.49008E-12
1.41587E-07 2.11124E-12
1.41741E-07 -3.05474E-12
1.41895E-07 -5.62315E-12
1.42049E-07 -3.41792E-12
1.42204E-07 1.68462E-12
1.42358E-07 5.35215E-12
1.42512E-07 4.47466E-12
1.42666E-07 -1.98301E-13
1.42820E-07 -4.69780E-12
1.42974E-07 -5.20646E-12
1.43128E-07 -1.29717E-12
1.43282E-07 3.70826E-12
1.43436E-07 5.56165E-12
1.43590E-07 2.69396E-12
1.43744E-07 -2.45630E-12
1.43898E-07 -5.51657E-12
1.44052E-07 -3.89252E-12
1.44206E-07 1.03257E-12
1.44360E-07 5.07588E-12
1.44515E-07 4.80741E-12
1.44669E-07 4.59743E-13
1.44823E-07 -4.27332E-12
1.44977E-07 -5.37494E-12
1.45131E-07 -1.91420E-12
1.45285E-07 3.16718E-12
1.45439E-07 5.55539E-12
1.45593E-07 3.22672E-12
1.45747E-07 -1.83757E-12
1.45901E-07 -5.33683E-12
1.46055E-07 -4.30320E-12
1.46209E-07 3.81182E-13
1.46363E-07 4.73696E-12
1.46517E-07 5.06798E-12
1.46671E-07 1.09775E-12
1.46826E-07 -3.79955E-12
1.46980E-07 -5.46666E-12
1.47134E-07 -2.49230E-12
1.47288E-07 2.59402E-12
1.47442E-07 5.47308E-12
1.47596E-07 3.70369E-12
1.47750E-07 -1.20735E-12
1.47904E-07 -5.08839E-12
1.48058E-07 -4.64644E-12
1.48212E-07 -2.61277E-13
1.48366E-07 4.34088E-12
1.48520E-07 5.25363E-12
1.48674E-07 1.70630E-12
1.48828E-07 -3.28527E-12
1.48982E-07 -5.48257E-12
1.49137E-07 -3.02353E-12
1.49291E-07 1.99948E-12
1.49445E-07 5.31989E-12
1.49599E-07 4.12092E-12
1.49753E-07 -5.74886E-13
1.49907E-07 -4.77771E-12
1.50061E-07 -4.92043E-12
1.50215E-07 -8.86244E-13
1.50369E-07 3.89575E-12
1.50523E-07 5.36526E-12
1.50677E-07 2.27828E-12
1.50831E-07 -2.73978E-12
1.50985E-07 -5.42687E-12
1.51139E-07 -3.50425E-12
1.51293E-07 1.39106E-12
1.51448E-07 5.10008E-12
1.51602E-07 4.47525E-12
1.51756E-07 5.16075E-14
1.51910E-07 -4.41127E-12
1.52064E-07 -5.12439E-12
1.52218E-07 -1.48621E-12
1.52372E-07 3.40995E-12
1.52526E-07 5.40594E-12
1.52680E-07 2.81019E-12
1.52834E-07 -2.16864E-12
1.52988E-07 -5.30091E-12
1.53142E-07 -3.92919E-12
1.53296E-07 7.77071E-13
1.53450E-07 4.81845E-12
1.53604E-07 4.76421E-12
1.53759E-07 6.64716E-13
1.53913E-07 -3.99496E-12
1.54067E-07 -5.25765E-12
1.54221E-07 -2.05469E-12
1.54375E-07 2.88968E-12
1.54529E-07 5.37529E-12
1.54683E-07 3.29409E-12
1.54837E-07 -1.58201E-12
1.54991E-07 -5.10964E-12
1.55145E-07 -4.29472E-12
1.55299E-07 1.66271E-13
1.55453E-07 4.48145E-12
1.55607E-07 4.98662E-12
1.55761E-07 1.25673E-12
1.55915E-07 -3.53648E-12
1.56070E-07 -5.32150E-12
1.56224E-07 -2.58553E-12
1.56378E-07 2.34339E-12
1.56532E-07 5.27726E-12
1.56686E-07 3.72654E-12
1.56840E-07 -9.87312E-13
1.56994E-07 -4.85788E-12
1.57148E-07 -4.59891E-12
1.57302E-07 -4.34473E-13
1.57456E-07 4.09480E-12
1.57610E-07 5.14196E-12
1.57764E-07 1.82115E-12
1.57918E-07 -3.04296E-12
1.58072E-07 -5.31782E-12
1.58226E-07 -3.07404E-12
1.58381E-07 1.77816E-12
1.58535E-07 5.11513E-12
1.58689E-07 4.10429E-12
1.58843E-07 -3.91386E-13
1.58997E-07 -4.55000E-12
1.59151E-07 -4.83977E-12
1.59305E-07 -1.01848E-12
1.59459E-07 3.66407E-12
1.59613E-07 5.22975E-12
1.59767E-07 2.35178E-12
1.59921E-07 -2.52094E-12
1.60075E-07 -5.24757E-12
1.60229E-07 -3.51425E-12
1.60383E-07 1.20232E-12
1.60537E-07 4.89286E-12
1.60692E-07 4.42358E-12
1.60846E-07 1.97198E-13
1.61000E-07 -4.19254E-12
1.61154E-07 -5.01665E-12
1.61308E-07 -1.57859E-12
1.61462E-07 3.19697E-12
1.61616E-07 5.25209E-12
1.61770E-07 2.84370E-12
1.61924E-07 -1.97796E-12
1.62078E-07 -5.11461E-12
1.62232E-07 -3.90338E-12
1.62386E-07 6.22523E-13
1.62540E-07 4.61509E-12
1.62694E-07 4.68313E-12
1.62848E-07 7.72682E-13
1.63003E-07 -3.79035E-12
1.63157E-07 -5.12889E-12
1.63311E-07 -2.10896E-12
1.63465E-07 2.69966E-12
1.63619E-07 5.21008E-12
1.63773E-07 3.29181E-12
1.63927E-07 -1.42116E-12
1.64081E-07 -4.92213E-12
1.64235E-07 -4.23798E-12
1.64389E-07 4.59915E-14
1.64543E-07 4.28668E-12
1.64697E-07 4.88132E-12
1.64851E-07 1.32832E-12
1.65005E-07 -3.34958E-12
1.65159E-07 -5.17680E-12
1.65314E-07 -2.60364E-12
1.65468E-07 2.17938E-12
1.65622E-07 5.10625E-12
1.65776E-07 3.69187E-12
1.65930E-07 -8.57943E-13
1.66084E-07 -4.67446E-12
1.66238E-07 -4.51566E-12
1.66392E-07 -5.20289E-13
1.66546E-07 3.91325E-12
1.66700E-07 5.01748E-12
1.66854E-07 1.85741E-12
1.67008E-07 -2.87776E-12
1.67162E-07 -5.16302E-12
1.67316E-07 -3.05890E-12
1.67470E-07 1.64247E-12
1.67625E-07 4.94375E-12
1.67779E-07 4.04103E-12
1.67933E-07 -2.94618E-13
1.68087E-07 -4.37575E-12
1.68241E-07 -4.73464E-12
1.68395E-07 -1.06977E-12
1.68549E-07 3.50083E-12
1.68703E-07 5.09239E-12
1.68857E-07 2.35524E-12
1.69011E-07 -2.38062E-12
1.69165E-07 -5.08892E-12
1.69319E-07 -3.47011E-12
1.69473E-07 1.09607E-12
1.69627E-07 4.72652E-12
1.69781E-07 4.33694E-12
1.69936E-07 2.62206E-13
1.70090E-07 -4.03145E-12
1.70244E-07 -4.89498E-12
1.70398E-07 -1.59774E-12
1.70552E-07 3.05425E-12
1.70706E-07 5.10624E-12
1.70860E-07 2.81676E-12
1.71014E-07 -1.86446E-12
1.71168E-07 -4.95684E-12
1.71322E-07 -3.83375E-12
1.71476E-07 5.46405E-13
1.71630E-07 4.45803E-12
1.71784E-07 4.57717E-12
1.71938E-07 8.06112E-13
1.72092E-07 -3.64651E-12
1.72247E-07 -4.99579E-12
1.72401E-07 -2.09785E-12
1.72555E-07 2.58037E-12
1.72709E-07 5.06109E-12
1.72863E-07 3.23792E-12
1.73017E-07 -1.33561E-12
1.73171E-07 -4.76975E-12
1.73325E-07 -4.14672E-12
1.73479E-07 1.77517E-16
1.73633E-07 4.14303E-12
1.73787E-07 4.76056E-12
1.73941E-07 1.33113E-12
1.74095E-07 -3.22660E-12
1.74249E-07 -5.03759E-12
1.74403E-07 -2.56496E-12
1.74558E-07 2.08567E-12
1.74712E-07 4.95928E-12
1.74866E-07 3.61483E-12
1.75020E-07 -8.01191E-13
1.75174E-07 -4.53242E-12
1.75328E-07 -4.40793E-12
1.75482E-07 -5.37027E-13
1.75636E-07 3.78657E-12
1.75790E-07 4.88731E-12
1.75944E-07 1.83247E-12
1.76098E-07 -2.77743E-12
1.76252E-07 -5.02234E-12
1.76406E-07 -2.99607E-12
1.76560E-07 1.57513E-12
1.76714E-07 4.80320E-12
1.76869E-07 3.94533E-12
1.77023E-07 -2.65564E-13
1.77177E-07 -4.24687E-12
1.77331E-07 -4.61438E-12
1.77485E-07 -1.05892E-12
1.77639E-07 3.39351E-12
1.77793E-07 4.95708E-12
1.77947E-07 2.30516E-12
1.78101E-07 -2.30409E-12
1.78255E-07 -4.95057E-12
1.78409E-07 -3.38622E-12
1.78563E-07 1.05533E-12
1.78717E-07 4.59566E-12
1.78871E-07 4.22587E-12
1.79025E-07 2.63874E-13
1.79180E-07 -3.91886E-12
1.79334E-07 -4.76619E-12
1.79488E-07 -1.56076E-12
1.79642E-07 2.96867E-12
1.79796E-07 4.97013E-12
1.79950E-07 2.74429E-12
1.80104E-07 -1.81273E-12
1.80258E-07 -4.82457E-12
1.80412E-07 -3.73196E-12
1.80566E-07 5.32544E-13
1.80720E-07 4.34046E-12
1.80874E-07 4.45471E-12
1.81028E-07 7.81428E-13
1.81182E-07 -3.55294E-12
1.81336E-07 -4.86262E-12
1.81491E-07 -2.03675E-12
1.81645E-07 2.51839E-12
1.81799E-07 4.92834E-12
1.81953E-07 3.14590E-12
1.82107E-07 -1.30975E-12
1.82261E-07 -4.64786E-12
1.82415E-07 -4.03113E-12
1.82569E-07 1.26437E-14
1.82723E-07 4.04224E-12
1.82877E-07 4.63143E-12
1.83031E-07 1.28221E-12
1.83185E-07 -3.15428E-12
1.83339E-07 -4.90492E-12
1.83493E-07 -2.48355E-12
1.83647E-07 2.04728E-12
1.83802E-07 4.83318E-12
1.83956E-07 3.50683E-12
1.84110E-07 -8.00361E-13
1.84264E-07 -4.42331E-12
1.84418E-07 -4.28191E-12
1.84572E-07 -4.99646E-13
1.84726E-07 3.70418E-12
1.84880E-07 4.75453E-12
1.85034E-07 1.76094E-12
1.85188E-07 -2.72758E-12
1.85342E-07 -4.89297E-12
1.85496E-07 -2.89590E-12
1.85650E-07 1.56183E-12
1.85804E-07 4.68745E-12
1.85958E-07 3.82421E-12
1.86113E-07 -2.90327E-13
1.86267E-07 -4.15442E-12
1.86421E-07 -4.48227E-12
1.86575E-07 -9.98052E-13
1.86729E-07 3.33203E-12
1.86883E-07 4.82494E-12
1.87037E-07 2.21346E-12
1.87191E-07 -2.27813E-12
1.87345E-07 -4.82854E-12
1.87499E-07 -3.27046E-12
1.87653E-07 1.06767E-12
1.87807E-07 4.49426E-12
1.87961E-07 4.09595E-12
1.88115E-07 2.14577E-13
1.88269E-07 -3.84619E-12
1.88424E-07 -4.63284E-12
1.88578E-07 -1.47910E-12
1.88732E-07 2.92974E-12
1.88886E-07 4.84323E-12
1.89040E-07 2.63626E-12
1.89194E-07 -1.81074E-12
1.89348E-07 -4.71386E-12
1.89502E-07 -3.60541E-12
1.89656E-07 5.68518E-13
1.89810E-07 4.25551E-12
1.89964E-07 4.32023E-12
1.90118E-07 7.10607E-13
1.90272E-07 -3.50040E-12
1.90426E-07 -4.73091E-12
1.90580E-07 -1.93687E-12
1.90735E-07 2.50205E-12
1.90889E-07 4.80922E-12
1.91043E-07 3.02421E-12
1.91197E-07 -1.33136E-12
1.91351E-07 -4.55084E-12
1.91505E-07 -3.89696E-12
1.91659E-07 7.09122E-14
1.91813E-07 3.97519E-12
1.91967E-07 4.49519E-12
1.92121E-07 1.19143E-12
1.92275E-07 -3.12296E-12
1.92429E-07 -4.77753E-12
1.92583E-07 -2.36718E-12
1.92737E-07 2.05463E-12
1.92891E-07 4.72529E-12
1.93046E-07 3.37472E-12
1.93200E-07 -8.44968E-13
1.93354E-07 -4.34225E-12
1.93508E-07 -4.14305E-12
1.93662E-07 -4.19912E-13
1.93816E-07 3.65735E-12
1.93970E-07 4.62030E-12
1.94124E-07 1.65238E-12
1.94278E-07 -2.71867E-12
1.94432E-07 -4.77366E-12
1.94586E-07 -2.76643E-12
1.94740E-07 1.59237E-12
1.94894E-07 4.59319E-12
1.95048E-07 3.68461E-12
1.95202E-07 -3.57324E-13
1.95357E-07 -4.09189E-12
1.95511E-07 -4.34261E-12
1.95665E-07 -8.99063E-13
1.95819E-07 3.30653E-12
1.95973E-07 4.69607E-12
1.96127E-07 2.08981E-12
1.96281E-07 -2.29200E-12
1.96435E-07 -4.72055E-12
1.96589E-07 -3.13156E-12
1.96743E-07 1.12001E-12
1.96897E-07 4.41533E-12
1.97051E-07 3.95194E-12
1.97205E-07 1.27089E-13
1.97359E-07 -3.80278E-12
1.97513E-07 -4.49447E-12
1.97668E-07 -1.36215E-12
1.97822E-07 2.92649E-12
1.97976E-07 4.72220E-12
1.98130E-07 2.49938E-12
1.98284E-07 -1.84781E-12
1.98438E-07 -4.61947E-12
1.98592E-07 -3.45898E-12
1.98746E-07 6.43245E-13
1.98900E-07 4.19500E-12
1.99054E-07 4.17513E-12
1.99208E-07 6.03351E-13
1.99362E-07 -3.47889E-12
1.99516E-07 -4.59825E-12
1.99670E-07 -1.80472E-12
1.99824E-07 2.52208E-12
1.99979E-07 4.69997E-12
2.00133E-07 2.87779E-12
2.00287E-07 -1.39114E-12
2.00441E-07 -4.47316E-12
2.00595E-07 -3.74722E-12
2.00749E-07 1.66019E-13
2.00903E-07 3.93481E-12
2.01057E-07 4.35293E-12
2.01211E-07 1.06733E-12
2.01365E-07 -3.12369E-12
2.01519E-07 -4.65373E-12
2.01673E-07 -2.22310E-12
2.01827E-07 2.09719E-12
2.01981E-07 4.63002E-12
2.02135E-07 3.22185E-12
2.02290E-07 -9.26205E-13
2.02444E-07 -4.28293E-12
2.02598E-07 -3.99311E-12
2.02752E-07 -3.06256E-13
2.02906E-07 3.63813E-12
2.03060E-07 4.48393E-12
2.03214E-07 1.51401E-12
2.03368E-07 -2.74172E-12
2.03522E-07 -4.66134E-12
2.03676E-07 -2.61340E-12
2.03830E-07 1.65648E-12
2.03984E-07 4.51354E-12
2.04138E-07 3.52793E-12
2.04292E-07 -4.58762E-13
2.04446E-07 -4.05208E-12
2.04601E-07 -4.19488E-12
2.04755E-07 -7.68266E-13
2.04909E-07 3.30945E-12
2.05063E-07 4.56817E-12
2.05217E-07 1.93905E-12
2.05371E-07 -2.33790E-12
2.05525E-07 -4.62225E-12
2.05679E-07 -2.97182E-12
2.05833E-07 1.20608E-12
2.05987E-07 4.35458E-12
2.06141E-07 3.79542E-12
2.06295E-07 7.16274E-15
2.06449E-07 -3.78435E-12
2.06603E-07 -4.35294E-12
2.06757E-07 -1.21722E-12
2.06912E-07 2.95183E-12
2.07066E-07 4.60602E-12
2.07220E-07 2.33974E-12
2.07374E-07 -1.91560E-12
2.07528E-07 -4.53754E-12
2.07682E-07 -3.29628E-12
2.07836E-07 7.49006E-13
2.07990E-07 4.15394E-12
2.08144E-07 4.02163E-12
2.08298E-07 4.67343E-13
2.08452E-07 -3.48187E-12
2.08606E-07 -4.46517E-12
2.08760E-07 -1.64810E-12
2.08914E-07 2.56925E-12
2.09068E-07 4.59702E-12
2.09223E-07 2.71125E-12
2.09377E-07 -1.48046E-12
2.09531E-07 -4.40942E-12
2.09685E-07 -3.58411E-12
2.09839E-07 2.90407E-13
2.09993E-07 3.91487E-12
2.10147E-07 4.20525E-12
2.10301E-07 9.17024E-13
2.10455E-07 -3.14891E-12
2.10609E-07 -4.53198E-12
2.10763E-07 -2.05730E-12
2.10917E-07 2.16624E-12
2.11071E-07 4.54311E-12
2.11225E-07 3.05196E-12
2.11379E-07 -1.03534E-12
2.11534E-07 -4.23855E-12
2.11688E-07 -3.83240E-12
2.11842E-07 -1.65227E-13
2.11996E-07 3.63975E-12
2.12150E-07 4.34437E-12
2.12304E-07 1.35136E-12
2.12458E-07 -2.78935E-12
2.12612E-07 -4.55301E-12
2.12766E-07 -2.44047E-12
2.12920E-07 1.74752E-12
2.13074E-07 4.44518E-12
2.13228E-07 3.35769E-12
2.13382E-07 -5.86774E-13
2.13536E-07 -4.02926E-12
2.13690E-07 -4.04041E-12
2.13845E-07 -6.13194E-13
2.13999E-07 3.33325E-12
2.14153E-07 4.44002E-12
2.14307E-07 1.76737E-12
2.14461E-07 -2.40731E-12
2.14615E-07 -4.53003E-12
2.14769E-07 -2.79578E-12
2.14923E-07 1.31661E-12
2.15077E-07 4.30544E-12
2.15231E-07 3.62783E-12
2.15385E-07 -1.36808E-13
2.15539E-07 -3.78219E-12
2.15693E-07 -4.20590E-12
2.15847E-07 -1.04969E-12
2.16001E-07 2.99758E-12
2.16156E-07 4.49068E-12
2.16310E-07 2.16072E-12
2.16464E-07 -2.00646E-12
2.16618E-07 -4.46284E-12
2.16772E-07 -3.11907E-12
2.16926E-07 8.78340E-13
2.17080E-07 4.12520E-12
2.17234E-07 3.85862E-12
2.17388E-07 3.08089E-13
2.17542E-07 -3.50200E-12
2.17696E-07 -4.32856E-12
2.17850E-07 -1.47023E-12
2.18004E-07 2.63750E-12
2.18158E-07 4.49746E-12
2.18312E-07 2.52815E-12
2.18467E-07 -1.59154E-12
2.18621E-07 -4.35363E-12
2.18775E-07 -3.40817E-12
2.18929E-07 4.37464E-13
2.19083E-07 3.90801E-12
2.19237E-07 4.04981E-12
2.19391E-07 7.44600E-13
2.19545E-07 -3.19187E-12
2.19699E-07 -4.40860E-12
2.19853E-07 -1.87194E-12
2.20007E-07 2.25625E-12
2.20161E-07 4.46099E-12
2.20315E-07 2.86703E-12
2.20469E-07 -1.16617E-12
2.20623E-07 -4.20386E-12
2.20778E-07 -3.66110E-12
2.20932E-07 -2.44190E-15
2.21086E-07 3.65568E-12
2.21240E-07 4.19947E-12
2.21394E-07 1.16824E-12
2.21548E-07 -2.85534E-12
2.21702E-07 -4.44569E-12
2.21856E-07 -2.25082E-12
2.22010E-07 1.85833E-12
2.22164E-07 4.38271E-12
2.22318E-07 3.17470E-12
2.22472E-07 -7.34781E-13
2.22626E-07 -4.01600E-12
2.22780E-07 -3.87635E-12
2.22934E-07 -4.37118E-13
2.23089E-07 3.37185E-12
2.23243E-07 4.30801E-12
2.23397E-07 1.57650E-12
2.23551E-07 -2.49498E-12
2.23705E-07 -4.43975E-12
2.23859E-07 -2.60390E-12
2.24013E-07 1.44714E-12
2.24167E-07 4.26342E-12
2.24321E-07 3.44850E-12
2.24475E-07 -3.01332E-13
2.24629E-07 -3.79192E-12
2.24783E-07 -4.05206E-12
2.24937E-07 -8.62580E-13
2.25091E-07 3.05900E-12
2.25245E-07 4.37384E-12
2.25400E-07 1.96442E-12
2.25554E-07 -2.11563E-12
2.25708E-07 -4.39194E-12
2.25862E-07 -2.92798E-12
2.26016E-07 1.02748E-12
2.26170E-07 4.10557E-12
2.26324E-07 3.68662E-12
2.26478E-07 1.29705E-13
2.26632E-07 -3.53509E-12
2.26786E-07 -4.18796E-12
2.26940E-07 -1.27523E-12
2.27094E-07 2.72106E-12
2.27248E-07 4.39818E-12
2.27402E-07 2.33006E-12
2.27556E-07 -1.72009E-12
2.27711E-07 -4.30300E-12
2.27865E-07 -3.22088E-12
2.28019E-07 6.02506E-13
2.28173E-07 3.91038E-12
2.28327E-07 3.88706E-12
2.28481E-07 5.54697E-13
2.28635E-07 -3.24755E-12
2.28789E-07 -4.28248E-12
2.28943E-07 -1.67098E-12
2.29097E-07 2.36120E-12
2.29251E-07 4.38040E-12
2.29405E-07 2.66905E-12
2.29559E-07 -1.31331E-12
2.29713E-07 -4.17476E-12
2.29867E-07 -3.47998E-12
2.30022E-07 1.77083E-13
2.30176E-07 3.68100E-12
2.30330E-07 4.04884E-12
2.30484E-07 9.69595E-13
2.30638E-07 -2.93286E-12
2.30792E-07 -4.33560E-12
2.30946E-07 -2.04612E-12
2.31100E-07 1.98388E-12
2.31254E-07 4.32222E-12
2.31408E-07 2.97923E-12
2.31562E-07 -8.99236E-13
2.31716E-07 -4.00950E-12
2.31870E-07 -3.70412E-12
2.32024E-07 -2.45384E-13
2.32178E-07 3.41995E-12
2.32333E-07 4.17126E-12
2.32487E-07 1.37094E-12
2.32641E-07 -2.59443E-12
2.32795E-07 -4.34804E-12
2.32949E-07 -2.39845E-12
2.33103E-07 1.59190E-12
2.33257E-07 4.22425E-12
2.33411E-07 3.25836E-12
2.33565E-07 -4.80965E-13
2.33719E-07 -3.80818E-12
2.33873E-07 -3.89079E-12
2.34027E-07 -6.60701E-13
2.34181E-07 3.12969E-12
2.34335E-07 4.25280E-12
2.34489E-07 1.75421E-12
2.34644E-07 -2.23627E-12
2.34798E-07 -4.32004E-12
2.34952E-07 -2.72419E-12
2.35106E-07 1.19005E-12
2.35260E-07 4.08838E-12
2.35414E-07 3.50371E-12
2.35568E-07 -6.38877E-14
2.35722E-07 -3.57485E-12
2.35876E-07 -4.03982E-12
2.36030E-07 -1.06484E-12
2.36184E-07 2.81487E-12
2.36338E-07 4.29543E-12
2.36492E-07 2.11782E-12
2.36646E-07 -1.86145E-12
2.36800E-07 -4.25314E-12
2.36955E-07 -3.02196E-12
2.37109E-07 7.81342E-13
2.37263E-07 3.91671E-12
2.37417E-07 3.71497E-12
2.37571E-07 3.50111E-13
2.37725E-07 -3.31071E-12
2.37879E-07 -4.15023E-12
2.38033E-07 -1.45547E-12
2.38187E-07 2.47674E-12
2.38341E-07 4.29745E-12
2.38495E-07 2.45774E-12
2.38649E-07 -1.47355E-12
2.38803E-07 -4.14768E-12
2.38957E-07 -3.28854E-12
2.39111E-07 3.70024E-13
2.39266E-07 3.71102E-12
2.39420E-07 3.88992E-12
2.39574E-07 7.56513E-13
2.39728E-07 -3.01896E-12
2.39882E-07 -4.22131E-12
2.40036E-07 -1.82850E-12
2.40190E-07 2.11961E-12
2.40344E-07 4.26015E-12
2.40498E-07 2.77161E-12
2.40652E-07 -1.07611E-12
2.40806E-07 -4.00507E-12
2.40960E-07 -3.52174E-12
2.41114E-07 -3.98177E-14
2.41268E-07 3.47394E-12
2.41422E-07 4.02750E-12
2.41577E-07 1.15137E-12
2.41731E-07 -2.70330E-12
2.41885E-07 -4.25369E-12
2.42039E-07 -2.18122E-12
2.42193E-07 1.74701E-12
2.42347E-07 4.18487E-12
2.42501E-07 3.05755E-12
2.42655E-07 -6.72593E-13
2.42809E-07 -3.82751E-12
2.42963E-07 -3.72109E-12
2.43117E-07 -4.46132E-13
2.43271E-07 3.20649E-12
2.43425E-07 4.12617E-12
2.43579E-07 1.53155E-12
2.43733E-07 -2.36562E-12
2.43888E-07 -4.24583E-12
2.44042E-07 -2.50927E-12
2.44196E-07 1.36295E-12
2.44350E-07 4.07202E-12
2.44504E-07 3.31175E-12
2.44658E-07 -2.68233E-13
2.44812E-07 -3.61753E-12
2.44966E-07 -3.88413E-12
2.45120E-07 -8.42920E-13
2.45274E-07 2.91423E-12
2.45428E-07 4.18744E-12
2.45582E-07 1.89406E-12
2.45736E-07 -2.01066E-12
2.45890E-07 -4.20059E-12
2.46044E-07 -2.81199E-12
2.46199E-07 9.70328E-13
2.46353E-07 3.92386E-12
2.46507E-07 3.53395E-12
2.46661E-07 1.34754E-13
2.46815E-07 -3.37711E-12
2.46969E-07 -4.01091E-12
2.47123E-07 -1.22875E-12
2.47277E-07 2.59798E-12
2.47431E-07 4.20983E-12
2.47585E-07 2.23560E-12
2.47739E-07 -1.64115E-12
2.47893E-07 -4.11775E-12
2.48047E-07 -3.08601E-12
2.48201E-07 5.73201E-13
2.48355E-07 3.74201E-12
2.48510E-07 3.72210E-12
2.48664E-07 5.32418E-13
2.48818E-07 -3.10870E-12
2.48972E-07 -4.10014E-12
2.49126E-07 -1.59922E-12
2.49280E-07 2.26209E-12
2.49434E-07 4.19464E-12
2.49588E-07 2.55387E-12
2.49742E-07 -1.26064E-12
2.49896E-07 -3.99906E-12
2.50050E-07 -3.33001E-12
2.50204E-07 1.74503E-13
2.50358E-07 3.52810E-12
2.50512E-07 3.87482E-12
2.50666E-07 9.21267E-13
2.50821E-07 -2.81513E-12
2.50975E-07 -4.15178E-12
2.51129E-07 -1.95180E-12
2.51283E-07 1.90906E-12
2.51437E-07 4.14173E-12
2.51591E-07 2.84581E-12
2.51745E-07 -8.72863E-13
2.51899E-07 -3.84582E-12
2.52053E-07 -3.54166E-12
2.52207E-07 -2.21509E-13
2.52361E-07 3.28514E-12
2.52515E-07 3.99175E-12
2.52669E-07 1.29834E-12
2.52823E-07 -2.49905E-12
2.52977E-07 -4.16563E-12
2.53132E-07 -2.28337E-12
2.53286E-07 1.54242E-12
2.53440E-07 4.05217E-12
2.53594E-07 3.10916E-12
2.53748E-07 -4.81357E-13
2.53902E-07 -3.65979E-12
2.54056E-07 -3.71936E-12
2.54210E-07 -6.11201E-13
2.54364E-07 3.01564E-12
2.54518E-07 4.07196E-12
2.54672E-07 1.65969E-12
2.54826E-07 -2.16459E-12
2.54980E-07 -4.14298E-12
2.55134E-07 -2.59168E-12
2.55288E-07 1.16591E-12
2.55443E-07 3.92819E-12
2.55597E-07 3.34321E-12
2.55751E-07 -8.87028E-14
2.55905E-07 -3.44285E-12
2.56059E-07 -3.86262E-12
2.56213E-07 -9.92384E-13
2.56367E-07 2.72119E-12
2.56521E-07 4.11470E-12
2.56675E-07 2.00272E-12
2.56829E-07 -1.81374E-12
2.56983E-07 -4.08307E-12
2.57137E-07 -2.87336E-12
2.57291E-07 7.82944E-13
2.57445E-07 3.77019E-12
2.57599E-07 3.54449E-12
2.57754E-07 3.00014E-13
2.57908E-07 -3.19797E-12
2.58062E-07 -3.96992E-12
2.58216E-07 -1.35993E-12
2.58370E-07 2.40704E-12
2.58524E-07 4.12190E-12
2.58678E-07 2.32530E-12
2.58832E-07 -1.45046E-12
2.58986E-07 -3.98832E-12
2.59140E-07 -3.12751E-12
2.59294E-07 3.96659E-13
2.59448E-07 3.58088E-12
2.59602E-07 3.71321E-12
2.59756E-07 6.82741E-13
2.59910E-07 -2.92748E-12
2.60065E-07 -4.04217E-12
2.60219E-07 -1.71342E-12
2.60373E-07 2.07321E-12
2.60527E-07 4.09165E-12
2.60681E-07 2.62386E-12
2.60835E-07 -1.07779E-12
2.60989E-07 -3.85901E-12
2.61143E-07 -3.35146E-12
2.61297E-07 1.05411E-14
2.61451E-07 3.36160E-12
2.61605E-07 3.84740E-12
2.61759E-07 1.05586E-12
2.61913E-07 -2.63330E-12
2.62067E-07 -4.07723E-12
2.62221E-07 -2.04739E-12
2.62376E-07 1.72518E-12
2.62530E-07 4.02604E-12
2.62684E-07 2.89626E-12
2.62838E-07 -6.99778E-13
2.62992E-07 -3.69754E-12
2.63146E-07 -3.54392E-12
2.63300E-07 -3.71600E-13
2.63454E-07 3.11551E-12
2.63608E-07 3.94695E-12
2.63762E-07 1.41602E-12
2.63916E-07 -2.31956E-12
2.64070E-07 -4.07725E-12
2.64224E-07 -2.36114E-12
2.64378E-07 1.36492E-12
2.64532E-07 3.92593E-12
2.64687E-07 3.14121E-12
2.64841E-07 -3.18745E-13
2.64995E-07 -3.50511E-12
2.65149E-07 -3.70388E-12
2.65303E-07 -7.47545E-13
2.65457E-07 2.84377E-12
2.65611E-07 4.01056E-12
2.65765E-07 1.76035E-12
2.65919E-07 -1.98806E-12
2.66073E-07 -4.04085E-12
2.66227E-07 -2.65040E-12
2.66381E-07 9.96869E-13
2.66535E-07 3.79284E-12
2.66689E-07 3.35638E-12
2.66843E-07 6.11931E-14
2.66998E-07 -3.28411E-12
2.67152E-07 -3.82988E-12
2.67306E-07 -1.11284E-12
2.67460E-07 2.55066E-12
2.67614E-07 4.03941E-12
2.67768E-07 2.08650E-12
2.67922E-07 -1.64253E-12
2.68076E-07 -3.97019E-12
2.68230E-07 -2.91455E-12
2.68384E-07 6.23143E-13
2.68538E-07 3.62792E-12
2.68692E-07 3.54054E-12
2.68846E-07 4.37262E-13
2.69000E-07 -3.03664E-12
2.69154E-07 -3.92175E-12
2.69309E-07 -1.46566E-12
2.69463E-07 2.23742E-12
2.69617E-07 4.03227E-12
2.69771E-07 2.39104E-12
2.69925E-07 -1.28617E-12
2.70079E-07 -3.86571E-12
2.70233E-07 -3.15079E-12
2.70387E-07 2.47690E-13
2.70541E-07 3.43317E-12
2.70695E-07 3.69218E-12
2.70849E-07 8.05754E-13
2.71003E-07 -2.76547E-12
2.71157E-07 -3.97892E-12
2.71311E-07 -1.80224E-12
2.71465E-07 1.90842E-12
2.71620E-07 3.99128E-12
2.71774E-07 2.67305E-12
2.71928E-07 -9.21285E-13
2.72082E-07 -3.72846E-12
2.72236E-07 -3.35760E-12
2.72390E-07 -1.26528E-13
2.72544E-07 3.21056E-12
2.72698E-07 3.81075E-12
2.72852E-07 1.16428E-12
2.73006E-07 -2.47250E-12
2.73160E-07 -4.00091E-12
2.73314E-07 -2.12010E-12
2.73468E-07 1.56574E-12
2.73622E-07 3.91564E-12
2.73776E-07 2.92850E-12
2.73931E-07 -5.52899E-13
2.74085E-07 -3.56139E-12
2.74239E-07 -3.53436E-12
2.74393E-07 -4.96557E-13
2.74547E-07 2.96244E-12
2.74701E-07 3.89574E-12
2.74855E-07 1.50977E-12
2.75009E-07 -2.16096E-12
2.75163E-07 -3.98861E-12
2.75317E-07 -2.41729E-12
2.75471E-07 1.21241E-12
2.75625E-07 3.80715E-12
2.75779E-07 3.15706E-12
2.75933E-07 -1.82163E-13
2.76087E-07 -3.36421E-12
2.76242E-07 -3.67830E-12
2.76396E-07 -8.58476E-13
2.76550E-07 2.69122E-12
2.76704E-07 3.94629E-12
2.76858E-07 1.83877E-12
2.77012E-07 -1.83405E-12
2.77166E-07 -3.94237E-12
2.77320E-07 -2.69096E-12
2.77474E-07 8.52201E-13
2.77628E-07 3.66733E-12
2.77782E-07 3.35660E-12
2.77936E-07 1.86513E-13
2.78090E-07 -3.14062E-12
2.78244E-07 -3.79024E-12
2.78398E-07 -1.21042E-12
2.78553E-07 2.39916E-12
2.78707E-07 3.96282E-12
2.78861E-07 2.14956E-12
2.79015E-07 -1.49393E-12
2.79169E-07 -3.86261E-12
2.79323E-07 -2.93924E-12
2.79477E-07 4.87653E-13
2.79631E-07 3.49714E-12
2.79785E-07 3.52555E-12
2.79939E-07 5.50364E-13
2.80093E-07 -2.89203E-12
2.80247E-07 -3.86864E-12
2.80401E-07 -1.54884E-12
2.80555E-07 2.08915E-12
2.80709E-07 3.94521E-12
2.80864E-07 2.43908E-12
2.81018E-07 -1.14415E-12
2.81172E-07 -3.75053E-12
2.81326E-07 -3.16006E-12
2.81480E-07 1.22399E-13
2.81634E-07 3.29877E-12
2.81788E-07 3.66290E-12
2.81942E-07 9.06081E-13
2.82096E-07 -2.62126E-12
2.82250E-07 -3.91351E-12
2.82404E-07 -1.87092E-12
2.82558E-07 1.76449E-12
2.82712E-07 3.89461E-12
2.82866E-07 2.70552E-12
2.83020E-07 -7.87881E-13
2.83175E-07 -3.60804E-12
2.83329E-07 -3.35268E-12
2.83483E-07 -2.41106E-13
2.83637E-07 3.07408E-12
2.83791E-07 3.76831E-12
2.83945E-07 1.25160E-12
2.84099E-07 -2.33001E-12
2.84253E-07 -3.92440E-12
2.84407E-07 -2.17426E-12
2.84561E-07 1.42746E-12
2.84715E-07 3.81104E-12
2.84869E-07 2.94628E-12
2.85023E-07 -4.28323E-13
2.85177E-07 -3.43630E-12
2.85331E-07 -3.51507E-12
2.85486E-07 -5.99127E-13
2.85640E-07 2.82555E-12
2.85794E-07 3.84088E-12
2.85948E-07 1.58314E-12
2.86102E-07 -2.02226E-12
2.86256E-07 -3.90276E-12
2.86410E-07 -2.45708E-12
2.86564E-07 1.08126E-12
2.86718E-07 3.69643E-12
2.86872E-07 3.16079E-12
2.87026E-07 -6.76102E-14
2.87180E-07 -3.23670E-12
2.87334E-07 -3.64644E-12
2.87488E-07 -9.49214E-13
2.87642E-07 2.55524E-12
2.87797E-07 3.88067E-12
2.87951E-07 1.89902E-12
2.88105E-07 -1.69949E-12
2.88259E-07 -3.84796E-12
2.88413E-07 -2.71663E-12
2.88567E-07 7.28822E-13
2.88721E-07 3.55155E-12
2.88875E-07 3.34684E-12
2.89029E-07 2.90738E-13
2.89183E-07 -3.01139E-12
2.89337E-07 -3.74596E-12
2.89491E-07 -1.28852E-12
2.89645E-07 2.26540E-12
2.89799E-07 3.88717E-12
2.89953E-07 2.19607E-12
2.90108E-07 -1.36519E-12
2.90262E-07 -3.76129E-12
2.90416E-07 -2.95128E-12
2.90570E-07 3.72930E-13
2.90724E-07 3.37762E-12
2.90878E-07 3.50283E-12
2.91032E-07 6.43410E-13
2.91186E-07 -2.76272E-12
2.91340E-07 -3.81312E-12
2.91494E-07 -1.61412E-12
2.91648E-07 1.95889E-12
2.91802E-07 3.86079E-12
2.91956E-07 2.47199E-12
2.92110E-07 -1.02237E-12
2.92264E-07 -3.64375E-12
2.92419E-07 -3.15905E-12
2.92573E-07 1.70956E-14
2.92727E-07 3.17699E-12
2.92881E-07 3.62820E-12
2.93035E-07 9.87686E-13
2.93189E-07 -2.49309E-12
2.93343E-07 -3.84791E-12
2.93497E-07 -1.92354E-12
2.93651E-07 1.63858E-12
2.93805E-07 3.80247E-12
2.93959E-07 2.72516E-12
2.94113E-07 -6.73594E-13
2.94267E-07 -3.49655E-12
2.94421E-07 -3.33864E-12
2.94575E-07 -3.36010E-13
2.94730E-07 2.95134E-12
2.94884E-07 3.72216E-12
2.95038E-07 1.32097E-12
2.95192E-07 -2.20458E-12
2.95346E-07 -3.84986E-12
2.95500E-07 -2.21398E-12
2.95654E-07 1.30743E-12
2.95808E-07 3.71285E-12
2.95962E-07 2.95327E-12
2.96116E-07 -3.22373E-13
2.96270E-07 -3.32158E-12
2.96424E-07 -3.48888E-12
2.96578E-07 -6.83183E-13
2.96732E-07 2.70325E-12
2.96886E-07 3.78453E-12
2.97041E-07 1.64046E-12
2.97195E-07 -1.90039E-12
2.97349E-07 -3.82024E-12
2.97503E-07 -2.48408E-12
2.97657E-07 9.67829E-13
2.97811E-07 3.59303E-12
2.97965E-07 3.15506E-12
2.98119E-07 2.87205E-14
2.98273E-07 -3.12062E-12
2.98427E-07 -3.60940E-12
2.98581E-07 -1.02248E-12
2.98735E-07 2.43424E-12
2.98889E-07 3.81491E-12
2.99043E-07 1.94419E-12
2.99197E-07 -1.58213E-12
2.99352E-07 -3.75840E-12
2.99506E-07 -2.73095E-12
2.99660E-07 6.22995E-13
2.99814E-07 3.44425E-12
2.99968E-07 3.32907E-12
3.00122E-07 3.77189E-13
3.00276E-07 -2.89451E-12
3.00430E-07 -3.69791E-12
3.00584E-07 -1.34966E-12
3.00738E-07 2.14760E-12
3.00892E-07 3.81315E-12
3.01046E-07 2.22857E-12
3.01200E-07 -1.25429E-12
3.01354E-07 -3.66671E-12
3.01508E-07 -2.95357E-12
3.01663E-07 2.75867E-13
3.01817E-07 3.26848E-12
3.01971E-07 3.47437E-12
3.02125E-07 7.19564E-13
3.02279E-07 -2.64697E-12
3.02433E-07 -3.75621E-12
3.02587E-07 -1.66409E-12
3.02741E-07 1.84501E-12
3.02895E-07 3.78020E-12
3.03049E-07 2.49331E-12
3.03203E-07 -9.17405E-13
3.03357E-07 -3.54450E-12
3.03511E-07 -3.14981E-12
3.03665E-07 -7.13049E-14
3.03819E-07 3.06629E-12
3.03974E-07 3.58930E-12
3.04128E-07 1.05342E-12
3.04282E-07 -2.37878E-12
3.04436E-07 -3.78207E-12
3.04590E-07 -1.96168E-12
3.04744E-07 1.52950E-12
3.04898E-07 3.71561E-12
3.05052E-07 2.73443E-12
3.05206E-07 -5.76327E-13
3.05360E-07 -3.39421E-12
3.05514E-07 -3.31822E-12
3.05668E-07 -4.14621E-13
3.05822E-07 2.84081E-12
3.05976E-07 3.67375E-12
3.06130E-07 1.37562E-12
3.06285E-07 -2.09363E-12
3.06439E-07 -3.77707E-12
3.06593E-07 -2.24106E-12
3.06747E-07 1.20385E-12
3.06901E-07 3.62109E-12
3.07055E-07 2.95133E-12
3.07209E-07 -2.33076E-13
3.07363E-07 -3.21720E-12
3.07517E-07 -3.45816E-12
3.07671E-07 -7.52017E-13
3.07825E-07 2.59364E-12
3.07979E-07 3.72739E-12
