0.00000E+00 0.00000E+00
1.54067E-10 0.00000E+00
3.08133E-10 0.00000E+00
4.62200E-10 8.64931E-25
6.16267E-10 6.47966E-24
7.70333E-10 2.97081E-23
9.24400E-10 1.18033E-22
1.07847E-09 4.69292E-22
1.23253E-09 1.92233E-21
1.38660E-09 7.94887E-21
1.54067E-09 3.25188E-20
1.69473E-09 1.30420E-19
1.84880E-09 5.11367E-19
2.00287E-09 1.95905E-18
2.15693E-09 7.33269E-18
2.31100E-09 2.68158E-17
2.46507E-09 9.58156E-17
2.61913E-09 3.34503E-16
2.77320E-09 1.14100E-15
2.92727E-09 3.80270E-15
3.08133E-09 1.23828E-14
3.23540E-09 3.93976E-14
3.38947E-09 1.22473E-13
3.54353E-09 3.71993E-13
3.69760E-09 1.10394E-12
3.85167E-09 3.20093E-12
4.00573E-09 9.06819E-12
4.15980E-09 2.51002E-11
4.31387E-09 6.78798E-11
4.46793E-09 1.79352E-10
4.62200E-09 4.62986E-10
4.77607E-09 1.16767E-09
4.93013E-09 2.87707E-09
5.08420E-09 6.92554E-09
5.23827E-09 1.62861E-08
5.39233E-09 3.74134E-08
5.54640E-09 8.39598E-08
5.70047E-09 1.84048E-07
5.85453E-09 3.94085E-07
6.00860E-09 8.24186E-07
6.16267E-09 1.68350E-06
6.31673E-09 3.35838E-06
6.47080E-09 6.54247E-06
6.62487E-09 1.24457E-05
6.77893E-09 2.31164E-05
6.93300E-09 4.19183E-05
7.08707E-09 7.42034E-05
7.24113E-09 1.28211E-04
7.39520E-09 2.16196E-04
7.54927E-09 3.55731E-04
7.70333E-09 5.71046E-04
7.85740E-09 8.94141E-04
8.01147E-09 1.36529E-03
8.16553E-09 2.03242E-03
8.31960E-09 2.94873E-03
8.47367E-09 4.16804E-03
8.62773E-09 5.73750E-03
8.78180E-09 7.68753E-03
8.93587E-09 1.00199E-02
9.08993E-09 1.26948E-02
9.24400E-09 1.56201E-02
9.39807E-09 1.86438E-02
9.55213E-09 2.15542E-02
9.70620E-09 2.40890E-02
9.86027E-09 2.59554E-02
1.00143E-08 2.68594E-02
1.01684E-08 2.65424E-02
1.03225E-08 2.48206E-02
1.04765E-08 2.16193E-02
1.06306E-08 1.69972E-02
1.07847E-08 1.11551E-02
1.09387E-08 4.42486E-03
1.10928E-08 -2.75981E-03
1.12469E-08 -9.90788E-03
1.14009E-08 -1.65241E-02
1.15550E-08 -2.21628E-02
1.17091E-08 -2.64748E-02
1.18631E-08 -2.92402E-02
1.20172E-08 -3.03846E-02
1.21713E-08 -2.99763E-02
1.23253E-08 -2.82076E-02
1.24794E-08 -2.53637E-02
1.26335E-08 -2.17846E-02
1.27875E-08 -1.78249E-02
1.29416E-08 -1.38171E-02
1.30957E-08 -1.00419E-02
1.32497E-08 -6.70883E-03
1.34038E-08 -3.94750E-03
1.35579E-08 -1.80947E-03
1.37119E-08 -2.79170E-04
1.38660E-08 7.09488E-04
1.40201E-08 1.25371E-03
1.41741E-08 1.46309E-03
1.43282E-08 1.44406E-03
1.44823E-08 1.28888E-03
1.46363E-08 1.06985E-03
1.47904E-08 8.37848E-04
1.49445E-08 6.24271E-04
1.50985E-08 4.44893E-04
1.52526E-08 3.04352E-04
1.54067E-08 2.00378E-04
1.55607E-08 1.27204E-04
1.57148E-08 7.79727E-05
1.58689E-08 4.61993E-05
1.60229E-08 2.64809E-05
1.61770E-08 1.46949E-05
1.63311E-08 7.90229E-06
1.64851E-08 4.12323E-06
1.66392E-08 2.08955E-06
1.67933E-08 1.02743E-06
1.69473E-08 4.87535E-07
1.71014E-08 2.21416E-07
1.72555E-08 9.66005E-08
1.74095E-08 4.27557E-08
1.75636E-08 2.14871E-08
1.77177E-08 1.20513E-08
1.78717E-08 5.24075E-09
1.80258E-08 -5.25253E-10
1.81799E-08 -3.48987E-09
1.83339E-08 -2.58789E-09
1.84880E-08 6.50029E-10
1.86421E-08 3.05454E-09
1.87961E-08 2.30946E-09
1.89502E-08 -1.38892E-09
1.91043E-08 -5.99230E-09
1.92583E-08 -1.00818E-08
1.94124E-08 -1.53002E-08
1.95665E-08 -2.72470E-08
1.97205E-08 -5.51362E-08
1.98746E-08 -1.12240E-07
2.00287E-08 -2.19546E-07
2.01827E-08 -4.14068E-07
2.03368E-08 -7.62136E-07
2.04909E-08 -1.37793E-06
2.06449E-08 -2.44905E-06
2.07990E-08 -4.27290E-06
2.09531E-08 -7.30851E-06
2.11071E-08 -1.22473E-05
2.12612E-08 -2.01025E-05
2.14153E-08 -3.23128E-05
2.15693E-08 -5.08479E-05
2.17234E-08 -7.82960E-05
2.18775E-08 -1.17903E-04
2.20315E-08 -1.73515E-04
2.21856E-08 -2.49374E-04
2.23397E-08 -3.49689E-04
2.24937E-08 -4.77931E-04
2.26478E-08 -6.35814E-04
2.28019E-08 -8.21976E-04
2.29559E-08 -1.03046E-03
2.31100E-08 -1.24919E-03
2.32641E-08 -1.45872E-03
2.34181E-08 -1.63178E-03
2.35722E-08 -1.73382E-03
2.37263E-08 -1.72532E-03
2.38803E-08 -1.56573E-03
2.40344E-08 -1.21930E-03
2.41885E-08 -6.62187E-04
2.43425E-08 1.10072E-04
2.44966E-08 1.07607E-03
2.46507E-08 2.18453E-03
2.48047E-08 3.35447E-03
2.49588E-08 4.48036E-03
2.51129E-08 5.44274E-03
2.52669E-08 6.12326E-03
2.54210E-08 6.42212E-03
2.55751E-08 6.27508E-03
2.57291E-08 5.66650E-03
2.58832E-08 4.63564E-03
2.60373E-08 3.27410E-03
2.61913E-08 1.71444E-03
2.63454E-08 1.11487E-04
2.64995E-08 -1.38025E-03
2.66535E-08 -2.62876E-03
2.68076E-08 -3.54206E-03
2.69617E-08 -4.07803E-03
2.71157E-08 -4.24493E-03
2.72698E-08 -4.09350E-03
2.74239E-08 -3.70298E-03
2.75779E-08 -3.16451E-03
2.77320E-08 -2.56561E-03
2.78861E-08 -1.97846E-03
2.80401E-08 -1.45348E-03
2.81942E-08 -1.01826E-03
2.83483E-08 -6.80653E-04
2.85023E-08 -4.34262E-04
2.86564E-08 -2.64485E-04
2.88105E-08 -1.53772E-04
2.89645E-08 -8.53404E-05
2.91186E-08 -4.52059E-05
2.92727E-08 -2.28576E-05
2.94267E-08 -1.10371E-05
2.95808E-08 -5.09342E-06
2.97349E-08 -2.24673E-06
2.98889E-08 -9.44041E-07
3.00430E-08 -3.73921E-07
3.01971E-08 -1.37975E-07
3.03511E-08 -4.91243E-08
3.05052E-08 -2.04815E-08
3.06593E-08 -1.16872E-08
3.08133E-08 -6.02109E-09
3.09674E-08 5.20858E-11
3.11215E-08 4.15144E-09
3.12755E-08 3.95670E-09
3.14296E-08 3.48617E-10
3.15837E-08 -3.23942E-09
3.17377E-08 -3.79625E-09
3.18918E-08 -1.14372E-09
3.20459E-08 2.20865E-09
3.21999E-08 3.40347E-09
3.23540E-08 1.62955E-09
3.25081E-08 -1.40312E-09
3.26621E-08 -3.11374E-09
3.28162E-08 -2.27118E-09
3.29703E-08 9.11475E-11
3.31243E-08 1.69830E-09
3.32784E-08 9.81157E-10
3.34325E-08 -1.73348E-09
3.35865E-08 -4.70441E-09
3.37406E-08 -6.39177E-09
3.38947E-08 -6.77790E-09
3.40487E-08 -7.31292E-09
3.42028E-08 -9.60755E-09
3.43569E-08 -1.40009E-08
3.45109E-08 -1.91332E-08
3.46650E-08 -2.27316E-08
3.48191E-08 -2.28050E-08
3.49731E-08 -1.81819E-08
3.51272E-08 -7.99395E-09
3.52813E-08 9.30822E-09
3.54353E-08 3.63392E-08
3.55894E-08 7.58875E-08
3.57435E-08 1.28985E-07
3.58975E-08 1.92863E-07
3.60516E-08 2.59712E-07
3.62057E-08 3.16576E-07
3.63597E-08 3.46178E-07
3.65138E-08 3.28439E-07
3.66679E-08 2.42899E-07
3.68219E-08 7.26994E-08
3.69760E-08 -1.89520E-07
3.71301E-08 -5.34429E-07
3.72841E-08 -9.29526E-07
3.74382E-08 -1.31624E-06
3.75923E-08 -1.61330E-06
3.77463E-08 -1.72800E-06
3.79004E-08 -1.57463E-06
3.80545E-08 -1.09772E-06
3.82085E-08 -2.95199E-07
3.83626E-08 7.64463E-07
3.85167E-08 1.93782E-06
3.86707E-08 3.01996E-06
3.88248E-08 3.77797E-06
3.89789E-08 4.00069E-06
3.91329E-08 3.55493E-06
3.92870E-08 2.43330E-06
3.94411E-08 7.77721E-07
3.95951E-08 -1.13328E-06
3.97492E-08 -2.93601E-06
3.99033E-08 -4.26266E-06
4.00573E-08 -4.83211E-06
4.02114E-08 -4.52512E-06
4.03655E-08 -3.42041E-06
4.05195E-08 -1.77837E-06
4.06736E-08 2.55105E-08
4.08277E-08 1.59939E-06
4.09817E-08 2.63697E-06
4.11358E-08 2.99147E-06
4.12899E-08 2.69980E-06
4.14439E-08 1.95149E-06
4.15980E-08 1.01585E-06
4.17521E-08 1.54361E-07
4.19061E-08 -4.51673E-07
4.20602E-08 -7.36174E-07
4.22143E-08 -7.39996E-07
4.23683E-08 -5.69814E-07
4.25224E-08 -3.45227E-07
4.26765E-08 -1.55786E-07
4.28305E-08 -4.14415E-08
4.29846E-08 2.42195E-09
4.31387E-08 4.51655E-09
4.32927E-08 -4.94748E-09
4.34468E-08 -8.49602E-09
4.36009E-08 -3.68636E-09
4.37549E-08 3.29076E-09
4.39090E-08 6.11869E-09
4.40631E-08 3.40094E-09
4.42171E-08 -1.57708E-09
4.43712E-08 -4.46559E-09
4.45253E-08 -3.36969E-09
4.46793E-08 2.06687E-10
4.48334E-08 3.11091E-09
4.49875E-08 3.19426E-09
4.51415E-08 7.76938E-10
4.52956E-08 -1.95164E-09
4.54497E-08 -2.84415E-09
4.56037E-08 -1.42067E-09
4.57578E-08 9.63770E-10
4.59119E-08 2.35875E-09
4.60659E-08 1.77524E-09
4.62200E-08 -1.49083E-10
4.63741E-08 -1.79294E-09
4.65281E-08 -1.89203E-09
4.66822E-08 -4.90591E-10
4.68363E-08 1.19589E-09
4.69903E-08 1.81717E-09
4.71444E-08 9.55694E-10
4.72985E-08 -6.07729E-10
4.74525E-08 -1.58543E-09
4.76066E-08 -1.23130E-09
4.77607E-08 9.88531E-11
4.79147E-08 1.29004E-09
4.80688E-08 1.39512E-09
4.82229E-08 3.81268E-10
4.83769E-08 -8.89402E-10
4.85310E-08 -1.39432E-09
4.86851E-08 -7.80613E-10
4.88391E-08 3.79515E-10
4.89932E-08 1.09135E-09
4.91473E-08 7.64694E-10
4.93013E-08 -3.13915E-10
4.94554E-08 -1.23349E-09
4.96095E-08 -1.20760E-09
4.97635E-08 -1.98726E-10
4.99176E-08 1.08078E-09
5.00717E-08 1.76649E-09
5.02257E-08 1.52724E-09
5.03798E-08 7.73234E-10
5.05339E-08 2.33445E-10
5.06879E-08 2.77034E-10
5.08420E-08 5.60794E-10
5.09961E-08 3.07611E-10
5.11501E-08 -1.00524E-09
5.13042E-08 -3.10872E-09
5.14583E-08 -4.99582E-09
5.16123E-08 -5.53372E-09
5.17664E-08 -4.16897E-09
5.19205E-08 -1.21453E-09
5.20745E-08 2.43190E-09
5.22286E-08 5.83736E-09
5.23827E-08 8.38433E-09
5.25367E-08 9.70065E-09
5.26908E-08 9.37047E-09
5.28449E-08 6.85161E-09
5.29989E-08 1.84079E-09
5.31530E-08 -5.11590E-09
5.33071E-08 -1.22935E-08
5.34611E-08 -1.71720E-08
5.36152E-08 -1.74897E-08
5.37693E-08 -1.24194E-08
5.39233E-08 -3.16367E-09
5.40774E-08 7.40432E-09
5.42315E-08 1.58717E-08
5.43855E-08 1.95915E-08
5.45396E-08 1.75618E-08
5.46937E-08 1.06066E-08
5.48477E-08 9.66191E-10
5.50018E-08 -8.42394E-09
5.51559E-08 -1.47461E-08
5.53099E-08 -1.60967E-08
5.54640E-08 -1.21454E-08
5.56181E-08 -4.41321E-09
5.57721E-08 4.11435E-09
5.59262E-08 1.00980E-08
5.60803E-08 1.13033E-08
5.62343E-08 7.68047E-09
5.63884E-08 1.40126E-09
5.65425E-08 -4.27752E-09
5.66965E-08 -6.73812E-09
5.68506E-08 -5.32685E-09
5.70047E-08 -1.50886E-09
5.71587E-08 2.19269E-09
5.73128E-08 3.76206E-09
5.74669E-08 2.77280E-09
5.76209E-08 3.75650E-10
5.77750E-08 -1.66906E-09
5.79291E-08 -2.18086E-09
5.80831E-08 -1.18425E-09
5.82372E-08 3.43254E-10
5.83913E-08 1.29126E-09
5.85453E-08 1.16761E-09
5.86994E-08 2.94513E-10
5.88535E-08 -5.77548E-10
5.90075E-08 -8.64539E-10
5.91616E-08 -5.06039E-10
5.93157E-08 1.10379E-10
5.94697E-08 5.13105E-10
5.96238E-08 4.84365E-10
5.97779E-08 1.45287E-10
5.99319E-08 -2.09326E-10
6.00860E-08 -3.49797E-10
6.02401E-08 -2.41845E-10
6.03941E-08 -1.22182E-11
6.05482E-08 1.76120E-10
6.07023E-08 2.28183E-10
6.08563E-08 1.44679E-10
6.10104E-08 -8.82580E-12
6.11645E-08 -1.46176E-10
6.13185E-08 -1.95078E-10
6.14726E-08 -1.25085E-10
6.16267E-08 3.03620E-11
6.17807E-08 1.77609E-10
6.19348E-08 2.11468E-10
6.20889E-08 9.17677E-11
6.22429E-08 -1.09760E-10
6.23970E-08 -2.45024E-10
6.25511E-08 -1.98398E-10
6.27051E-08 1.15480E-11
6.28592E-08 2.28952E-10
6.30133E-08 2.75257E-10
6.31673E-08 9.78809E-11
6.33214E-08 -1.72655E-10
6.34755E-08 -3.17096E-10
6.36295E-08 -2.06463E-10
6.37836E-08 8.18012E-11
6.39377E-08 3.15942E-10
6.40917E-08 2.97516E-10
6.42458E-08 3.18036E-11
6.43999E-08 -2.66643E-10
6.45539E-08 -3.47140E-10
6.47080E-08 -1.35000E-10
6.48621E-08 1.97653E-10
6.50161E-08 3.69342E-10
6.51702E-08 2.25652E-10
6.53243E-08 -1.24101E-10
6.54783E-08 -3.90464E-10
6.56324E-08 -3.43611E-10
6.57865E-08 -9.59817E-12
6.59405E-08 3.45109E-10
6.60946E-08 4.32633E-10
6.62487E-08 1.84274E-10
6.64027E-08 -1.91198E-10
6.65568E-08 -3.83490E-10
6.67109E-08 -2.43699E-10
6.68649E-08 8.95789E-11
6.70190E-08 3.10632E-10
6.71731E-08 2.13140E-10
6.73271E-08 -1.25096E-10
6.74812E-08 -4.00976E-10
6.76353E-08 -3.43941E-10
6.77893E-08 4.39938E-11
6.79434E-08 4.72844E-10
6.80975E-08 5.93994E-10
6.82515E-08 2.87123E-10
6.84056E-08 -2.34318E-10
6.85597E-08 -5.89009E-10
6.87137E-08 -5.29366E-10
6.88678E-08 -1.30851E-10
6.90219E-08 2.83514E-10
6.91759E-08 4.13912E-10
6.93300E-08 2.19766E-10
6.94841E-08 -7.32248E-11
6.96381E-08 -1.90126E-10
6.97922E-08 -5.21653E-11
6.99463E-08 1.64414E-10
7.01003E-08 2.03652E-10
7.02544E-08 -2.06669E-11
7.04085E-08 -3.28311E-10
7.05625E-08 -4.22327E-10
7.07166E-08 -1.59844E-10
7.08707E-08 2.95294E-10
7.10247E-08 5.83484E-10
7.11788E-08 4.43786E-10
7.13329E-08 -5.31986E-11
7.14869E-08 -5.38447E-10
7.16410E-08 -6.30173E-10
7.17951E-08 -2.44121E-10
7.19491E-08 3.28269E-10
7.21032E-08 6.44871E-10
7.22573E-08 4.63273E-10
7.24113E-08 -6.67781E-11
7.25654E-08 -5.25250E-10
7.27195E-08 -5.58613E-10
7.28735E-08 -1.58131E-10
7.30276E-08 3.43314E-10
7.31817E-08 5.47227E-10
7.33357E-08 3.09029E-10
7.34898E-08 -1.57613E-10
7.36439E-08 -4.68329E-10
7.37979E-08 -3.84822E-10
7.39520E-08 9.37449E-13
7.41061E-08 3.58805E-10
7.42601E-08 4.01273E-10
7.44142E-08 1.14879E-10
7.45683E-08 -2.44713E-10
7.47223E-08 -3.78018E-10
7.48764E-08 -1.90623E-10
7.50305E-08 1.41110E-10
7.51845E-08 3.32328E-10
7.53386E-08 2.33033E-10
7.54927E-08 -5.47001E-11
7.56467E-08 -2.77037E-10
7.58008E-08 -2.50613E-10
7.59549E-08 -1.32465E-11
7.61089E-08 2.20497E-10
7.62630E-08 2.51364E-10
7.64171E-08 6.45295E-11
7.65711E-08 -1.67326E-10
7.67252E-08 -2.41736E-10
7.68793E-08 -1.02305E-10
7.70333E-08 1.19402E-10
7.71874E-08 2.26313E-10
7.73415E-08 1.29961E-10
7.74955E-08 -7.68064E-11
7.76496E-08 -2.07926E-10
7.78037E-08 -1.50489E-10
7.79577E-08 3.85639E-11
7.81118E-08 1.87870E-10
7.82659E-08 1.66052E-10
7.84199E-08 -3.29472E-12
7.85740E-08 -1.66230E-10
7.87281E-08 -1.77705E-10
7.88821E-08 -3.00541E-11
7.90362E-08 1.42594E-10
7.91903E-08 1.85692E-10
7.93443E-08 6.20009E-11
7.94984E-08 -1.16590E-10
7.96525E-08 -1.90050E-10
7.98065E-08 -9.30532E-11
7.99606E-08 8.74083E-11
8.01147E-08 1.90121E-10
8.02687E-08 1.23327E-10
8.04228E-08 -5.37807E-11
8.05769E-08 -1.83802E-10
8.07309E-08 -1.50963E-10
8.08850E-08 1.60535E-11
8.10391E-08 1.69372E-10
8.11931E-08 1.72860E-10
8.13472E-08 2.28735E-11
8.15013E-08 -1.48088E-10
8.16553E-08 -1.88265E-10
8.18094E-08 -6.10116E-11
8.19635E-08 1.22063E-10
8.21175E-08 1.98887E-10
8.22716E-08 9.99093E-11
8.24257E-08 -8.96386E-11
8.25797E-08 -2.03537E-10
8.27338E-08 -1.40265E-10
8.28879E-08 4.71154E-11
8.30419E-08 1.96167E-10
8.31960E-08 1.76484E-10
8.33501E-08 3.90550E-12
8.35041E-08 -1.72526E-10
8.36582E-08 -1.99967E-10
8.38123E-08 -5.48609E-11
8.39663E-08 1.36446E-10
8.41204E-08 2.07742E-10
8.42745E-08 9.77787E-11
8.44285E-08 -9.64632E-11
8.45826E-08 -2.04646E-10
8.47367E-08 -1.32074E-10
8.48907E-08 5.73149E-11
8.50448E-08 1.96701E-10
8.51989E-08 1.62479E-10
8.53529E-08 -1.68327E-11
8.55070E-08 -1.84448E-10
8.56611E-08 -1.91888E-10
8.58151E-08 -2.95480E-11
8.59692E-08 1.63038E-10
8.61233E-08 2.17339E-10
8.62773E-08 8.27961E-11
8.64314E-08 -1.27264E-10
8.65855E-08 -2.31801E-10
8.67395E-08 -1.38260E-10
8.68936E-08 7.60636E-11
8.70477E-08 2.28650E-10
8.72017E-08 1.87830E-10
8.73558E-08 -1.35604E-11
8.75099E-08 -2.05036E-10
8.76639E-08 -2.23528E-10
8.78180E-08 -5.27192E-11
8.79721E-08 1.62693E-10
8.81261E-08 2.40141E-10
8.82802E-08 1.14529E-10
8.84343E-08 -1.06826E-10
8.85883E-08 -2.36145E-10
8.87424E-08 -1.65028E-10
8.88965E-08 4.42800E-11
8.90505E-08 2.13296E-10
8.92046E-08 1.99852E-10
8.93587E-08 1.81153E-11
8.95127E-08 -1.75565E-10
8.96668E-08 -2.17284E-10
8.98209E-08 -7.46468E-11
8.99749E-08 1.27995E-10
9.01290E-08 2.17850E-10
9.02831E-08 1.21246E-10
9.04371E-08 -7.57446E-11
9.05912E-08 -2.03685E-10
9.07453E-08 -1.55578E-10
9.08993E-08 2.34371E-11
9.10534E-08 1.77870E-10
9.12075E-08 1.76857E-10
9.13615E-08 2.52057E-11
9.15156E-08 -1.43861E-10
9.16697E-08 -1.85531E-10
9.18237E-08 -6.75029E-11
9.19778E-08 1.05057E-10
9.21319E-08 1.82913E-10
9.22859E-08 1.01793E-10
9.24400E-08 -6.45019E-11
9.25941E-08 -1.70842E-10
9.27481E-08 -1.27309E-10
9.29022E-08 2.47235E-11
9.30563E-08 1.51387E-10
9.32103E-08 1.44002E-10
9.33644E-08 1.23317E-11
9.35185E-08 -1.26626E-10
9.36725E-08 -1.52356E-10
9.38266E-08 -4.52925E-11
9.39807E-08 9.84859E-11
9.41347E-08 1.53203E-10
9.42888E-08 7.33065E-11
9.44429E-08 -6.86298E-11
9.45969E-08 -1.47545E-10
9.47510E-08 -9.59336E-11
9.49051E-08 3.84280E-11
9.50591E-08 1.36424E-10
9.52132E-08 1.13021E-10
9.53673E-08 -8.99092E-12
9.55213E-08 -1.20862E-10
9.56754E-08 -1.24620E-10
9.58295E-08 -1.87914E-11
9.59835E-08 1.01848E-10
9.61376E-08 1.30959E-10
9.62917E-08 4.42565E-11
9.64457E-08 -8.02791E-11
9.65998E-08 -1.32375E-10
9.67539E-08 -6.69645E-11
9.69079E-08 5.68821E-11
9.70620E-08 1.29187E-10
9.72161E-08 8.65844E-11
9.73701E-08 -3.22325E-11
9.75242E-08 -1.21596E-10
9.76783E-08 -1.02724E-10
9.78323E-08 6.92032E-12
9.79864E-08 1.09766E-10
9.81405E-08 1.14884E-10
9.82945E-08 1.82941E-11
9.84486E-08 -9.40206E-11
9.86027E-08 -1.22602E-10
9.87567E-08 -4.25117E-11
9.89108E-08 7.49440E-11
9.90649E-08 1.25651E-10
9.92189E-08 6.48907E-11
9.93730E-08 -5.32752E-11
9.95271E-08 -1.24067E-10
9.96811E-08 -8.47988E-11
9.98352E-08 2.97040E-11
9.99893E-08 1.17988E-10
1.00143E-07 1.01769E-10
1.00297E-07 -4.78121E-12
1.00451E-07 -1.07473E-10
1.00606E-07 -1.15306E-10
1.00760E-07 -2.09713E-11
1.00914E-07 9.24696E-11
1.01068E-07 1.24728E-10
1.01222E-07 4.68410E-11
1.01376E-07 -7.29832E-11
1.01530E-07 -1.29175E-10
1.01684E-07 -7.17680E-11
1.01838E-07 4.93134E-11
1.01992E-07 1.27793E-10
1.02146E-07 9.43504E-11
1.02300E-07 -2.22439E-11
1.02454E-07 -1.20004E-10
1.02608E-07 -1.13021E-10
1.02762E-07 -6.92646E-12
1.02917E-07 1.05724E-10
1.03071E-07 1.26305E-10
1.03225E-07 3.65005E-11
1.03379E-07 -8.54663E-11
1.03533E-07 -1.33072E-10
1.03687E-07 -6.45995E-11
1.03841E-07 6.03172E-11
1.03995E-07 1.32706E-10
1.04149E-07 8.94050E-11
1.04303E-07 -3.17976E-11
1.04457E-07 -1.25177E-10
1.04611E-07 -1.09370E-10
1.04765E-07 1.67562E-12
1.04919E-07 1.11004E-10
1.05073E-07 1.23356E-10
1.05228E-07 2.82289E-11
1.05382E-07 -9.11654E-11
1.05536E-07 -1.30706E-10
1.05690E-07 -5.62141E-11
1.05844E-07 6.69554E-11
1.05998E-07 1.31237E-10
1.06152E-07 8.08199E-11
1.06306E-07 -3.98443E-11
1.06460E-07 -1.25193E-10
1.06614E-07 -1.00902E-10
1.06768E-07 1.13483E-11
1.06922E-07 1.13165E-10
1.07076E-07 1.15661E-10
1.07230E-07 1.70761E-11
1.07384E-07 -9.59999E-11
1.07539E-07 -1.24634E-10
1.07693E-07 -4.41052E-11
1.07847E-07 7.47115E-11
1.08001E-07 1.27664E-10
1.08155E-07 6.85929E-11
1.08309E-07 -5.04045E-11
1.08463E-07 -1.24857E-10
1.08617E-07 -8.95912E-11
1.08771E-07 2.42133E-11
1.08925E-07 1.16533E-10
1.09079E-07 1.06352E-10
1.09233E-07 2.73933E-12
1.09387E-07 -1.03184E-10
1.09541E-07 -1.18318E-10
1.09695E-07 -2.93714E-11
1.09850E-07 8.54405E-11
1.10004E-07 1.25114E-10
1.10158E-07 5.46577E-11
1.10312E-07 -6.40431E-11
1.10466E-07 -1.26533E-10
1.10620E-07 -7.76432E-11
1.10774E-07 3.98249E-11
1.10928E-07 1.22533E-10
1.11082E-07 9.74511E-11
1.11236E-07 -1.36972E-11
1.11390E-07 -1.13229E-10
1.11544E-07 -1.13292E-10
1.11698E-07 -1.33603E-11
1.11852E-07 9.88970E-11
1.12006E-07 1.24479E-10
1.12161E-07 4.03075E-11
1.12315E-07 -7.99864E-11
1.12469E-07 -1.30445E-10
1.12623E-07 -6.60587E-11
1.12777E-07 5.71270E-11
1.12931E-07 1.30782E-10
1.13085E-07 8.95106E-11
1.13239E-07 -3.11347E-11
1.13393E-07 -1.25273E-10
1.13547E-07 -1.09584E-10
1.13701E-07 3.00019E-12
1.13855E-07 1.13926E-10
1.14009E-07 1.25271E-10
1.14163E-07 2.61363E-11
1.14317E-07 -9.69930E-11
1.14472E-07 -1.35689E-10
1.14626E-07 -5.50205E-11
1.14780E-07 7.49804E-11
1.14934E-07 1.40122E-10
1.15088E-07 8.23258E-11
1.15242E-07 -4.86516E-11
1.15396E-07 -1.38068E-10
1.15550E-07 -1.06698E-10
1.15704E-07 1.90235E-11
1.15858E-07 1.29285E-10
1.16012E-07 1.26813E-10
1.16166E-07 1.26460E-11
1.16320E-07 -1.13839E-10
1.16474E-07 -1.41445E-10
1.16628E-07 -4.48899E-11
1.16783E-07 9.21404E-11
1.16937E-07 1.49551E-10
1.17091E-07 7.60856E-11
1.17245E-07 -6.49769E-11
1.17399E-07 -1.50361E-10
1.17553E-07 -1.04539E-10
1.17707E-07 3.35036E-11
1.17861E-07 1.43463E-10
1.18015E-07 1.28589E-10
1.18169E-07 7.91077E-13
1.18323E-07 -1.28866E-10
1.18477E-07 -1.46724E-10
1.18631E-07 -3.61603E-11
1.18785E-07 1.07039E-10
1.18939E-07 1.57701E-10
1.19094E-07 7.06979E-11
1.19248E-07 -7.89020E-11
1.19402E-07 -1.60640E-10
1.19556E-07 -1.02460E-10
1.19710E-07 4.57938E-11
1.19864E-07 1.55106E-10
1.20018E-07 1.29593E-10
1.20172E-07 -9.39500E-12
1.20326E-07 -1.41146E-10
1.20480E-07 -1.50455E-10
1.20634E-07 -2.83684E-11
1.20788E-07 1.19304E-10
1.20942E-07 1.63724E-10
1.21096E-07 6.54418E-11
1.21250E-07 -9.05946E-11
1.21405E-07 -1.68487E-10
1.21559E-07 -9.97640E-11
1.21713E-07 5.64436E-11
1.21867E-07 1.64296E-10
1.22021E-07 1.29391E-10
1.22175E-07 -1.86133E-11
1.22329E-07 -1.51200E-10
1.22483E-07 -1.52608E-10
1.22637E-07 -2.08992E-11
1.22791E-07 1.29747E-10
1.22945E-07 1.68032E-10
1.23099E-07 5.99733E-11
1.23253E-07 -1.00953E-10
1.23407E-07 -1.74685E-10
1.23561E-07 -9.64807E-11
1.23716E-07 6.62511E-11
1.23870E-07 1.72058E-10
1.24024E-07 1.28402E-10
1.24178E-07 -2.74186E-11
1.24332E-07 -1.60136E-10
1.24486E-07 -1.53938E-10
1.24640E-07 -1.35199E-11
1.24794E-07 1.39406E-10
1.24948E-07 1.71607E-10
1.25102E-07 5.43958E-11
1.25256E-07 -1.10838E-10
1.25410E-07 -1.80328E-10
1.25564E-07 -9.30106E-11
1.25718E-07 7.58336E-11
1.25872E-07 1.79480E-10
1.26027E-07 1.27252E-10
1.26181E-07 -3.61639E-11
1.26335E-07 -1.68945E-10
1.26489E-07 -1.55205E-10
1.26643E-07 -6.12151E-12
1.26797E-07 1.49120E-10
1.26951E-07 1.75259E-10
1.27105E-07 4.87970E-11
1.27259E-07 -1.20906E-10
1.27413E-07 -1.86195E-10
1.27567E-07 -8.95749E-11
1.27721E-07 8.56699E-11
1.27875E-07 1.87259E-10
1.28029E-07 1.26226E-10
1.28183E-07 -4.51801E-11
1.28338E-07 -1.78213E-10
1.28492E-07 -1.56699E-10
1.28646E-07 1.52260E-12
1.28800E-07 1.59357E-10
1.28954E-07 1.79233E-10
1.29108E-07 4.30044E-11
1.29262E-07 -1.31525E-10
1.29416E-07 -1.92462E-10
1.29570E-07 -8.60095E-11
1.29724E-07 9.60539E-11
1.29878E-07 1.95492E-10
1.30032E-07 1.25133E-10
1.30186E-07 -5.47192E-11
1.30340E-07 -1.87960E-10
1.30494E-07 -1.58175E-10
1.30649E-07 9.65411E-12
1.30803E-07 1.70073E-10
1.30957E-07 1.83219E-10
1.31111E-07 3.67591E-11
1.31265E-07 -1.42604E-10
1.31419E-07 -1.98742E-10
1.31573E-07 -8.20104E-11
1.31727E-07 1.06867E-10
1.31881E-07 2.03709E-10
1.32035E-07 1.23598E-10
1.32189E-07 -6.46641E-11
1.32343E-07 -1.97642E-10
1.32497E-07 -1.59164E-10
1.32651E-07 1.81919E-11
1.32805E-07 1.80666E-10
1.32960E-07 1.86634E-10
1.33114E-07 3.00644E-11
1.33268E-07 -1.53513E-10
1.33422E-07 -2.04338E-10
1.33576E-07 -7.74663E-11
1.33730E-07 1.17503E-10
1.33884E-07 2.11118E-10
1.34038E-07 1.21367E-10
1.34192E-07 -7.44797E-11
1.34346E-07 -2.06407E-10
1.34500E-07 -1.59264E-10
1.34654E-07 2.67214E-11
1.34808E-07 1.90276E-10
1.34962E-07 1.88946E-10
1.35116E-07 2.31851E-11
1.35271E-07 -1.63443E-10
1.35425E-07 -2.08626E-10
1.35579E-07 -7.24830E-11
1.35733E-07 1.27249E-10
1.35887E-07 2.17056E-10
1.36041E-07 1.18406E-10
1.36195E-07 -8.35836E-11
1.36349E-07 -2.13606E-10
1.36503E-07 -1.58335E-10
1.36657E-07 3.47949E-11
1.36811E-07 1.98313E-10
1.36965E-07 1.89956E-10
1.37119E-07 1.64478E-11
1.37273E-07 -1.71891E-10
1.37427E-07 -2.11397E-10
1.37582E-07 -6.73001E-11
1.37736E-07 1.35690E-10
1.37890E-07 2.21339E-10
1.38044E-07 1.14906E-10
1.38198E-07 -9.16372E-11
1.38352E-07 -2.19103E-10
1.38506E-07 -1.56561E-10
1.38660E-07 4.21226E-11
1.38814E-07 2.04695E-10
1.38968E-07 1.89873E-10
1.39122E-07 1.01285E-11
1.39276E-07 -1.78811E-10
1.39430E-07 -2.12899E-10
1.39584E-07 -6.22106E-11
1.39738E-07 1.42801E-10
1.39893E-07 2.24259E-10
1.40047E-07 1.11203E-10
1.40201E-07 -9.86029E-11
1.40355E-07 -2.23227E-10
1.40509E-07 -1.54338E-10
1.40663E-07 4.86289E-11
1.40817E-07 2.09765E-10
1.40971E-07 1.89155E-10
1.41125E-07 4.36327E-12
1.41279E-07 -1.84541E-10
1.41433E-07 -2.13648E-10
1.41587E-07 -5.74280E-11
1.41741E-07 1.48888E-10
1.41895E-07 2.26379E-10
1.42049E-07 1.07596E-10
1.42204E-07 -1.04734E-10
1.42358E-07 -2.26561E-10
1.42512E-07 -1.52044E-10
1.42666E-07 5.44983E-11
1.42820E-07 2.14111E-10
1.42974E-07 1.88254E-10
1.43128E-07 -9.52787E-13
1.43282E-07 -1.89653E-10
1.43436E-07 -2.14156E-10
1.43590E-07 -5.29284E-11
1.43744E-07 1.54488E-10
1.43898E-07 2.28248E-10
1.44052E-07 1.04138E-10
1.44206E-07 -1.10525E-10
1.44360E-07 -2.29684E-10
1.44515E-07 -1.49804E-10
1.44669E-07 6.01721E-11
1.44823E-07 2.18320E-10
1.44977E-07 1.87351E-10
1.45131E-07 -6.20790E-12
1.45285E-07 -1.94729E-10
1.45439E-07 -2.14647E-10
1.45593E-07 -4.83743E-11
1.45747E-07 1.60170E-10
1.45901E-07 2.30123E-10
1.46055E-07 1.00535E-10
1.46209E-07 -1.16521E-10
1.46363E-07 -2.32865E-10
1.46517E-07 -1.47356E-10
1.46671E-07 6.61763E-11
1.46826E-07 2.22667E-10
1.46980E-07 1.86208E-10
1.47134E-07 -1.19115E-11
1.47288E-07 -2.00044E-10
1.47442E-07 -2.14895E-10
1.47596E-07 -4.32670E-11
1.47750E-07 1.66208E-10
1.47904E-07 2.31781E-10
1.48058E-07 9.62898E-11
1.48212E-07 -1.23000E-10
1.48366E-07 -2.35882E-10
1.48520E-07 -1.44198E-10
1.48674E-07 7.27940E-11
1.48828E-07 2.26928E-10
1.48982E-07 1.84308E-10
1.49137E-07 -1.83605E-11
1.49291E-07 -2.05374E-10
1.49445E-07 -2.14364E-10
1.49599E-07 -3.72836E-11
1.49753E-07 1.72384E-10
1.49907E-07 2.32665E-10
1.50061E-07 9.10462E-11
1.50215E-07 -1.29763E-10
1.50369E-07 -2.38162E-10
1.50523E-07 -1.39931E-10
1.50677E-07 7.98593E-11
1.50831E-07 2.30523E-10
1.50985E-07 1.81210E-10
1.51139E-07 -2.54341E-11
1.51293E-07 -2.10146E-10
1.51448E-07 -2.12573E-10
1.51602E-07 -3.04939E-11
1.51756E-07 1.78146E-10
1.51910E-07 2.32262E-10
1.52064E-07 8.48164E-11
1.52218E-07 -1.36288E-10
1.52372E-07 -2.39171E-10
1.52526E-07 -1.34513E-10
1.52680E-07 8.68909E-11
1.52834E-07 2.32907E-10
1.52988E-07 1.76818E-10
1.53142E-07 -3.26967E-11
1.53296E-07 -2.13815E-10
1.53450E-07 -2.09381E-10
1.53604E-07 -2.32834E-11
1.53759E-07 1.82957E-10
1.53913E-07 2.30396E-10
1.54067E-07 7.79396E-11
1.54221E-07 -1.42054E-10
1.54375E-07 -2.38702E-10
1.54529E-07 -1.28238E-10
1.54683E-07 9.33846E-11
1.54837E-07 2.33852E-10
1.54991E-07 1.71391E-10
1.55145E-07 -3.96611E-11
1.55299E-07 -2.16134E-10
1.55453E-07 -2.05015E-10
1.55607E-07 -1.61266E-11
1.55761E-07 1.86554E-10
1.55915E-07 2.27263E-10
1.56070E-07 7.08798E-11
1.56224E-07 -1.46778E-10
1.56378E-07 -2.36926E-10
1.56532E-07 -1.21565E-10
1.56686E-07 9.90368E-11
1.56840E-07 2.33502E-10
1.56994E-07 1.65383E-10
1.57148E-07 -4.59995E-11
1.57302E-07 -2.17219E-10
1.57456E-07 -1.99926E-10
1.57610E-07 -9.37930E-12
1.57764E-07 1.89021E-10
1.57918E-07 2.23313E-10
1.58072E-07 6.40245E-11
1.58226E-07 -1.50509E-10
1.58381E-07 -2.34289E-10
1.58535E-07 -1.14914E-10
1.58689E-07 1.03856E-10
1.58843E-07 2.32294E-10
1.58997E-07 1.59248E-10
1.59151E-07 -5.16734E-11
1.59305E-07 -2.17492E-10
1.59459E-07 -1.94601E-10
1.59613E-07 -3.12928E-12
1.59767E-07 1.90757E-10
1.59921E-07 2.19060E-10
1.60075E-07 5.75131E-11
1.60229E-07 -1.53619E-10
1.60383E-07 -2.31325E-10
1.60537E-07 -1.08477E-10
1.60692E-07 1.08179E-10
1.60846E-07 2.30777E-10
1.61000E-07 1.53226E-10
1.61154E-07 -5.69828E-11
1.61308E-07 -2.17511E-10
1.61462E-07 -1.89326E-10
1.61616E-07 2.88233E-12
1.61770E-07 1.92323E-10
1.61924E-07 2.14832E-10
1.62078E-07 5.11282E-11
1.62232E-07 -1.56664E-10
1.62386E-07 -2.28397E-10
1.62540E-07 -1.02077E-10
1.62694E-07 1.12553E-10
1.62848E-07 2.29343E-10
1.63003E-07 1.47181E-10
1.63157E-07 -6.24619E-11
1.63311E-07 -2.17690E-10
1.63465E-07 -1.83997E-10
1.63619E-07 9.17568E-12
1.63773E-07 1.94150E-10
1.63927E-07 2.10553E-10
1.64081E-07 4.43637E-11
1.64235E-07 -1.60088E-10
1.64389E-07 -2.25458E-10
1.64543E-07 -9.52216E-11
1.64697E-07 1.17433E-10
1.64851E-07 2.27967E-10
1.65005E-07 1.40631E-10
1.65159E-07 -6.85749E-11
1.65314E-07 -2.18023E-10
1.65468E-07 -1.78145E-10
1.65622E-07 1.62236E-11
1.65776E-07 1.96253E-10
1.65930E-07 2.05766E-10
1.66084E-07 3.67385E-11
1.66238E-07 -1.63923E-10
1.66392E-07 -2.22056E-10
1.66546E-07 -8.74192E-11
1.66700E-07 1.22871E-10
1.66854E-07 2.26208E-10
1.67008E-07 1.33074E-10
1.67162E-07 -7.53950E-11
1.67316E-07 -2.18083E-10
1.67470E-07 -1.71255E-10
1.67625E-07 2.41241E-11
1.67779E-07 1.98214E-10
1.67933E-07 1.99944E-10
1.68087E-07 2.81267E-11
1.68241E-07 -1.67772E-10
1.68395E-07 -2.17658E-10
1.68549E-07 -7.85144E-11
1.68703E-07 1.28492E-10
1.68857E-07 2.23524E-10
1.69011E-07 1.24323E-10
1.69165E-07 -8.25737E-11
1.69319E-07 -2.17321E-10
1.69473E-07 -1.63110E-10
1.69627E-07 3.25589E-11
1.69781E-07 1.99489E-10
1.69936E-07 1.92839E-10
1.70090E-07 1.88134E-11
1.70244E-07 -1.71092E-10
1.70398E-07 -2.11982E-10
1.70552E-07 -6.87564E-11
1.70706E-07 1.33758E-10
1.70860E-07 2.19604E-10
1.71014E-07 1.14589E-10
1.71168E-07 -8.95836E-11
1.71322E-07 -2.15399E-10
1.71476E-07 -1.53880E-10
1.71630E-07 4.10130E-11
1.71784E-07 1.99709E-10
1.71938E-07 1.84578E-10
1.72092E-07 9.29749E-12
1.72247E-07 -1.73490E-10
1.72401E-07 -2.05115E-10
1.72555E-07 -5.86258E-11
1.72709E-07 1.38255E-10
1.72863E-07 2.14492E-10
1.73017E-07 1.04333E-10
1.73171E-07 -9.59880E-11
1.73325E-07 -2.12319E-10
1.73479E-07 -1.44003E-10
1.73633E-07 4.90299E-11
1.73787E-07 1.98834E-10
1.73941E-07 1.75574E-10
1.74095E-07 5.35739E-14
1.74249E-07 -1.74880E-10
1.74403E-07 -1.97443E-10
1.74558E-07 -4.86129E-11
1.74712E-07 1.41851E-10
1.74866E-07 2.08544E-10
1.75020E-07 9.40567E-11
1.75174E-07 -1.01612E-10
1.75328E-07 -2.08402E-10
1.75482E-07 -1.33992E-10
1.75636E-07 5.63912E-11
1.75790E-07 1.97149E-10
1.75944E-07 1.66349E-10
1.76098E-07 -8.65632E-12
1.76252E-07 -1.75511E-10
1.76406E-07 -1.89488E-10
1.76560E-07 -3.90212E-11
1.76714E-07 1.44755E-10
1.76869E-07 2.02282E-10
1.77023E-07 8.41048E-11
1.77177E-07 -1.06621E-10
1.77331E-07 -2.04166E-10
1.77485E-07 -1.24227E-10
1.77639E-07 6.32188E-11
1.77793E-07 1.95164E-10
1.77947E-07 1.57315E-10
1.78101E-07 -1.69115E-11
1.78255E-07 -1.75879E-10
1.78409E-07 -1.81694E-10
1.78563E-07 -2.98139E-11
1.78717E-07 1.47447E-10
1.78871E-07 1.96172E-10
1.79025E-07 7.44797E-11
1.79180E-07 -1.11479E-10
1.79334E-07 -2.00097E-10
1.79488E-07 -1.14749E-10
1.79642E-07 6.99573E-11
1.79796E-07 1.93381E-10
1.79950E-07 1.48547E-10
1.80104E-07 -2.51366E-11
1.80258E-07 -1.76499E-10
1.80412E-07 -1.74167E-10
1.80566E-07 -2.05864E-11
1.80720E-07 1.50453E-10
1.80874E-07 1.90352E-10
1.81028E-07 6.47979E-11
1.81182E-07 -1.16716E-10
1.81336E-07 -1.96359E-10
1.81491E-07 -1.05194E-10
1.81645E-07 7.71419E-11
1.81799E-07 1.91986E-10
1.81953E-07 1.39702E-10
1.82107E-07 -3.38687E-11
1.82261E-07 -1.77577E-10
1.82415E-07 -1.66580E-10
1.82569E-07 -1.08004E-11
1.82723E-07 1.53997E-10
1.82877E-07 1.84511E-10
1.83031E-07 5.45193E-11
1.83185E-07 -1.22575E-10
1.83339E-07 -1.92657E-10
1.83493E-07 -9.50214E-11
1.83647E-07 8.50323E-11
1.83802E-07 1.90702E-10
1.83956E-07 1.30236E-10
1.84110E-07 -4.33869E-11
1.84264E-07 -1.78856E-10
1.84418E-07 -1.58392E-10
1.84572E-07 -1.57293E-13
1.84726E-07 1.57840E-10
1.84880E-07 1.78108E-10
1.85034E-07 4.33253E-11
1.85188E-07 -1.28841E-10
1.85342E-07 -1.88453E-10
1.85496E-07 -8.38905E-11
1.85650E-07 9.34394E-11
1.85804E-07 1.88995E-10
1.85958E-07 1.19788E-10
1.86113E-07 -5.35295E-11
1.86267E-07 -1.79808E-10
1.86421E-07 -1.49218E-10
1.86575E-07 1.12122E-11
1.86729E-07 1.61466E-10
1.86883E-07 1.70736E-10
1.87037E-07 3.13128E-11
1.87191E-07 -1.35008E-10
1.87345E-07 -1.83320E-10
1.87499E-07 -7.18623E-11
1.87653E-07 1.01873E-10
1.87807E-07 1.86415E-10
1.87961E-07 1.08380E-10
1.88115E-07 -6.38258E-11
1.88269E-07 -1.79962E-10
1.88424E-07 -1.39038E-10
1.88578E-07 2.28614E-11
1.88732E-07 1.64387E-10
1.88886E-07 1.62332E-10
1.89040E-07 1.89006E-11
1.89194E-07 -1.40574E-10
1.89348E-07 -1.77147E-10
1.89502E-07 -5.93234E-11
1.89656E-07 1.09820E-10
1.89810E-07 1.82811E-10
1.89964E-07 9.63624E-11
1.90118E-07 -7.37549E-11
1.90272E-07 -1.79124E-10
1.90426E-07 -1.28166E-10
1.90580E-07 3.42642E-11
1.90735E-07 1.66362E-10
1.90889E-07 1.53169E-10
1.91043E-07 6.61518E-12
1.91197E-07 -1.45258E-10
1.91351E-07 -1.70165E-10
1.91505E-07 -4.67970E-11
1.91659E-07 1.16957E-10
1.91813E-07 1.78364E-10
1.91967E-07 8.42510E-11
1.92121E-07 -8.29572E-11
1.92275E-07 -1.77428E-10
1.92429E-07 -1.17104E-10
1.92583E-07 4.50276E-11
1.92737E-07 1.67481E-10
1.92891E-07 1.43733E-10
1.93046E-07 -5.11950E-12
1.93200E-07 -1.49101E-10
1.93354E-07 -1.62842E-10
1.93508E-07 -3.47342E-11
1.93662E-07 1.23281E-10
1.93816E-07 1.73522E-10
1.93970E-07 7.25211E-11
1.94124E-07 -9.13813E-11
1.94278E-07 -1.75297E-10
1.94432E-07 -1.06348E-10
1.94586E-07 5.50556E-11
1.94740E-07 1.68140E-10
1.94894E-07 1.34536E-10
1.95048E-07 -1.61658E-11
1.95202E-07 -1.52469E-10
1.95357E-07 -1.55699E-10
1.95511E-07 -2.33116E-11
1.95665E-07 1.29129E-10
1.95819E-07 1.68815E-10
1.95973E-07 6.13836E-11
1.96127E-07 -9.93380E-11
1.96281E-07 -1.73267E-10
1.96435E-07 -9.61407E-11
1.96589E-07 6.46310E-11
1.96743E-07 1.68875E-10
1.96897E-07 1.25849E-10
1.97051E-07 -2.67792E-11
1.97205E-07 -1.55902E-10
1.97359E-07 -1.49037E-10
1.97513E-07 -1.22992E-11
1.97668E-07 1.35038E-10
1.97822E-07 1.64565E-10
1.97976E-07 5.06343E-11
1.98130E-07 -1.07361E-10
1.98284E-07 -1.71680E-10
1.98438E-07 -8.63011E-11
1.98592E-07 7.42843E-11
1.98746E-07 1.70050E-10
1.98900E-07 1.17515E-10
1.99054E-07 -3.74860E-11
1.99208E-07 -1.59779E-10
1.99362E-07 -1.42718E-10
1.99516E-07 -1.17681E-12
1.99670E-07 1.41404E-10
1.99824E-07 1.60656E-10
1.99979E-07 3.97580E-11
2.00133E-07 -1.15860E-10
2.00287E-07 -1.70440E-10
2.00441E-07 -7.63205E-11
2.00595E-07 8.44391E-11
2.00749E-07 1.71587E-10
2.00903E-07 1.09030E-10
2.01057E-07 -4.87240E-11
2.01211E-07 -1.64046E-10
2.01365E-07 -1.36246E-10
2.01519E-07 1.05092E-11
2.01673E-07 1.48195E-10
2.01827E-07 1.56603E-10
2.01981E-07 2.82871E-11
2.02135E-07 -1.24830E-10
2.02290E-07 -1.69075E-10
2.02444E-07 -6.57174E-11
2.02598E-07 9.51188E-11
2.02752E-07 1.73031E-10
2.02906E-07 9.99008E-11
2.03060E-07 -6.05463E-11
2.03214E-07 -1.68262E-10
2.03368E-07 -1.29116E-10
2.03522E-07 2.28425E-11
2.03676E-07 1.54994E-10
2.03830E-07 1.51888E-10
2.03984E-07 1.61044E-11
2.04138E-07 -1.33878E-10
2.04292E-07 -1.67059E-10
2.04446E-07 -5.43394E-11
2.04601E-07 1.05957E-10
2.04755E-07 1.73848E-10
2.04909E-07 8.99378E-11
2.05063E-07 -7.26185E-11
2.05217E-07 -1.71892E-10
2.05371E-07 -1.21101E-10
2.05525E-07 3.55244E-11
2.05679E-07 1.61263E-10
2.05833E-07 1.46248E-10
2.05987E-07 3.46899E-12
2.06141E-07 -1.42468E-10
2.06295E-07 -1.64090E-10
2.06449E-07 -4.24031E-11
2.06603E-07 1.16426E-10
2.06757E-07 1.73701E-10
2.06912E-07 7.93131E-11
2.07066E-07 -8.44237E-11
2.07220E-07 -1.74564E-10
2.07374E-07 -1.12327E-10
2.07528E-07 4.80537E-11
2.07682E-07 1.66599E-10
2.07836E-07 1.39760E-10
2.07990E-07 -9.13628E-12
2.08144E-07 -1.50170E-10
2.08298E-07 -1.60197E-10
2.08452E-07 -3.03684E-11
2.08606E-07 1.26071E-10
2.08760E-07 1.72570E-10
2.08914E-07 6.84600E-11
2.09068E-07 -9.54862E-11
2.09223E-07 -1.76210E-10
2.09377E-07 -1.03197E-10
2.09531E-07 5.99369E-11
2.09685E-07 1.70887E-10
2.09839E-07 1.32795E-10
2.09993E-07 -2.12058E-11
2.10147E-07 -1.56824E-10
2.10301E-07 -1.55718E-10
2.10455E-07 -1.87508E-11
2.10609E-07 1.34688E-10
2.10763E-07 1.70757E-10
2.10917E-07 5.79004E-11
2.11071E-07 -1.05561E-10
2.11225E-07 -1.77096E-10
2.11379E-07 -9.42357E-11
2.11534E-07 7.08919E-11
2.11688E-07 1.74357E-10
2.11842E-07 1.25878E-10
2.11996E-07 -3.24218E-11
2.12150E-07 -1.62623E-10
2.12304E-07 -1.51172E-10
2.12458E-07 -7.89926E-12
2.12612E-07 1.42434E-10
2.12766E-07 1.68776E-10
2.12920E-07 4.80108E-11
2.13074E-07 -1.14772E-10
2.13228E-07 -1.77729E-10
2.13382E-07 -8.58444E-11
2.13536E-07 8.10097E-11
2.13690E-07 1.77508E-10
2.13845E-07 1.19432E-10
2.13999E-07 -4.28444E-11
2.14153E-07 -1.68054E-10
2.14307E-07 -1.47005E-10
2.14461E-07 2.21664E-12
2.14615E-07 1.49788E-10
2.14769E-07 1.67090E-10
2.14923E-07 3.87887E-11
2.15077E-07 -1.23586E-10
2.15231E-07 -1.78587E-10
2.15385E-07 -7.80474E-11
2.15539E-07 9.07451E-11
2.15693E-07 1.80829E-10
2.15847E-07 1.13506E-10
2.16001E-07 -5.29163E-11
2.16156E-07 -1.73623E-10
2.16310E-07 -1.43289E-10
2.16464E-07 1.20272E-11
2.16618E-07 1.57264E-10
2.16772E-07 1.65795E-10
2.16926E-07 2.98177E-11
2.17080E-07 -1.32527E-10
2.17234E-07 -1.79789E-10
2.17388E-07 -7.04431E-11
2.17542E-07 1.00630E-10
2.17696E-07 1.84464E-10
2.17850E-07 1.07716E-10
2.18004E-07 -6.31767E-11
2.18158E-07 -1.79495E-10
2.18312E-07 -1.39656E-10
2.18467E-07 2.20770E-11
2.18621E-07 1.65053E-10
2.18775E-07 1.64544E-10
2.18929E-07 2.05489E-11
2.19083E-07 -1.41811E-10
2.19237E-07 -1.81010E-10
2.19391E-07 -6.24798E-11
2.19545E-07 1.10907E-10
2.19699E-07 1.88114E-10
2.19853E-07 1.01508E-10
2.20007E-07 -7.38941E-11
2.20161E-07 -1.85398E-10
2.20315E-07 -1.35557E-10
2.20469E-07 3.26613E-11
2.20623E-07 1.72913E-10
2.20778E-07 1.62791E-10
2.20932E-07 1.06607E-11
2.21086E-07 -1.51228E-10
2.21240E-07 -1.81713E-10
2.21394E-07 -5.38098E-11
2.21548E-07 1.21402E-10
2.21702E-07 1.91251E-10
2.21856E-07 9.45106E-11
2.22010E-07 -8.49319E-11
2.22164E-07 -1.90818E-10
2.22318E-07 -1.30594E-10
2.22472E-07 4.36840E-11
2.22626E-07 1.80347E-10
2.22780E-07 1.60114E-10
2.22934E-07 2.06454E-13
2.23089E-07 -1.60303E-10
2.23243E-07 -1.81453E-10
2.23397E-07 -4.44427E-11
2.23551E-07 1.31662E-10
2.23705E-07 1.93411E-10
2.23859E-07 8.66869E-11
2.24013E-07 -9.58668E-11
2.24167E-07 -1.95276E-10
2.24321E-07 -1.24686E-10
2.24475E-07 5.47517E-11
2.24629E-07 1.86863E-10
2.24783E-07 1.56389E-10
2.24937E-07 -1.04534E-11
2.25091E-07 -1.68534E-10
2.25245E-07 -1.80063E-10
2.25400E-07 -3.47035E-11
2.25554E-07 1.41181E-10
2.25708E-07 1.94386E-10
2.25862E-07 7.83258E-11
2.26016E-07 -1.06186E-10
2.26170E-07 -1.98522E-10
2.26324E-07 -1.18081E-10
2.26478E-07 6.53535E-11
2.26632E-07 1.92172E-10
2.26786E-07 1.51825E-10
2.26940E-07 -2.08110E-11
2.27094E-07 -1.75594E-10
2.27248E-07 -1.77710E-10
2.27402E-07 -2.50926E-11
2.27556E-07 1.49598E-10
2.27711E-07 1.94300E-10
2.27865E-07 6.99175E-11
2.28019E-07 -1.15502E-10
2.28173E-07 -2.00640E-10
2.28327E-07 -1.11261E-10
2.28481E-07 7.50703E-11
2.28635E-07 1.96317E-10
2.28789E-07 1.46886E-10
2.28943E-07 -3.04230E-11
2.29097E-07 -1.81489E-10
2.29251E-07 -1.74845E-10
2.29405E-07 -1.60776E-11
2.29559E-07 1.56878E-10
2.29713E-07 1.93587E-10
2.29867E-07 6.19499E-11
2.30022E-07 -1.23740E-10
2.30176E-07 -2.02044E-10
2.30330E-07 -1.04728E-10
2.30484E-07 8.37950E-11
2.30638E-07 1.99694E-10
2.30792E-07 1.42092E-10
2.30946E-07 -3.91475E-11
2.31100E-07 -1.86594E-10
2.31254E-07 -1.71998E-10
2.31408E-07 -7.83157E-12
2.31562E-07 1.63379E-10
2.31716E-07 1.92789E-10
2.31870E-07 5.46271E-11
2.32024E-07 -1.31235E-10
2.32178E-07 -2.03286E-10
2.32333E-07 -9.87161E-11
2.32487E-07 9.18404E-11
2.32641E-07 2.02861E-10
2.32795E-07 1.37704E-10
2.32949E-07 -4.72751E-11
2.33103E-07 -1.91469E-10
2.33257E-07 -1.69457E-10
2.33411E-07 -8.67218E-14
2.33565E-07 1.69660E-10
2.33719E-07 1.92215E-10
2.33873E-07 4.77035E-11
2.34027E-07 -1.38550E-10
2.34181E-07 -2.04697E-10
2.34335E-07 -9.30035E-11
2.34489E-07 9.97659E-11
2.34644E-07 2.06169E-10
2.34798E-07 1.33525E-10
2.34952E-07 -5.53611E-11
2.35106E-07 -1.96488E-10
2.35260E-07 -1.67049E-10
2.35414E-07 7.70564E-12
2.35568E-07 1.76115E-10
2.35722E-07 1.91723E-10
2.35876E-07 4.06402E-11
2.36030E-07 -1.46095E-10
2.36184E-07 -2.06164E-10
2.36338E-07 -8.70640E-11
2.36492E-07 1.07999E-10
2.36646E-07 2.09536E-10
2.36800E-07 1.29043E-10
2.36955E-07 -6.38481E-11
2.37109E-07 -2.01598E-10
2.37263E-07 -1.64280E-10
2.37417E-07 1.60018E-11
2.37571E-07 1.82724E-10
2.37725E-07 1.90837E-10
2.37879E-07 3.29687E-11
2.38033E-07 -1.53882E-10
2.38187E-07 -2.07232E-10
2.38341E-07 -8.04169E-11
2.38495E-07 1.16586E-10
2.38649E-07 2.12531E-10
2.38803E-07 1.23767E-10
2.38957E-07 -7.28179E-11
2.39111E-07 -2.06397E-10
2.39266E-07 -1.60654E-10
2.39420E-07 2.49186E-11
2.39574E-07 1.89113E-10
2.39728E-07 1.89054E-10
2.39882E-07 2.45357E-11
2.40036E-07 -1.61571E-10
2.40190E-07 -2.07396E-10
2.40344E-07 -7.28736E-11
2.40498E-07 1.25221E-10
2.40652E-07 2.14648E-10
2.40806E-07 1.17474E-10
2.40960E-07 -8.20000E-11
2.41114E-07 -2.10379E-10
2.41268E-07 -1.55911E-10
2.41422E-07 3.42241E-11
2.41577E-07 1.94782E-10
2.41731E-07 1.86082E-10
2.41885E-07 1.55343E-11
2.42039E-07 -1.68667E-10
2.42193E-07 -2.06330E-10
2.42347E-07 -6.45870E-11
2.42501E-07 1.33418E-10
2.42655E-07 2.15531E-10
2.42809E-07 1.10276E-10
2.42963E-07 -9.09208E-11
2.43117E-07 -2.13160E-10
2.43271E-07 -1.50120E-10
2.43425E-07 4.34590E-11
2.43579E-07 1.99318E-10
2.43733E-07 1.81947E-10
2.43888E-07 6.40708E-12
2.44042E-07 -1.74733E-10
2.44196E-07 -2.04018E-10
2.44350E-07 -5.59805E-11
2.44504E-07 1.40717E-10
2.44658E-07 2.15121E-10
2.44812E-07 1.02574E-10
2.44966E-07 -9.90993E-11
2.45120E-07 -2.14637E-10
2.45274E-07 -1.43659E-10
2.45428E-07 5.21239E-11
2.45582E-07 2.02578E-10
2.45736E-07 1.77002E-10
2.45890E-07 -2.33158E-12
2.46044E-07 -1.79585E-10
2.46199E-07 -2.00787E-10
2.46353E-07 -4.75805E-11
2.46507E-07 1.46895E-10
2.46661E-07 2.13716E-10
2.46815E-07 9.49053E-11
2.46969E-07 -1.06274E-10
2.47123E-07 -2.15080E-10
2.47277E-07 -1.37074E-10
2.47431E-07 5.99215E-11
2.47585E-07 2.04801E-10
2.47739E-07 1.71797E-10
2.47893E-07 -1.03500E-11
2.48047E-07 -1.83431E-10
2.48201E-07 -1.97187E-10
2.48355E-07 -3.97509E-11
2.48510E-07 1.52128E-10
2.48664E-07 2.11865E-10
2.48818E-07 8.76620E-11
2.48972E-07 -1.12591E-10
2.49126E-07 -2.15035E-10
2.49280E-07 -1.30783E-10
2.49434E-07 6.69661E-11
2.49588E-07 2.06525E-10
2.49742E-07 1.66774E-10
2.49896E-07 -1.77313E-11
2.50050E-07 -1.86800E-10
2.50204E-07 -1.93683E-10
2.50358E-07 -3.24395E-11
2.50512E-07 1.56935E-10
2.50666E-07 2.10052E-10
2.50821E-07 8.08230E-11
2.50975E-07 -1.18554E-10
2.51129E-07 -2.15000E-10
2.51283E-07 -1.24795E-10
2.51437E-07 7.37463E-11
2.51591E-07 2.08263E-10
2.51745E-07 1.61971E-10
2.51899E-07 -2.49461E-11
2.52053E-07 -1.90215E-10
2.52207E-07 -1.90340E-10
2.52361E-07 -2.51963E-11
2.52515E-07 1.61844E-10
2.52669E-07 2.08371E-10
2.52823E-07 7.39606E-11
2.52977E-07 -1.24697E-10
2.53132E-07 -2.15095E-10
2.53286E-07 -1.18705E-10
2.53440E-07 8.07975E-11
2.53594E-07 2.10161E-10
2.53748E-07 1.57010E-10
2.53902E-07 -3.25299E-11
2.54056E-07 -1.93848E-10
2.54210E-07 -1.86808E-10
2.54364E-07 -1.74869E-11
2.54518E-07 1.67055E-10
2.54672E-07 2.06498E-10
2.54826E-07 6.65435E-11
2.54980E-07 -1.31246E-10
2.55134E-07 -2.15030E-10
2.55288E-07 -1.11989E-10
2.55443E-07 8.83706E-11
2.55597E-07 2.11959E-10
2.55751E-07 1.51372E-10
2.55905E-07 -4.07579E-11
2.56059E-07 -1.97472E-10
2.56213E-07 -1.82576E-10
2.56367E-07 -9.01229E-12
2.56521E-07 1.72374E-10
2.56675E-07 2.03934E-10
2.56829E-07 5.82496E-11
2.56983E-07 -1.38039E-10
2.57137E-07 -2.14315E-10
2.57291E-07 -1.04300E-10
2.57445E-07 9.63398E-11
2.57599E-07 2.13182E-10
2.57754E-07 1.44689E-10
2.57908E-07 -4.95410E-11
2.58062E-07 -2.00627E-10
2.58216E-07 -1.77256E-10
2.58370E-07 1.76389E-13
2.58524E-07 1.77356E-10
2.58678E-07 2.00269E-10
2.58832E-07 4.90908E-11
2.58986E-07 -1.44653E-10
2.59140E-07 -2.12519E-10
2.59294E-07 -9.56112E-11
2.59448E-07 1.04303E-10
2.59602E-07 2.13381E-10
2.59756E-07 1.36893E-10
2.59910E-07 -5.85010E-11
2.60065E-07 -2.02847E-10
2.60219E-07 -1.70737E-10
2.60373E-07 9.72614E-12
2.60527E-07 1.81523E-10
2.60681E-07 1.95352E-10
2.60835E-07 3.93925E-11
2.60989E-07 -1.50593E-10
2.61143E-07 -2.09452E-10
2.61297E-07 -8.62180E-11
2.61451E-07 1.11755E-10
2.61605E-07 2.12323E-10
2.61759E-07 1.28248E-10
2.61913E-07 -6.71242E-11
2.62067E-07 -2.03857E-10
2.62221E-07 -1.63249E-10
2.62376E-07 1.91181E-11
2.62530E-07 1.84558E-10
2.62684E-07 1.89375E-10
2.62838E-07 2.96761E-11
2.62992E-07 -1.55508E-10
2.63146E-07 -2.05268E-10
2.63300E-07 -7.66408E-11
2.63454E-07 1.18307E-10
2.63608E-07 2.10124E-10
2.63762E-07 1.19269E-10
2.63916E-07 -7.49879E-11
2.64070E-07 -2.03736E-10
2.64224E-07 -1.55301E-10
2.64378E-07 2.78975E-11
2.64532E-07 1.86501E-10
2.64687E-07 1.82839E-10
2.64841E-07 2.04245E-11
2.64995E-07 -1.59395E-10
2.65149E-07 -2.00454E-10
2.65303E-07 -6.73875E-11
2.65457E-07 1.23919E-10
2.65611E-07 2.07255E-10
2.65765E-07 1.10487E-10
2.65919E-07 -8.20124E-11
2.66073E-07 -2.02934E-10
2.66227E-07 -1.47441E-10
2.66381E-07 3.59487E-11
2.66535E-07 1.87781E-10
2.66689E-07 1.76305E-10
2.66843E-07 1.17893E-11
2.66998E-07 -1.62662E-10
2.67152E-07 -1.95582E-10
2.67306E-07 -5.86439E-11
2.67460E-07 1.28971E-10
2.67614E-07 2.04294E-10
2.67768E-07 1.02118E-10
2.67922E-07 -8.85532E-11
2.68076E-07 -2.02033E-10
2.68230E-07 -1.39913E-10
2.68384E-07 4.35989E-11
2.68538E-07 1.88978E-10
2.68692E-07 1.70043E-10
2.68846E-07 3.47102E-12
2.69000E-07 -1.65884E-10
2.69154E-07 -1.90945E-10
2.69309E-07 -5.01381E-11
2.69463E-07 1.34033E-10
2.69617E-07 2.01555E-10
2.69771E-07 9.39209E-11
2.69925E-07 -9.51690E-11
2.70079E-07 -2.01365E-10
2.70233E-07 -1.32506E-10
2.70387E-07 5.13952E-11
2.70541E-07 1.90443E-10
2.70695E-07 1.63871E-10
2.70849E-07 -5.06335E-12
2.71003E-07 -1.69426E-10
2.71157E-07 -1.86390E-10
2.71311E-07 -4.13533E-11
2.71465E-07 1.39484E-10
2.71620E-07 1.98916E-10
2.71774E-07 8.53933E-11
2.71928E-07 -1.02252E-10
2.72082E-07 -2.00838E-10
2.72236E-07 -1.24736E-10
2.72390E-07 5.97416E-11
2.72544E-07 1.92111E-10
2.72698E-07 1.57324E-10
2.72852E-07 -1.42296E-11
2.73006E-07 -1.73256E-10
2.73160E-07 -1.81473E-10
2.73314E-07 -3.18627E-11
2.73468E-07 1.45322E-10
2.73622E-07 1.95951E-10
2.73776E-07 7.60989E-11
2.73931E-07 -1.09833E-10
2.74085E-07 -2.00049E-10
2.74239E-07 -1.16156E-10
2.74393E-07 6.87012E-11
2.74547E-07 1.93606E-10
2.74701E-07 1.49947E-10
2.74855E-07 -2.41231E-11
2.75009E-07 -1.77020E-10
2.75163E-07 -1.75729E-10
2.75317E-07 -2.15369E-11
2.75471E-07 1.51219E-10
2.75625E-07 1.92190E-10
2.75779E-07 6.58733E-11
2.75933E-07 -1.17611E-10
2.76087E-07 -1.98519E-10
2.76242E-07 -1.06566E-10
2.76396E-07 7.80028E-11
2.76550E-07 1.94440E-10
2.76704E-07 1.41502E-10
2.76858E-07 -3.45057E-11
2.77012E-07 -1.80228E-10
2.77166E-07 -1.68884E-10
2.77320E-07 -1.05795E-11
2.77474E-07 1.56685E-10
2.77628E-07 1.87320E-10
2.77782E-07 5.48836E-11
2.77936E-07 -1.25096E-10
2.78090E-07 -1.95901E-10
2.78244E-07 -9.60949E-11
2.78398E-07 8.71613E-11
2.78553E-07 1.94233E-10
2.78707E-07 1.32077E-10
2.78861E-07 -4.48991E-11
2.79015E-07 -1.82465E-10
2.79169E-07 -1.60983E-10
2.79323E-07 5.41669E-13
2.79477E-07 1.61271E-10
2.79631E-07 1.81344E-10
2.79785E-07 4.35842E-11
2.79939E-07 -1.31811E-10
2.80093E-07 -1.92150E-10
2.80247E-07 -8.51787E-11
2.80401E-07 9.56717E-11
2.80555E-07 1.92894E-10
2.80709E-07 1.22089E-10
2.80864E-07 -5.47743E-11
2.81018E-07 -1.83596E-10
2.81172E-07 -1.52419E-10
2.81326E-07 1.12772E-11
2.81480E-07 1.64798E-10
2.81634E-07 1.74628E-10
2.81788E-07 3.25396E-11
2.81942E-07 -1.37535E-10
2.82096E-07 -1.87607E-10
2.82250E-07 -7.43946E-11
2.82404E-07 1.03273E-10
2.82558E-07 1.90732E-10
2.82712E-07 1.12121E-10
2.82866E-07 -6.38324E-11
2.83020E-07 -1.83897E-10
2.83175E-07 -1.43780E-10
2.83329E-07 2.12938E-11
2.83483E-07 1.67511E-10
2.83637E-07 1.67759E-10
2.83791E-07 2.21156E-11
2.83945E-07 -1.42477E-10
2.84099E-07 -1.82852E-10
2.84253E-07 -6.41361E-11
2.84407E-07 1.10140E-10
2.84561E-07 1.88322E-10
2.84715E-07 1.02592E-10
2.84869E-07 -7.22156E-11
2.85023E-07 -1.83932E-10
2.85177E-07 -1.35504E-10
2.85331E-07 3.07008E-11
2.85486E-07 1.69958E-10
2.85640E-07 1.61191E-10
2.85794E-07 1.22340E-11
2.85948E-07 -1.47168E-10
2.86102E-07 -1.78354E-10
2.86256E-07 -5.43553E-11
2.86410E-07 1.16785E-10
2.86564E-07 1.86139E-10
2.86718E-07 9.34825E-11
2.86872E-07 -8.04149E-11
2.87026E-07 -1.84183E-10
2.87180E-07 -1.27601E-10
2.87334E-07 3.99666E-11
2.87488E-07 1.72625E-10
2.87642E-07 1.54962E-10
2.87797E-07 2.44960E-12
2.87951E-07 -1.52100E-10
2.88105E-07 -1.74175E-10
2.88259E-07 -4.46311E-11
2.88413E-07 1.23700E-10
2.88567E-07 1.84273E-10
2.88721E-07 8.43968E-11
2.88875E-07 -8.89227E-11
2.89029E-07 -1.84764E-10
2.89183E-07 -1.19698E-10
2.89337E-07 4.95837E-11
2.89491E-07 1.75652E-10
2.89645E-07 1.48725E-10
2.89799E-07 -7.72886E-12
2.89953E-07 -1.57434E-10
2.90108E-07 -1.69995E-10
2.90262E-07 -3.44741E-11
2.90416E-07 1.31074E-10
2.90570E-07 1.82430E-10
2.90724E-07 7.48471E-11
2.90878E-07 -9.79523E-11
2.91032E-07 -1.85411E-10
2.91186E-07 -1.11312E-10
2.91340E-07 5.97913E-11
2.91494E-07 1.78803E-10
2.91648E-07 1.41998E-10
2.91802E-07 -1.85675E-11
2.91956E-07 -1.62967E-10
2.92110E-07 -1.65337E-10
2.92264E-07 -2.35908E-11
2.92419E-07 1.38735E-10
2.92573E-07 1.80139E-10
2.92727E-07 6.45119E-11
2.92881E-07 -1.07367E-10
2.93035E-07 -1.85658E-10
2.93189E-07 -1.02093E-10
2.93343E-07 7.04888E-11
2.93497E-07 1.81623E-10
2.93651E-07 1.34405E-10
2.93805E-07 -3.00035E-11
2.93959E-07 -1.68254E-10
2.94113E-07 -1.59796E-10
2.94267E-07 -1.20033E-11
2.94421E-07 1.46251E-10
2.94575E-07 1.76969E-10
2.94730E-07 5.33717E-11
2.94884E-07 -1.16752E-10
2.95038E-07 -1.85049E-10
2.95192E-07 -9.19767E-11
2.95346E-07 8.12817E-11
2.95500E-07 1.83631E-10
2.95654E-07 1.25838E-10
2.95808E-07 -4.16657E-11
2.95962E-07 -1.72794E-10
2.96116E-07 -1.53220E-10
2.96270E-07 -5.69555E-14
2.96424E-07 1.53103E-10
2.96578E-07 1.72720E-10
2.96732E-07 4.17419E-11
2.96886E-07 -1.25574E-10
2.97041E-07 -1.83340E-10
2.97195E-07 -8.12475E-11
2.97349E-07 9.16246E-11
2.97503E-07 1.84540E-10
2.97657E-07 1.16544E-10
2.97811E-07 -5.30021E-11
2.97965E-07 -1.76258E-10
2.98119E-07 -1.45819E-10
2.98273E-07 1.16931E-11
2.98427E-07 1.58923E-10
2.98581E-07 1.67566E-10
2.98735E-07 3.01776E-11
2.98889E-07 -1.33426E-10
2.99043E-07 -1.80666E-10
2.99197E-07 -7.04557E-11
2.99352E-07 1.01078E-10
2.99506E-07 1.84443E-10
2.99660E-07 1.07067E-10
2.99814E-07 -6.35422E-11
2.99968E-07 -1.78700E-10
3.00122E-07 -1.38123E-10
3.00276E-07 2.27508E-11
3.00430E-07 1.63726E-10
3.00584E-07 1.62021E-10
3.00738E-07 1.91960E-11
3.00892E-07 -1.40287E-10
3.01046E-07 -1.77523E-10
3.01200E-07 -6.01351E-11
3.01354E-07 1.09585E-10
3.01508E-07 1.83819E-10
3.01663E-07 9.79523E-11
3.01817E-07 -7.31966E-11
3.01971E-07 -1.80573E-10
3.02125E-07 -1.30690E-10
3.02279E-07 3.29947E-11
3.02433E-07 1.67941E-10
3.02587E-07 1.56648E-10
3.02741E-07 8.94787E-12
3.02895E-07 -1.46561E-10
3.03049E-07 -1.74473E-10
3.03203E-07 -5.04641E-11
3.03357E-07 1.17522E-10
3.03511E-07 1.83226E-10
3.03665E-07 8.94038E-11
3.03819E-07 -8.23130E-11
3.03974E-07 -1.82435E-10
3.04128E-07 -1.23743E-10
3.04282E-07 4.27452E-11
3.04436E-07 1.72119E-10
3.04590E-07 1.51692E-10
3.04744E-07 -8.59213E-13
3.04898E-07 -1.52788E-10
3.05052E-07 -1.71782E-10
3.05206E-07 -4.11782E-11
3.05360E-07 1.25421E-10
3.05514E-07 1.82950E-10
3.05668E-07 8.11852E-11
3.05822E-07 -9.14135E-11
3.05976E-07 -1.84587E-10
3.06130E-07 -1.17077E-10
3.06285E-07 5.25125E-11
3.06439E-07 1.76578E-10
3.06593E-07 1.46975E-10
3.06747E-07 -1.07225E-11
3.06901E-07 -1.59306E-10
3.07055E-07 -1.69303E-10
3.07209E-07 -3.17937E-11
3.07363E-07 1.33634E-10
3.07517E-07 1.82873E-10
3.07671E-07 7.28271E-11
3.07825E-07 -1.00867E-10
3.07979E-07 -1.86943E-10
