0.00000E+00 0.00000E+00
1.54067E-10 0.00000E+00
3.08133E-10 0.00000E+00
4.62200E-10 0.00000E+00
6.16267E-10 0.00000E+00
7.70333E-10 0.00000E+00
9.24400E-10 0.00000E+00
1.07847E-09 0.00000E+00
1.23253E-09 0.00000E+00
1.38660E-09 0.00000E+00
1.54067E-09 0.00000E+00
1.69473E-09 0.00000E+00
1.84880E-09 0.00000E+00
2.00287E-09 0.00000E+00
2.15693E-09 0.00000E+00
2.31100E-09 0.00000E+00
2.46507E-09 0.00000E+00
2.61913E-09 0.00000E+00
2.77320E-09 0.00000E+00
2.92727E-09 0.00000E+00
3.08133E-09 0.00000E+00
3.23540E-09 0.00000E+00
3.38947E-09 0.00000E+00
3.54353E-09 0.00000E+00
3.69760E-09 0.00000E+00
3.85167E-09 0.00000E+00
4.00573E-09 0.00000E+00
4.15980E-09 0.00000E+00
4.31387E-09 0.00000E+00
4.46793E-09 0.00000E+00
4.62200E-09 0.00000E+00
4.77607E-09 0.00000E+00
4.93013E-09 0.00000E+00
5.08420E-09 0.00000E+00
5.23827E-09 0.00000E+00
5.39233E-09 9.22898E-46
5.54640E-09 5.40136E-43
5.70047E-09 1.25965E-40
5.85453E-09 1.54858E-38
6.00860E-09 1.17289E-36
6.16267E-09 6.07530E-35
6.31673E-09 2.30914E-33
6.47080E-09 6.76598E-32
6.62487E-09 1.58456E-30
6.77893E-09 3.04889E-29
6.93300E-09 4.92518E-28
7.08707E-09 6.79684E-27
7.24113E-09 8.12820E-26
7.39520E-09 8.52419E-25
7.54927E-09 7.91866E-24
7.70333E-09 6.57239E-23
7.85740E-09 4.91012E-22
8.01147E-09 3.32327E-21
8.16553E-09 2.04929E-20
8.31960E-09 1.15713E-19
8.47367E-09 6.00936E-19
8.62773E-09 2.88179E-18
8.78180E-09 1.28064E-17
8.93587E-09 5.29060E-17
9.08993E-09 2.03773E-16
9.24400E-09 7.33636E-16
9.39807E-09 2.47473E-15
9.55213E-09 7.83815E-15
9.70620E-09 2.33549E-14
9.86027E-09 6.55818E-14
1.00143E-08 1.73828E-13
1.01684E-08 4.35529E-13
1.03225E-08 1.03286E-12
1.04765E-08 2.32116E-12
1.06306E-08 4.94862E-12
1.07847E-08 1.00186E-11
1.09387E-08 1.92784E-11
1.10928E-08 3.52912E-11
1.12469E-08 6.15144E-11
1.14009E-08 1.02191E-10
1.15550E-08 1.61975E-10
1.17091E-08 2.45286E-10
1.18631E-08 3.55521E-10
1.20172E-08 4.94415E-10
1.21713E-08 6.61956E-10
1.23253E-08 8.57235E-10
1.24794E-08 1.08038E-09
1.26335E-08 1.33527E-09
1.27875E-08 1.63223E-09
1.29416E-08 1.98973E-09
1.30957E-08 2.43406E-09
1.32497E-08 2.99700E-09
1.34038E-08 3.71221E-09
1.35579E-08 4.61222E-09
1.37119E-08 5.72812E-09
1.38660E-08 7.09296E-09
1.40201E-08 8.74863E-09
1.41741E-08 1.07537E-08
1.43282E-08 1.31899E-08
1.44823E-08 1.61635E-08
1.46363E-08 1.98043E-08
1.47904E-08 2.42617E-08
1.49445E-08 2.97039E-08
1.50985E-08 3.63237E-08
1.52526E-08 4.43498E-08
1.54067E-08 5.40627E-08
1.55607E-08 6.58102E-08
1.57148E-08 8.00180E-08
1.58689E-08 9.71968E-08
1.60229E-08 1.17949E-07
1.61770E-08 1.42980E-07
1.63311E-08 1.73118E-07
1.64851E-08 2.09348E-07
1.66392E-08 2.52845E-07
1.67933E-08 3.05014E-07
1.69473E-08 3.67525E-07
1.71014E-08 4.42351E-07
1.72555E-08 5.31811E-07
1.74095E-08 6.38626E-07
1.75636E-08 7.65993E-07
1.77177E-08 9.17674E-07
1.78717E-08 1.09810E-06
1.80258E-08 1.31247E-06
1.81799E-08 1.56688E-06
1.83339E-08 1.86844E-06
1.84880E-08 2.22546E-06
1.86421E-08 2.64762E-06
1.87961E-08 3.14617E-06
1.89502E-08 3.73424E-06
1.91043E-08 4.42707E-06
1.92583E-08 5.24235E-06
1.94124E-08 6.20056E-06
1.95665E-08 7.32539E-06
1.97205E-08 8.64421E-06
1.98746E-08 1.01886E-05
2.00287E-08 1.19949E-05
2.01827E-08 1.41050E-05
2.03368E-08 1.65670E-05
2.04909E-08 1.94361E-05
2.06449E-08 2.27755E-05
2.07990E-08 2.66577E-05
2.09531E-08 3.11652E-05
2.11071E-08 3.63926E-05
2.12612E-08 4.24472E-05
2.14153E-08 4.94515E-05
2.15693E-08 5.75446E-05
2.17234E-08 6.68842E-05
2.18775E-08 7.76491E-05
2.20315E-08 9.00416E-05
2.21856E-08 1.04290E-04
2.23397E-08 1.20653E-04
2.24937E-08 1.39421E-04
2.26478E-08 1.60920E-04
2.28019E-08 1.85519E-04
2.29559E-08 2.13628E-04
2.31100E-08 2.45710E-04
2.32641E-08 2.82281E-04
2.34181E-08 3.23917E-04
2.35722E-08 3.71262E-04
2.37263E-08 4.25031E-04
2.38803E-08 4.86020E-04
2.40344E-08 5.55113E-04
2.41885E-08 6.33289E-04
2.43425E-08 7.21634E-04
2.44966E-08 8.21344E-04
2.46507E-08 9.33743E-04
2.48047E-08 1.06029E-03
2.49588E-08 1.20257E-03
2.51129E-08 1.36237E-03
2.52669E-08 1.54160E-03
2.54210E-08 1.74237E-03
2.55751E-08 1.96700E-03
2.57291E-08 2.21799E-03
2.58832E-08 2.49810E-03
2.60373E-08 2.81030E-03
2.61913E-08 3.15784E-03
2.63454E-08 3.54421E-03
2.64995E-08 3.97323E-03
2.66535E-08 4.44898E-03
2.68076E-08 4.97588E-03
2.69617E-08 5.55870E-03
2.71157E-08 6.20254E-03
2.72698E-08 6.91288E-03
2.74239E-08 7.69558E-03
2.75779E-08 8.55691E-03
2.77320E-08 9.50355E-03
2.78861E-08 1.05426E-02
2.80401E-08 1.16816E-02
2.81942E-08 1.29286E-02
2.83483E-08 1.42920E-02
2.85023E-08 1.57807E-02
2.86564E-08 1.74041E-02
2.88105E-08 1.91722E-02
2.89645E-08 2.10953E-02
2.91186E-08 2.31841E-02
2.92727E-08 2.54501E-02
2.94267E-08 2.79049E-02
2.95808E-08 3.05608E-02
2.97349E-08 3.34304E-02
2.98889E-08 3.65267E-02
3.00430E-08 3.98633E-02
3.01971E-08 4.34538E-02
3.03511E-08 4.73124E-02
3.05052E-08 5.14535E-02
3.06593E-08 5.58918E-02
3.08133E-08 6.06419E-02
3.09674E-08 6.57190E-02
3.11215E-08 7.11379E-02
3.12755E-08 7.69138E-02
3.14296E-08 8.30614E-02
3.15837E-08 8.95957E-02
3.17377E-08 9.65311E-02
3.18918E-08 1.03882E-01
3.20459E-08 1.11662E-01
3.21999E-08 1.19884E-01
3.23540E-08 1.28562E-01
3.25081E-08 1.37706E-01
3.26621E-08 1.47328E-01
3.28162E-08 1.57439E-01
3.29703E-08 1.68047E-01
3.31243E-08 1.79160E-01
3.32784E-08 1.90785E-01
3.34325E-08 2.02927E-01
3.35865E-08 2.15589E-01
3.37406E-08 2.28773E-01
3.38947E-08 2.42480E-01
3.40487E-08 2.56708E-01
3.42028E-08 2.71452E-01
3.43569E-08 2.86708E-01
3.45109E-08 3.02468E-01
3.46650E-08 3.18720E-01
3.48191E-08 3.35454E-01
3.49731E-08 3.52652E-01
3.51272E-08 3.70299E-01
3.52813E-08 3.88375E-01
3.54353E-08 4.06856E-01
3.55894E-08 4.25718E-01
3.57435E-08 4.44934E-01
3.58975E-08 4.64472E-01
3.60516E-08 4.84302E-01
3.62057E-08 5.04388E-01
3.63597E-08 5.24692E-01
3.65138E-08 5.45174E-01
3.66679E-08 5.65794E-01
3.68219E-08 5.86506E-01
3.69760E-08 6.07265E-01
3.71301E-08 6.28023E-01
3.72841E-08 6.48730E-01
3.74382E-08 6.69335E-01
3.75923E-08 6.89787E-01
3.77463E-08 7.10032E-01
3.79004E-08 7.30015E-01
3.80545E-08 7.49682E-01
3.82085E-08 7.68978E-01
3.83626E-08 7.87847E-01
3.85167E-08 8.06233E-01
3.86707E-08 8.24083E-01
3.88248E-08 8.41341E-01
3.89789E-08 8.57955E-01
3.91329E-08 8.73873E-01
3.92870E-08 8.89043E-01
3.94411E-08 9.03417E-01
3.95951E-08 9.16949E-01
3.97492E-08 9.29593E-01
3.99033E-08 9.41307E-01
4.00573E-08 9.52052E-01
4.02114E-08 9.61792E-01
4.03655E-08 9.70493E-01
4.05195E-08 9.78126E-01
4.06736E-08 9.84663E-01
4.08277E-08 9.90082E-01
4.09817E-08 9.94365E-01
4.11358E-08 9.97496E-01
4.12899E-08 9.99464E-01
4.14439E-08 1.00026E+00
4.15980E-08 9.99887E-01
4.17521E-08 9.98341E-01
4.19061E-08 9.95628E-01
4.20602E-08 9.91759E-01
4.22143E-08 9.86747E-01
4.23683E-08 9.80609E-01
4.25224E-08 9.73367E-01
4.26765E-08 9.65045E-01
4.28305E-08 9.55672E-01
4.29846E-08 9.45281E-01
4.31387E-08 9.33906E-01
4.32927E-08 9.21586E-01
4.34468E-08 9.08361E-01
4.36009E-08 8.94277E-01
4.37549E-08 8.79377E-01
4.39090E-08 8.63712E-01
4.40631E-08 8.47331E-01
4.42171E-08 8.30285E-01
4.43712E-08 8.12627E-01
4.45253E-08 7.94412E-01
4.46793E-08 7.75693E-01
4.48334E-08 7.56527E-01
4.49875E-08 7.36969E-01
4.51415E-08 7.17074E-01
4.52956E-08 6.96896E-01
4.54497E-08 6.76492E-01
4.56037E-08 6.55914E-01
4.57578E-08 6.35216E-01
4.59119E-08 6.14449E-01
4.60659E-08 5.93663E-01
4.62200E-08 5.72906E-01
4.63741E-08 5.52227E-01
4.65281E-08 5.31668E-01
4.66822E-08 5.11274E-01
4.68363E-08 4.91085E-01
4.69903E-08 4.71139E-01
4.71444E-08 4.51473E-01
4.72985E-08 4.32119E-01
4.74525E-08 4.13109E-01
4.76066E-08 3.94472E-01
4.77607E-08 3.76233E-01
4.79147E-08 3.58415E-01
4.80688E-08 3.41041E-01
4.82229E-08 3.24127E-01
4.83769E-08 3.07690E-01
4.85310E-08 2.91744E-01
4.86851E-08 2.76299E-01
4.88391E-08 2.61364E-01
4.89932E-08 2.46946E-01
4.91473E-08 2.33049E-01
4.93013E-08 2.19675E-01
4.94554E-08 2.06826E-01
4.96095E-08 1.94499E-01
4.97635E-08 1.82692E-01
4.99176E-08 1.71400E-01
5.00717E-08 1.60617E-01
5.02257E-08 1.50336E-01
5.03798E-08 1.40547E-01
5.05339E-08 1.31241E-01
5.06879E-08 1.22407E-01
5.08420E-08 1.14033E-01
5.09961E-08 1.06107E-01
5.11501E-08 9.86164E-02
5.13042E-08 9.15465E-02
5.14583E-08 8.48835E-02
5.16123E-08 7.86128E-02
5.17664E-08 7.27198E-02
5.19205E-08 6.71894E-02
5.20745E-08 6.20065E-02
5.22286E-08 5.71562E-02
5.23827E-08 5.26232E-02
5.25367E-08 4.83928E-02
5.26908E-08 4.44500E-02
5.28449E-08 4.07805E-02
5.29989E-08 3.73698E-02
5.31530E-08 3.42041E-02
5.33071E-08 3.12698E-02
5.34611E-08 2.85535E-02
5.36152E-08 2.60425E-02
5.37693E-08 2.37243E-02
5.39233E-08 2.15870E-02
5.40774E-08 1.96192E-02
5.42315E-08 1.78097E-02
5.43855E-08 1.61481E-02
5.45396E-08 1.46243E-02
5.46937E-08 1.32287E-02
5.48477E-08 1.19521E-02
5.50018E-08 1.07860E-02
5.51559E-08 9.72225E-03
5.53099E-08 8.75305E-03
5.54640E-08 7.87118E-03
5.56181E-08 7.06982E-03
5.57721E-08 6.34255E-03
5.59262E-08 5.68339E-03
5.60803E-08 5.08673E-03
5.62343E-08 4.54733E-03
5.63884E-08 4.06033E-03
5.65425E-08 3.62121E-03
5.66965E-08 3.22576E-03
5.68506E-08 2.87011E-03
5.70047E-08 2.55065E-03
5.71587E-08 2.26407E-03
5.73128E-08 2.00731E-03
5.74669E-08 1.77756E-03
5.76209E-08 1.57224E-03
5.77750E-08 1.38900E-03
5.79291E-08 1.22565E-03
5.80831E-08 1.08024E-03
5.82372E-08 9.50944E-04
5.83913E-08 8.36132E-04
5.85453E-08 7.34310E-04
5.86994E-08 6.44120E-04
5.88535E-08 5.64337E-04
5.90075E-08 4.93848E-04
5.91616E-08 4.31649E-04
5.93157E-08 3.76835E-04
5.94697E-08 3.28590E-04
5.96238E-08 2.86181E-04
5.97779E-08 2.48948E-04
5.99319E-08 2.16302E-04
6.00860E-08 1.87714E-04
6.02401E-08 1.62711E-04
6.03941E-08 1.40871E-04
6.05482E-08 1.21819E-04
6.07023E-08 1.05219E-04
6.08563E-08 9.07748E-05
6.10104E-08 7.82222E-05
6.11645E-08 6.73276E-05
6.13185E-08 5.78840E-05
6.14726E-08 4.97088E-05
6.16267E-08 4.26406E-05
6.17807E-08 3.65375E-05
6.19348E-08 3.12745E-05
6.20889E-08 2.67418E-05
6.22429E-08 2.28432E-05
6.23970E-08 1.94944E-05
6.25511E-08 1.66214E-05
6.27051E-08 1.41600E-05
6.28592E-08 1.20539E-05
6.30133E-08 1.02541E-05
6.31673E-08 8.71802E-06
6.33214E-08 7.40873E-06
6.34755E-08 6.29412E-06
6.36295E-08 5.34642E-06
6.37836E-08 4.54161E-06
6.39377E-08 3.85893E-06
6.40917E-08 3.28051E-06
6.42458E-08 2.79094E-06
6.43999E-08 2.37698E-06
6.45539E-08 2.02727E-06
6.47080E-08 1.73207E-06
6.48621E-08 1.48304E-06
6.50161E-08 1.27306E-06
6.51702E-08 1.09606E-06
6.53243E-08 9.46865E-07
6.54783E-08 8.21078E-07
6.56324E-08 7.14966E-07
6.57865E-08 6.25368E-07
6.59405E-08 5.49608E-07
6.60946E-08 4.85432E-07
6.62487E-08 4.30939E-07
6.64027E-08 3.84532E-07
6.65568E-08 3.44869E-07
6.67109E-08 3.10827E-07
6.68649E-08 2.81469E-07
6.70190E-08 2.56012E-07
6.71731E-08 2.33807E-07
6.73271E-08 2.14317E-07
6.74812E-08 1.97095E-07
6.76353E-08 1.81772E-07
6.77893E-08 1.68044E-07
6.79434E-08 1.55661E-07
6.80975E-08 1.44419E-07
6.82515E-08 1.34153E-07
6.84056E-08 1.24725E-07
6.85597E-08 1.16025E-07
6.87137E-08 1.07961E-07
6.88678E-08 1.00457E-07
6.90219E-08 9.34553E-08
6.91759E-08 8.69056E-08
6.93300E-08 8.07685E-08
6.94841E-08 7.50107E-08
6.96381E-08 6.96040E-08
6.97922E-08 6.45240E-08
6.99463E-08 5.97502E-08
7.01003E-08 5.52657E-08
7.02544E-08 5.10558E-08
7.04085E-08 4.71075E-08
7.05625E-08 4.34080E-08
7.07166E-08 3.99447E-08
7.08707E-08 3.67061E-08
7.10247E-08 3.36814E-08
7.11788E-08 3.08611E-08
7.13329E-08 2.82362E-08
7.14869E-08 2.57973E-08
7.16410E-08 2.35348E-08
7.17951E-08 2.14384E-08
7.19491E-08 1.94989E-08
7.21032E-08 1.77075E-08
7.22573E-08 1.60565E-08
7.24113E-08 1.45382E-08
7.25654E-08 1.31444E-08
7.27195E-08 1.18668E-08
7.28735E-08 1.06968E-08
7.30276E-08 9.62685E-09
7.31817E-08 8.65052E-09
7.33357E-08 7.76187E-09
7.34898E-08 6.95493E-09
7.36439E-08 6.22330E-09
7.37979E-08 5.56039E-09
7.39520E-08 4.96010E-09
7.41061E-08 4.41734E-09
7.42601E-08 3.92799E-09
7.44142E-08 3.48825E-09
7.45683E-08 3.09402E-09
7.47223E-08 2.74080E-09
7.48764E-08 2.42410E-09
7.50305E-08 2.14011E-09
7.51845E-08 1.88606E-09
7.53386E-08 1.65985E-09
7.54927E-08 1.45934E-09
7.56467E-08 1.28195E-09
7.58008E-08 1.12467E-09
7.59549E-08 9.84756E-10
7.61089E-08 8.60237E-10
7.62630E-08 7.50009E-10
7.64171E-08 6.53301E-10
7.65711E-08 5.69010E-10
7.67252E-08 4.95439E-10
7.68793E-08 4.30648E-10
7.70333E-08 3.73110E-10
7.71874E-08 3.22114E-10
7.73415E-08 2.77571E-10
7.74955E-08 2.39378E-10
7.76496E-08 2.06876E-10
7.78037E-08 1.78839E-10
7.79577E-08 1.54002E-10
7.81118E-08 1.31675E-10
7.82659E-08 1.11916E-10
7.84199E-08 9.51262E-11
7.85740E-08 8.13976E-11
7.87281E-08 7.01594E-11
7.88821E-08 6.04182E-11
7.90362E-08 5.13793E-11
7.91903E-08 4.29226E-11
7.93443E-08 3.55322E-11
7.94984E-08 2.97398E-11
7.96525E-08 2.55499E-11
7.98065E-08 2.23281E-11
7.99606E-08 1.92418E-11
8.01147E-08 1.58767E-11
8.02687E-08 1.25087E-11
8.04228E-08 9.80256E-12
8.05769E-08 8.19434E-12
8.07309E-08 7.47768E-12
8.08850E-08 6.94048E-12
8.10391E-08 5.93245E-12
8.11931E-08 4.38177E-12
8.13472E-08 2.82527E-12
8.15013E-08 1.92886E-12
8.16553E-08 1.90530E-12
8.18094E-08 2.32076E-12
8.19635E-08 2.45066E-12
8.21175E-08 1.88106E-12
8.22716E-08 8.46010E-13
8.24257E-08 1.71416E-14
8.25797E-08 -7.41404E-14
8.27338E-08 5.08368E-13
8.28879E-08 1.15741E-12
8.30419E-08 1.23439E-12
8.31960E-08 6.06222E-13
8.33501E-08 -2.47662E-13
8.35041E-08 -6.46988E-13
8.36582E-08 -2.90232E-13
8.38123E-08 4.89542E-13
8.39663E-08 1.00811E-12
8.41204E-08 8.10464E-13
8.42745E-08 5.49466E-14
8.44285E-08 -6.24152E-13
8.45826E-08 -6.57296E-13
8.47367E-08 -2.36979E-14
8.48907E-08 7.32131E-13
8.50448E-08 9.64117E-13
8.51989E-08 4.73628E-13
8.53529E-08 -3.22905E-13
8.55070E-08 -7.49451E-13
8.56611E-08 -4.45876E-13
8.58151E-08 3.26159E-13
8.59692E-08 9.06644E-13
8.61233E-08 7.99316E-13
8.62773E-08 9.38428E-14
8.64314E-08 -6.11021E-13
8.65855E-08 -7.17591E-13
8.67395E-08 -1.38236E-13
8.68936E-08 6.30160E-13
8.70477E-08 9.29590E-13
8.72017E-08 5.01598E-13
8.73558E-08 -2.92344E-13
8.75099E-08 -7.78639E-13
8.76639E-08 -5.45550E-13
8.78180E-08 2.05577E-13
8.79721E-08 8.31424E-13
8.81261E-08 7.94806E-13
8.82802E-08 1.22963E-13
8.84343E-08 -6.14836E-13
8.85883E-08 -7.91986E-13
8.87424E-08 -2.58954E-13
8.88965E-08 5.28256E-13
8.90505E-08 8.95922E-13
8.92046E-08 5.26950E-13
8.93587E-08 -2.67776E-13
8.95127E-08 -8.13182E-13
8.96668E-08 -6.45130E-13
8.98209E-08 9.29961E-14
8.99749E-08 7.71053E-13
9.01290E-08 8.08543E-13
9.02831E-08 1.70118E-13
9.04371E-08 -6.02703E-13
9.05912E-08 -8.51980E-13
9.07453E-08 -3.64482E-13
9.08993E-08 4.44978E-13
9.10534E-08 8.85593E-13
9.12075E-08 5.79216E-13
9.13615E-08 -2.15943E-13
9.15156E-08 -8.23607E-13
9.16697E-08 -7.25187E-13
9.18237E-08 -2.83838E-15
9.19778E-08 7.28636E-13
9.21319E-08 8.44622E-13
9.22859E-08 2.43617E-13
9.24400E-08 -5.64418E-13
9.25941E-08 -8.91135E-13
9.27481E-08 -4.56503E-13
9.29022E-08 3.70941E-13
9.30563E-08 8.86383E-13
9.32103E-08 6.48928E-13
9.33644E-08 -1.41436E-13
9.35185E-08 -8.12415E-13
9.36725E-08 -7.91434E-13
9.38266E-08 -9.43749E-14
9.39807E-08 6.86171E-13
9.41347E-08 8.84640E-13
9.42888E-08 3.29982E-13
9.44429E-08 -5.07019E-13
9.45969E-08 -9.13466E-13
9.47510E-08 -5.41711E-13
9.49051E-08 2.93164E-13
9.50591E-08 8.80342E-13
9.52132E-08 7.18500E-13
9.53673E-08 -5.61255E-14
9.55213E-08 -7.84409E-13
9.56754E-08 -8.45275E-13
9.58295E-08 -1.85478E-13
9.59835E-08 6.33768E-13
9.61376E-08 9.14157E-13
9.62917E-08 4.15590E-13
9.64457E-08 -4.38165E-13
9.65998E-08 -9.19694E-13
9.67539E-08 -6.17816E-13
9.69079E-08 2.11173E-13
9.70620E-08 8.61054E-13
9.72161E-08 7.77378E-13
9.73701E-08 3.06231E-14
9.75242E-08 -7.43085E-13
9.76783E-08 -8.83883E-13
9.78323E-08 -2.71039E-13
9.79864E-08 5.73458E-13
9.81405E-08 9.29532E-13
9.82945E-08 4.93145E-13
9.84486E-08 -3.63966E-13
9.86027E-08 -9.10912E-13
9.87567E-08 -6.80995E-13
9.89108E-08 1.29930E-13
9.90649E-08 8.30214E-13
9.92189E-08 8.22371E-13
9.93730E-08 1.12972E-13
9.95271E-08 -6.92773E-13
9.96811E-08 -9.07367E-13
9.98352E-08 -3.47766E-13
9.99893E-08 5.08339E-13
1.00143E-07 9.30233E-13
1.00297E-07 5.57914E-13
1.00451E-07 -2.90616E-13
1.00606E-07 -8.90917E-13
1.00760E-07 -7.30667E-13
1.00914E-07 5.29905E-14
1.01068E-07 7.90737E-13
1.01222E-07 8.52773E-13
1.01376E-07 1.86580E-13
1.01530E-07 -6.38511E-13
1.01684E-07 -9.17850E-13
1.01838E-07 -4.13337E-13
1.01992E-07 4.43531E-13
1.02146E-07 9.20677E-13
1.02300E-07 6.10984E-13
1.02454E-07 -2.20200E-13
1.02608E-07 -8.62306E-13
1.02762E-07 -7.66998E-13
1.02917E-07 -1.65035E-14
1.03071E-07 7.47247E-13
1.03225E-07 8.71688E-13
1.03379E-07 2.51269E-13
1.03533E-07 -5.82927E-13
1.03687E-07 -9.17753E-13
1.03841E-07 -4.67718E-13
1.03995E-07 3.81477E-13
1.04149E-07 9.03414E-13
1.04303E-07 6.52335E-13
1.04457E-07 -1.56121E-13
1.04611E-07 -8.30069E-13
1.04765E-07 -7.93518E-13
1.04919E-07 -7.87118E-14
1.05073E-07 7.02213E-13
1.05228E-07 8.81423E-13
1.05382E-07 3.06568E-13
1.05536E-07 -5.29601E-13
1.05690E-07 -9.11524E-13
1.05844E-07 -5.13159E-13
1.05998E-07 3.23640E-13
1.06152E-07 8.82429E-13
1.06306E-07 6.85557E-13
1.06460E-07 -9.75218E-14
1.06614E-07 -7.96059E-13
1.06768E-07 -8.12538E-13
1.06922E-07 -1.33806E-13
1.07076E-07 6.58432E-13
1.07230E-07 8.86133E-13
1.07384E-07 3.55219E-13
1.07539E-07 -4.78987E-13
1.07693E-07 -9.02257E-13
1.07847E-07 -5.52990E-13
1.08001E-07 2.68822E-13
1.08155E-07 8.59229E-13
1.08309E-07 7.13322E-13
1.08463E-07 -4.29318E-14
1.08617E-07 -7.61377E-13
1.08771E-07 -8.27148E-13
1.08925E-07 -1.84883E-13
1.09079E-07 6.14680E-13
1.09233E-07 8.86958E-13
1.09387E-07 3.99686E-13
1.09541E-07 -4.28925E-13
1.09695E-07 -8.89108E-13
1.09850E-07 -5.87525E-13
1.10004E-07 2.16506E-13
1.10158E-07 8.33960E-13
1.10312E-07 7.36574E-13
1.10466E-07 8.81811E-15
1.10620E-07 -7.25351E-13
1.10774E-07 -8.37457E-13
1.10928E-07 -2.32515E-13
1.11082E-07 5.70497E-13
1.11236E-07 8.83891E-13
1.11390E-07 4.40225E-13
1.11544E-07 -3.79461E-13
1.11698E-07 -8.72928E-13
1.11852E-07 -6.18420E-13
1.12006E-07 1.64817E-13
1.12161E-07 8.05386E-13
1.12315E-07 7.55301E-13
1.12469E-07 5.88251E-14
1.12623E-07 -6.86577E-13
1.12777E-07 -8.42775E-13
1.12931E-07 -2.77300E-13
1.13085E-07 5.24302E-13
1.13239E-07 8.75395E-13
1.13393E-07 4.76441E-13
1.13547E-07 -3.29437E-13
1.13701E-07 -8.51575E-13
1.13855E-07 -6.43736E-13
1.14009E-07 1.14492E-13
1.14163E-07 7.72880E-13
1.14317E-07 7.68220E-13
1.14472E-07 1.06171E-13
1.14626E-07 -6.45007E-13
1.14780E-07 -8.42240E-13
1.14934E-07 -3.18206E-13
1.15088E-07 4.76721E-13
1.15242E-07 8.61584E-13
1.15396E-07 5.08239E-13
1.15550E-07 -2.78822E-13
1.15704E-07 -8.24866E-13
1.15858E-07 -6.63406E-13
1.16012E-07 6.52347E-14
1.16166E-07 7.35845E-13
1.16320E-07 7.74824E-13
1.16474E-07 1.50836E-13
1.16628E-07 -6.00110E-13
1.16783E-07 -8.35134E-13
1.16937E-07 -3.54899E-13
1.17091E-07 4.27346E-13
1.17245E-07 8.41418E-13
1.17399E-07 5.34461E-13
1.17553E-07 -2.28332E-13
1.17707E-07 -7.92842E-13
1.17861E-07 -6.77038E-13
1.18015E-07 1.73367E-14
1.18169E-07 6.94048E-13
1.18323E-07 7.74330E-13
1.18477E-07 1.91884E-13
1.18631E-07 -5.52477E-13
1.18785E-07 -8.21517E-13
1.18939E-07 -3.87182E-13
1.19094E-07 3.76075E-13
1.19248E-07 8.14138E-13
1.19402E-07 5.53893E-13
1.19556E-07 -1.78918E-13
1.19710E-07 -7.55439E-13
1.19864E-07 -6.83354E-13
1.20018E-07 -2.73007E-14
1.20172E-07 6.48996E-13
1.20326E-07 7.67163E-13
1.20480E-07 2.28867E-13
1.20634E-07 -5.02398E-13
1.20788E-07 -8.00399E-13
1.20942E-07 -4.12493E-13
1.21096E-07 3.26184E-13
1.21250E-07 7.82240E-13
1.21405E-07 5.67163E-13
1.21559E-07 -1.31705E-13
1.21713E-07 -7.14329E-13
1.21867E-07 -6.83203E-13
1.22021E-07 -6.82110E-14
1.22175E-07 6.01728E-13
1.22329E-07 7.53582E-13
1.22483E-07 2.60408E-13
1.22637E-07 -4.52540E-13
1.22791E-07 -7.74462E-13
1.22945E-07 -4.32301E-13
1.23099E-07 2.77661E-13
1.23253E-07 7.46319E-13
1.23407E-07 5.74314E-13
1.23561E-07 -8.76910E-14
1.23716E-07 -6.70949E-13
1.23870E-07 -6.77298E-13
1.24024E-07 -1.04673E-13
1.24178E-07 5.54011E-13
1.24332E-07 7.35153E-13
1.24486E-07 2.86723E-13
1.24640E-07 -4.04216E-13
1.24794E-07 -7.45611E-13
1.24948E-07 -4.47776E-13
1.25102E-07 2.30820E-13
1.25256E-07 7.07852E-13
1.25410E-07 5.76905E-13
1.25564E-07 -4.62442E-14
1.25718E-07 -6.25883E-13
1.25872E-07 -6.66927E-13
1.26027E-07 -1.37816E-13
1.26181E-07 5.05522E-13
1.26335E-07 7.12538E-13
1.26489E-07 3.09239E-13
1.26643E-07 -3.55598E-13
1.26797E-07 -7.12012E-13
1.26951E-07 -4.57477E-13
1.27105E-07 1.86347E-13
1.27259E-07 6.66629E-13
1.27413E-07 5.74100E-13
1.27567E-07 -8.17783E-15
1.27721E-07 -5.79236E-13
1.27875E-07 -6.51262E-13
1.28029E-07 -1.66373E-13
1.28183E-07 4.57011E-13
1.28338E-07 6.85173E-13
1.28492E-07 3.26039E-13
1.28646E-07 -3.09177E-13
1.28800E-07 -6.75613E-13
1.28954E-07 -4.62099E-13
1.29108E-07 1.44670E-13
1.29262E-07 6.23360E-13
1.29416E-07 5.65967E-13
1.29570E-07 2.55635E-14
1.29724E-07 -5.32560E-13
1.29878E-07 -6.31577E-13
1.30032E-07 -1.90560E-13
1.30186E-07 4.09502E-13
1.30340E-07 6.54820E-13
1.30494E-07 3.38759E-13
1.30649E-07 -2.64136E-13
1.30803E-07 -6.36556E-13
1.30957E-07 -4.62282E-13
1.31111E-07 1.05370E-13
1.31265E-07 5.78374E-13
1.31419E-07 5.53576E-13
1.31573E-07 5.62887E-14
1.31727E-07 -4.84931E-13
1.31881E-07 -6.07647E-13
1.32035E-07 -2.10679E-13
1.32189E-07 3.62634E-13
1.32343E-07 6.21425E-13
1.32497E-07 3.47627E-13
1.32651E-07 -2.20325E-13
1.32805E-07 -5.95110E-13
1.32960E-07 -4.58711E-13
1.33114E-07 6.77363E-14
1.33268E-07 5.31387E-13
1.33422E-07 5.37220E-13
1.33576E-07 8.45738E-14
1.33730E-07 -4.36032E-13
1.33884E-07 -5.79828E-13
1.34038E-07 -2.27781E-13
1.34192E-07 3.15019E-13
1.34346E-07 5.83764E-13
1.34500E-07 3.51986E-13
1.34654E-07 -1.77644E-13
1.34808E-07 -5.50469E-13
1.34962E-07 -4.50141E-13
1.35116E-07 3.30015E-14
1.35271E-07 4.83115E-13
1.35425E-07 5.16785E-13
1.35579E-07 1.09602E-13
1.35733E-07 -3.86757E-13
1.35887E-07 -5.48270E-13
1.36041E-07 -2.40785E-13
1.36195E-07 2.68711E-13
1.36349E-07 5.43915E-13
1.36503E-07 3.52854E-13
1.36657E-07 -1.36673E-13
1.36811E-07 -5.04427E-13
1.36965E-07 -4.38537E-13
1.37119E-07 3.67363E-17
1.37273E-07 4.33613E-13
1.37427E-07 4.93051E-13
1.37582E-07 1.32026E-13
1.37736E-07 -3.37227E-13
1.37890E-07 -5.13944E-13
1.38044E-07 -2.51087E-13
1.38198E-07 2.22446E-13
1.38352E-07 5.01126E-13
1.38506E-07 3.50099E-13
1.38660E-07 -9.69668E-14
1.38814E-07 -4.56090E-13
1.38968E-07 -4.22789E-13
1.39122E-07 -3.02064E-14
1.39276E-07 3.83253E-13
1.39430E-07 4.65616E-13
1.39584E-07 1.50941E-13
1.39738E-07 -2.88187E-13
1.39893E-07 -4.76783E-13
1.40047E-07 -2.57683E-13
1.40201E-07 1.77596E-13
1.40355E-07 4.56211E-13
1.40509E-07 3.43351E-13
1.40663E-07 -5.99396E-14
1.40817E-07 -4.07077E-13
1.40971E-07 -4.03784E-13
1.41125E-07 -5.75070E-14
1.41279E-07 3.32961E-13
1.41433E-07 4.35302E-13
1.41587E-07 1.66475E-13
1.41741E-07 -2.40147E-13
1.41895E-07 -4.37374E-13
1.42049E-07 -2.60660E-13
1.42204E-07 1.34723E-13
1.42358E-07 4.10046E-13
1.42512E-07 3.33323E-13
1.42666E-07 -2.52725E-14
1.42820E-07 -3.57342E-13
1.42974E-07 -3.81479E-13
1.43128E-07 -8.16932E-14
1.43282E-07 2.82934E-13
1.43436E-07 4.02155E-13
1.43590E-07 1.78521E-13
1.43744E-07 -1.93166E-13
1.43898E-07 -3.95508E-13
1.44052E-07 -2.59548E-13
1.44206E-07 9.42570E-14
1.44360E-07 3.62653E-13
1.44515E-07 3.19517E-13
1.44669E-07 6.29638E-15
1.44823E-07 -3.07353E-13
1.44977E-07 -3.55701E-13
1.45131E-07 -1.02012E-13
1.45285E-07 2.34042E-13
1.45439E-07 3.66604E-13
1.45593E-07 1.86774E-13
1.45747E-07 -1.48119E-13
1.45901E-07 -3.52130E-13
1.46055E-07 -2.54842E-13
1.46209E-07 5.63930E-14
1.46363E-07 3.14760E-13
1.46517E-07 3.02731E-13
1.46671E-07 3.51453E-14
1.46826E-07 -2.57419E-13
1.46980E-07 -3.27348E-13
1.47134E-07 -1.19537E-13
1.47288E-07 1.85530E-13
1.47442E-07 3.28507E-13
1.47596E-07 1.91641E-13
1.47750E-07 -1.04424E-13
1.47904E-07 -3.06919E-13
1.48058E-07 -2.46738E-13
1.48212E-07 2.04681E-14
1.48366E-07 2.65502E-13
1.48520E-07 2.82221E-13
1.48674E-07 6.08816E-14
1.48828E-07 -2.07456E-13
1.48982E-07 -2.95836E-13
1.49137E-07 -1.33305E-13
1.49291E-07 1.38414E-13
1.49445E-07 2.88456E-13
1.49599E-07 1.92905E-13
1.49753E-07 -6.30852E-14
1.49907E-07 -2.61115E-13
1.50061E-07 -2.35872E-13
1.50215E-07 -1.29977E-14
1.50369E-07 2.16365E-13
1.50523E-07 2.59515E-13
1.50677E-07 8.40033E-14
1.50831E-07 -1.58473E-13
1.50985E-07 -2.63196E-13
1.51139E-07 -1.45210E-13
1.51293E-07 9.20130E-14
1.51448E-07 2.47293E-13
1.51602E-07 1.92340E-13
1.51756E-07 -2.24210E-14
1.51910E-07 -2.13931E-13
1.52064E-07 -2.22527E-13
1.52218E-07 -4.49401E-14
1.52372E-07 1.66405E-13
1.52526E-07 2.34185E-13
1.52680E-07 1.04836E-13
1.52834E-07 -1.09443E-13
1.52988E-07 -2.27986E-13
1.53142E-07 -1.53886E-13
1.53296E-07 4.70305E-14
1.53450E-07 2.04640E-13
1.53604E-07 1.88537E-13
1.53759E-07 1.57514E-14
1.53913E-07 -1.66645E-13
1.54067E-07 -2.06733E-13
1.54221E-07 -7.41724E-14
1.54375E-07 1.17223E-13
1.54529E-07 2.07170E-13
1.54683E-07 1.23022E-13
1.54837E-07 -6.18045E-14
1.54991E-07 -1.91851E-13
1.55145E-07 -1.60290E-13
1.55299E-07 3.52448E-15
1.55453E-07 1.61200E-13
1.55607E-07 1.82176E-13
1.55761E-07 5.16784E-14
1.55915E-07 -1.19360E-13
1.56070E-07 -1.88555E-13
1.56224E-07 -1.00443E-13
1.56378E-07 6.93100E-14
1.56532E-07 1.78889E-13
1.56686E-07 1.38711E-13
1.56840E-07 -1.55155E-14
1.56994E-07 -1.54470E-13
1.57148E-07 -1.63567E-13
1.57302E-07 -3.72920E-14
1.57456E-07 1.18003E-13
1.57610E-07 1.73575E-13
1.57764E-07 8.48339E-14
1.57918E-07 -7.30719E-14
1.58072E-07 -1.68863E-13
1.58226E-07 -1.24113E-13
1.58381E-07 2.27286E-14
1.58535E-07 1.49388E-13
1.58689E-07 1.51485E-13
1.58843E-07 2.84018E-14
1.58997E-07 -1.17193E-13
1.59151E-07 -1.64899E-13
1.59305E-07 -7.59946E-14
1.59459E-07 7.52269E-14
1.59613E-07 1.63470E-13
1.59767E-07 1.16085E-13
1.59921E-07 -2.72544E-14
1.60075E-07 -1.47767E-13
1.60229E-07 -1.45880E-13
1.60383E-07 -2.33897E-14
1.60537E-07 1.18224E-13
1.60692E-07 1.61772E-13
1.60846E-07 7.12338E-14
1.61000E-07 -7.84401E-14
1.61154E-07 -1.63241E-13
1.61308E-07 -1.12695E-13
1.61462E-07 3.16085E-14
1.61616E-07 1.50120E-13
1.61770E-07 1.44185E-13
1.61924E-07 1.80556E-14
1.62078E-07 -1.24035E-13
1.62232E-07 -1.63849E-13
1.62386E-07 -6.73899E-14
1.62540E-07 8.61155E-14
1.62694E-07 1.69207E-13
1.62848E-07 1.11954E-13
1.63003E-07 -3.91611E-14
1.63157E-07 -1.58816E-13
1.63311E-07 -1.46642E-13
1.63465E-07 -1.14015E-14
1.63619E-07 1.35024E-13
1.63773E-07 1.69983E-13
1.63927E-07 6.26707E-14
1.64081E-07 -9.87792E-14
1.64235E-07 -1.79541E-13
1.64389E-07 -1.10609E-13
1.64543E-07 5.22397E-14
1.64697E-07 1.73412E-13
1.64851E-07 1.50323E-13
1.65005E-07 2.85514E-16
1.65159E-07 -1.52121E-13
1.65314E-07 -1.78311E-13
1.65468E-07 -5.41233E-14
1.65622E-07 1.17985E-13
1.65776E-07 1.93296E-13
1.65930E-07 1.06444E-13
1.66084E-07 -7.18615E-14
1.66238E-07 -1.92233E-13
1.66392E-07 -1.51697E-13
1.66546E-07 1.81778E-14
1.66700E-07 1.75571E-13
1.66854E-07 1.86689E-13
1.67008E-07 3.94929E-14
1.67162E-07 -1.43798E-13
1.67316E-07 -2.08056E-13
1.67470E-07 -9.65239E-14
1.67625E-07 9.90492E-14
1.67779E-07 2.13701E-13
1.67933E-07 1.48343E-13
1.68087E-07 -4.45795E-14
1.68241E-07 -2.02929E-13
1.68395E-07 -1.91051E-13
1.68549E-07 -1.59907E-14
1.68703E-07 1.75839E-13
1.68857E-07 2.21025E-13
1.69011E-07 7.83852E-14
1.69165E-07 -1.33580E-13
1.69319E-07 -2.34990E-13
1.69473E-07 -1.37222E-13
1.69627E-07 7.96384E-14
1.69781E-07 2.32211E-13
1.69936E-07 1.88851E-13
1.70090E-07 -1.67559E-14
1.70244E-07 -2.11460E-13
1.70398E-07 -2.28432E-13
1.70552E-07 -5.01611E-14
1.70706E-07 1.73931E-13
1.70860E-07 2.52632E-13
1.71014E-07 1.16108E-13
1.71168E-07 -1.22145E-13
1.71322E-07 -2.59518E-13
1.71476E-07 -1.76571E-13
1.71630E-07 5.91033E-14
1.71784E-07 2.47768E-13
1.71938E-07 2.26785E-13
1.72092E-07 1.08335E-14
1.72247E-07 -2.17809E-13
1.72401E-07 -2.63081E-13
1.72555E-07 -8.32979E-14
1.72709E-07 1.70591E-13
1.72863E-07 2.81646E-13
1.73017E-07 1.52299E-13
1.73171E-07 -1.09958E-13
1.73325E-07 -2.81789E-13
1.73479E-07 -2.14195E-13
1.73633E-07 3.82984E-14
1.73787E-07 2.61458E-13
1.73941E-07 2.63130E-13
1.74095E-07 3.87422E-14
1.74249E-07 -2.22055E-13
1.74403E-07 -2.95663E-13
1.74558E-07 -1.16285E-13
1.74712E-07 1.65312E-13
1.74866E-07 3.08472E-13
1.75020E-07 1.88371E-13
1.75174E-07 -9.50974E-14
1.75328E-07 -3.00275E-13
1.75482E-07 -2.49750E-13
1.75636E-07 1.62058E-14
1.75790E-07 2.71503E-13
1.75944E-07 2.96394E-13
1.76098E-07 6.66266E-14
1.76252E-07 -2.23257E-13
1.76406E-07 -3.24624E-13
1.76560E-07 -1.48045E-13
1.76714E-07 1.57824E-13
1.76869E-07 3.31332E-13
1.77023E-07 2.21674E-13
1.77177E-07 -8.00125E-14
1.77331E-07 -3.16285E-13
1.77485E-07 -2.83079E-13
1.77639E-07 -5.97094E-15
1.77793E-07 2.79238E-13
1.77947E-07 3.27151E-13
1.78101E-07 9.39276E-14
1.78255E-07 -2.22755E-13
1.78409E-07 -3.51234E-13
1.78563E-07 -1.78939E-13
1.78717E-07 1.49000E-13
1.78871E-07 3.51957E-13
1.79025E-07 2.53995E-13
1.79180E-07 -6.35843E-14
1.79334E-07 -3.29590E-13
1.79488E-07 -3.14510E-13
1.79642E-07 -2.85538E-14
1.79796E-07 2.84739E-13
1.79950E-07 3.55886E-13
1.80104E-07 1.21262E-13
1.80258E-07 -2.20088E-13
1.80412E-07 -3.75292E-13
1.80566E-07 -2.08952E-13
1.80720E-07 1.38765E-13
1.80874E-07 3.70220E-13
1.81028E-07 2.85132E-13
1.81182E-07 -4.60555E-14
1.81336E-07 -3.40379E-13
1.81491E-07 -3.44115E-13
1.81645E-07 -5.15531E-14
1.81799E-07 2.87899E-13
1.81953E-07 3.82293E-13
1.82107E-07 1.48231E-13
1.82261E-07 -2.15491E-13
1.82415E-07 -3.96710E-13
1.82569E-07 -2.37824E-13
1.82723E-07 1.27141E-13
1.82877E-07 3.85546E-13
1.83031E-07 3.13982E-13
1.83185E-07 -2.85475E-14
1.83339E-07 -3.49170E-13
1.83493E-07 -3.71577E-13
1.83647E-07 -7.41951E-14
1.83802E-07 2.89224E-13
1.83956E-07 4.06085E-13
1.84110E-07 1.73824E-13
1.84264E-07 -2.10109E-13
1.84418E-07 -4.16093E-13
1.84572E-07 -2.65347E-13
1.84726E-07 1.14905E-13
1.84880E-07 3.98791E-13
1.85034E-07 3.41117E-13
1.85188E-07 -1.08009E-14
1.85342E-07 -3.55822E-13
1.85496E-07 -3.96669E-13
1.85650E-07 -9.60928E-14
1.85804E-07 2.89252E-13
1.85958E-07 4.27954E-13
1.86113E-07 1.98892E-13
1.86267E-07 -2.03010E-13
1.86421E-07 -4.32666E-13
1.86575E-07 -2.91180E-13
1.86729E-07 1.01871E-13
1.86883E-07 4.09476E-13
1.87037E-07 3.66209E-13
1.87191E-07 7.33074E-15
1.87345E-07 -3.59813E-13
1.87499E-07 -4.19008E-13
1.87653E-07 -1.17559E-13
1.87807E-07 2.86822E-13
1.87961E-07 4.46326E-13
1.88115E-07 2.22221E-13
1.88269E-07 -1.94487E-13
1.88424E-07 -4.45853E-13
1.88578E-07 -3.14515E-13
1.88732E-07 8.83175E-14
1.88886E-07 4.17006E-13
1.89040E-07 3.88100E-13
1.89194E-07 2.48451E-14
1.89348E-07 -3.61373E-13
1.89502E-07 -4.37949E-13
1.89656E-07 -1.37524E-13
1.89810E-07 2.82761E-13
1.89964E-07 4.61341E-13
1.90118E-07 2.43287E-13
1.90272E-07 -1.85294E-13
1.90426E-07 -4.56122E-13
1.90580E-07 -3.35256E-13
1.90735E-07 7.47811E-14
1.90889E-07 4.21938E-13
1.91043E-07 4.06916E-13
1.91197E-07 4.12387E-14
1.91351E-07 -3.61449E-13
1.91505E-07 -4.54407E-13
1.91659E-07 -1.56391E-13
1.91813E-07 2.77361E-13
1.91967E-07 4.73748E-13
1.92121E-07 2.62784E-13
1.92275E-07 -1.75245E-13
1.92429E-07 -4.63843E-13
1.92583E-07 -3.53929E-13
1.92737E-07 6.11820E-14
1.92891E-07 4.25003E-13
1.93046E-07 4.24049E-13
1.93200E-07 5.79722E-14
1.93354E-07 -3.59153E-13
1.93508E-07 -4.68329E-13
1.93662E-07 -1.74652E-13
1.93816E-07 2.70202E-13
1.93970E-07 4.83711E-13
1.94124E-07 2.81521E-13
1.94278E-07 -1.63300E-13
1.94432E-07 -4.68368E-13
1.94586E-07 -3.70721E-13
1.94740E-07 4.64574E-14
1.94894E-07 4.24631E-13
1.95048E-07 4.37997E-13
1.95202E-07 7.41298E-14
1.95357E-07 -3.54574E-13
1.95511E-07 -4.79133E-13
1.95665E-07 -1.91576E-13
1.95819E-07 2.61497E-13
1.95973E-07 4.90437E-13
1.96127E-07 2.97713E-13
1.96281E-07 -1.51636E-13
1.96435E-07 -4.71343E-13
1.96589E-07 -3.86010E-13
1.96743E-07 3.16152E-14
1.96897E-07 4.22639E-13
1.97051E-07 4.50473E-13
1.97205E-07 9.06143E-14
1.97359E-07 -3.47753E-13
1.97513E-07 -4.87393E-13
1.97668E-07 -2.07658E-13
1.97822E-07 2.51267E-13
1.97976E-07 4.94610E-13
1.98130E-07 3.12632E-13
1.98284E-07 -1.38566E-13
1.98438E-07 -4.70943E-13
1.98592E-07 -3.98274E-13
1.98746E-07 1.73230E-14
1.98900E-07 4.18447E-13
1.99054E-07 4.59757E-13
1.99208E-07 1.05282E-13
1.99362E-07 -3.40269E-13
1.99516E-07 -4.93467E-13
1.99670E-07 -2.22157E-13
1.99824E-07 2.40534E-13
1.99979E-07 4.96556E-13
2.00133E-07 3.25437E-13
2.00287E-07 -1.25803E-13
2.00441E-07 -4.68957E-13
2.00595E-07 -4.08642E-13
2.00749E-07 3.38710E-15
2.00903E-07 4.12615E-13
2.01057E-07 4.66808E-13
2.01211E-07 1.19224E-13
2.01365E-07 -3.31041E-13
2.01519E-07 -4.96424E-13
2.01673E-07 -2.34513E-13
2.01827E-07 2.29297E-13
2.01981E-07 4.95765E-13
2.02135E-07 3.35471E-13
2.02290E-07 -1.13656E-13
2.02444E-07 -4.65042E-13
2.02598E-07 -4.16235E-13
2.02752E-07 -9.27088E-15
2.02906E-07 4.05531E-13
2.03060E-07 4.71148E-13
2.03214E-07 1.31170E-13
2.03368E-07 -3.21714E-13
2.03522E-07 -4.97738E-13
2.03676E-07 -2.45560E-13
2.03830E-07 2.17591E-13
2.03984E-07 4.93062E-13
2.04138E-07 3.43979E-13
2.04292E-07 -1.01009E-13
2.04446E-07 -4.58715E-13
2.04601E-07 -4.21399E-13
2.04755E-07 -2.15467E-14
2.04909E-07 3.96399E-13
2.05063E-07 4.72765E-13
2.05217E-07 1.42193E-13
2.05371E-07 -3.10425E-13
2.05525E-07 -4.95504E-13
2.05679E-07 -2.54136E-13
2.05833E-07 2.05461E-13
2.05987E-07 4.87595E-13
2.06141E-07 3.49828E-13
2.06295E-07 -8.86539E-14
2.06449E-07 -4.50150E-13
2.06603E-07 -4.23837E-13
2.06757E-07 -3.30807E-14
2.06912E-07 3.85262E-13
2.07066E-07 4.71240E-13
2.07220E-07 1.51554E-13
2.07374E-07 -2.97925E-13
2.07528E-07 -4.90187E-13
2.07682E-07 -2.60285E-13
2.07836E-07 1.93182E-13
2.07990E-07 4.79665E-13
2.08144E-07 3.53043E-13
2.08298E-07 -7.69524E-14
2.08452E-07 -4.39900E-13
2.08606E-07 -4.23885E-13
2.08760E-07 -4.36275E-14
2.08914E-07 3.72974E-13
2.09068E-07 4.67635E-13
2.09223E-07 1.59875E-13
2.09377E-07 -2.84517E-13
2.09531E-07 -4.83008E-13
2.09685E-07 -2.65614E-13
2.09839E-07 1.79538E-13
2.09993E-07 4.69028E-13
2.10147E-07 3.54435E-13
2.10301E-07 -6.44535E-14
2.10455E-07 -4.26520E-13
2.10609E-07 -4.20652E-13
2.10763E-07 -5.30968E-14
2.10917E-07 3.58927E-13
2.11071E-07 4.61009E-13
2.11225E-07 1.66405E-13
2.11379E-07 -2.70264E-13
2.11534E-07 -4.73084E-13
2.11688E-07 -2.68467E-13
2.11842E-07 1.66301E-13
2.11996E-07 4.56701E-13
2.12150E-07 3.53649E-13
2.12304E-07 -5.28216E-14
2.12458E-07 -4.12206E-13
2.12612E-07 -4.15795E-13
2.12766E-07 -6.18955E-14
2.12920E-07 3.43890E-13
2.13074E-07 4.52544E-13
2.13228E-07 1.71816E-13
2.13382E-07 -2.55486E-13
2.13536E-07 -4.61538E-13
2.13690E-07 -2.70158E-13
2.13845E-07 1.52547E-13
2.13999E-07 4.42368E-13
2.14153E-07 3.50854E-13
2.14307E-07 -4.16423E-14
2.14461E-07 -3.96452E-13
2.14615E-07 -4.08795E-13
2.14769E-07 -6.95899E-14
2.14923E-07 3.28053E-13
2.15077E-07 4.42104E-13
2.15231E-07 1.75808E-13
2.15385E-07 -2.40269E-13
2.15539E-07 -4.47898E-13
2.15693E-07 -2.69654E-13
2.15847E-07 1.39444E-13
2.16001E-07 4.26737E-13
2.16156E-07 3.45948E-13
2.16310E-07 -3.16908E-14
2.16464E-07 -3.80209E-13
2.16618E-07 -4.00292E-13
2.16772E-07 -7.63622E-14
2.16926E-07 3.11480E-13
2.17080E-07 4.29678E-13
2.17234E-07 1.78128E-13
2.17388E-07 -2.25042E-13
2.17542E-07 -4.32616E-13
2.17696E-07 -2.67344E-13
2.17850E-07 1.26678E-13
2.18004E-07 4.09617E-13
2.18158E-07 3.39007E-13
2.18312E-07 -2.24562E-14
2.18467E-07 -3.62540E-13
2.18621E-07 -3.89205E-13
2.18775E-07 -8.14116E-14
2.18929E-07 2.94407E-13
2.19083E-07 4.14992E-13
2.19237E-07 1.78342E-13
2.19391E-07 -2.10016E-13
2.19545E-07 -4.15521E-13
2.19699E-07 -2.62821E-13
2.19853E-07 1.14592E-13
2.20007E-07 3.91066E-13
2.20161E-07 3.29811E-13
2.20315E-07 -1.42622E-14
2.20469E-07 -3.43664E-13
2.20623E-07 -3.75523E-13
2.20778E-07 -8.44924E-14
2.20932E-07 2.77239E-13
2.21086E-07 3.98499E-13
2.21240E-07 1.76830E-13
2.21394E-07 -1.94993E-13
2.21548E-07 -3.96654E-13
2.21702E-07 -2.56315E-13
2.21856E-07 1.02916E-13
2.22010E-07 3.70933E-13
2.22164E-07 3.18356E-13
2.22318E-07 -7.12452E-15
2.22472E-07 -3.23878E-13
2.22626E-07 -3.60032E-13
2.22780E-07 -8.68538E-14
2.22934E-07 2.58555E-13
2.23089E-07 3.79027E-13
2.23243E-07 1.73005E-13
2.23397E-07 -1.79878E-13
2.23551E-07 -3.75398E-13
2.23705E-07 -2.47012E-13
2.23859E-07 9.23142E-14
2.24013E-07 3.49495E-13
2.24167E-07 3.04514E-13
2.24321E-07 -1.33579E-15
2.24475E-07 -3.03209E-13
2.24629E-07 -3.42061E-13
2.24783E-07 -8.69545E-14
2.24937E-07 2.40463E-13
2.25091E-07 3.58534E-13
2.25245E-07 1.67890E-13
2.25400E-07 -1.64971E-13
2.25554E-07 -3.53100E-13
2.25708E-07 -2.36493E-13
2.25862E-07 8.18336E-14
2.26016E-07 3.26817E-13
2.26170E-07 2.89065E-13
2.26324E-07 3.85273E-15
2.26478E-07 -2.81618E-13
2.26632E-07 -3.22479E-13
2.26786E-07 -8.62615E-14
2.26940E-07 2.21455E-13
2.27094E-07 3.35907E-13
2.27248E-07 1.60925E-13
2.27402E-07 -1.50339E-13
2.27556E-07 -3.29442E-13
2.27711E-07 -2.24166E-13
2.27865E-07 7.21598E-14
2.28019E-07 3.03375E-13
2.28173E-07 2.71973E-13
2.28327E-07 7.83390E-15
2.28481E-07 -2.59941E-13
2.28635E-07 -3.01738E-13
2.28789E-07 -8.43316E-14
2.28943E-07 2.02892E-13
2.29097E-07 3.12901E-13
2.29251E-07 1.53500E-13
2.29405E-07 -1.35455E-13
2.29559E-07 -3.04728E-13
2.29713E-07 -2.10694E-13
2.29867E-07 6.28129E-14
2.30022E-07 2.79147E-13
2.30176E-07 2.53604E-13
2.30330E-07 1.11086E-14
2.30484E-07 -2.37772E-13
2.30638E-07 -2.79673E-13
2.30792E-07 -8.13549E-14
2.30946E-07 1.84107E-13
2.31100E-07 2.88345E-13
2.31254E-07 1.44150E-13
2.31408E-07 -1.21633E-13
2.31562E-07 -2.79661E-13
2.31716E-07 -1.96024E-13
2.31870E-07 5.42818E-14
2.32024E-07 2.54477E-13
2.32178E-07 2.33731E-13
2.32333E-07 1.29358E-14
2.32487E-07 -2.15881E-13
2.32641E-07 -2.56533E-13
2.32795E-07 -7.68728E-14
2.32949E-07 1.66010E-13
2.33103E-07 2.63135E-13
2.33257E-07 1.33474E-13
2.33411E-07 -1.08491E-13
2.33565E-07 -2.53771E-13
2.33719E-07 -1.79362E-13
2.33873E-07 4.76546E-14
2.34027E-07 2.30487E-13
2.34181E-07 2.13238E-13
2.34335E-07 1.38342E-14
2.34489E-07 -1.94081E-13
2.34644E-07 -2.32384E-13
2.34798E-07 -7.11290E-14
2.34952E-07 1.48228E-13
2.35106E-07 2.36849E-13
2.35260E-07 1.21077E-13
2.35414E-07 -9.64138E-14
2.35568E-07 -2.27577E-13
2.35722E-07 -1.61565E-13
2.35876E-07 4.16574E-14
2.36030E-07 2.05667E-13
2.36184E-07 1.90764E-13
2.36338E-07 1.29688E-14
2.36492E-07 -1.72533E-13
2.36646E-07 -2.06851E-13
2.36800E-07 -6.35325E-14
2.36955E-07 1.31295E-13
2.37109E-07 2.09851E-13
2.37263E-07 1.07195E-13
2.37417E-07 -8.51782E-14
2.37571E-07 -2.00787E-13
2.37725E-07 -1.42233E-13
2.37879E-07 3.67881E-14
2.38033E-07 1.80561E-13
2.38187E-07 1.66795E-13
2.38341E-07 1.06370E-14
2.38495E-07 -1.51213E-13
2.38649E-07 -1.80152E-13
2.38803E-07 -5.43807E-14
2.38957E-07 1.15014E-13
2.39111E-07 1.82123E-13
2.39266E-07 9.19187E-14
2.39420E-07 -7.47189E-14
2.39574E-07 -1.73385E-13
2.39728E-07 -1.21255E-13
2.39882E-07 3.34696E-14
2.40036E-07 1.55952E-13
2.40190E-07 1.42225E-13
2.40344E-07 7.40359E-15
2.40498E-07 -1.30218E-13
2.40652E-07 -1.52984E-13
2.40806E-07 -4.45122E-14
2.40960E-07 9.89562E-14
2.41114E-07 1.53879E-13
2.41268E-07 7.58248E-14
2.41422E-07 -6.47092E-14
2.41577E-07 -1.45811E-13
2.41731E-07 -9.98993E-14
2.41885E-07 3.00279E-14
2.42039E-07 1.30398E-13
2.42193E-07 1.16308E-13
2.42347E-07 3.30172E-15
2.42501E-07 -1.08968E-13
2.42655E-07 -1.24574E-13
2.42809E-07 -3.32592E-14
2.42963E-07 8.35011E-14
2.43117E-07 1.25135E-13
2.43271E-07 5.86167E-14
2.43425E-07 -5.55329E-14
2.43579E-07 -1.18175E-13
2.43733E-07 -7.76716E-14
2.43888E-07 2.76128E-14
2.44042E-07 1.05339E-13
2.44196E-07 9.01462E-14
2.44350E-07 -1.42364E-15
2.44504E-07 -8.81471E-14
2.44658E-07 -9.60993E-14
2.44812E-07 -2.16517E-14
2.44966E-07 6.81820E-14
2.45120E-07 9.59491E-14
2.45274E-07 4.05160E-14
2.45428E-07 -4.71528E-14
2.45582E-07 -9.06865E-14
2.45736E-07 -5.48400E-14
2.45890E-07 2.60884E-14
2.46044E-07 8.07555E-14
2.46199E-07 6.36462E-14
2.46353E-07 -7.05941E-15
2.46507E-07 -6.80890E-14
2.46661E-07 -6.75939E-14
2.46815E-07 -9.16961E-15
2.46969E-07 5.39766E-14
2.47123E-07 6.73264E-14
2.47277E-07 2.20929E-14
2.47431E-07 -3.95757E-14
2.47585E-07 -6.36629E-14
2.47739E-07 -3.15857E-14
2.47893E-07 2.56798E-14
2.48047E-07 5.71913E-14
2.48201E-07 3.73506E-14
2.48355E-07 -1.33347E-14
2.48510E-07 -4.88160E-14
2.48664E-07 -3.91922E-14
2.48818E-07 4.12381E-15
2.48972E-07 4.09271E-14
2.49126E-07 3.93310E-14
2.49280E-07 3.37231E-15
2.49434E-07 -3.27778E-14
2.49588E-07 -3.70187E-14
2.49742E-07 -7.81494E-15
2.49896E-07 2.62861E-14
2.50050E-07 3.41464E-14
2.50204E-07 1.03636E-14
2.50358E-07 -2.12548E-14
2.50512E-07 -3.10428E-14
2.50666E-07 -1.10915E-14
2.50821E-07 1.84245E-14
2.50975E-07 2.92280E-14
2.51129E-07 1.17655E-14
2.51283E-07 -1.63594E-14
2.51437E-07 -2.77821E-14
2.51591E-07 -1.16860E-14
2.51745E-07 1.60040E-14
2.51899E-07 2.80878E-14
2.52053E-07 1.23879E-14
2.52207E-07 -1.62448E-14
2.52361E-07 -2.98700E-14
2.52515E-07 -1.43502E-14
2.52669E-07 1.63996E-14
2.52823E-07 3.28641E-14
2.52977E-07 1.79529E-14
2.53132E-07 -1.57824E-14
2.53286E-07 -3.67229E-14
2.53440E-07 -2.36415E-14
2.53594E-07 1.32460E-14
2.53748E-07 4.01597E-14
2.53902E-07 3.05744E-14
2.54056E-07 -9.05119E-15
2.54210E-07 -4.32826E-14
2.54364E-07 -3.93453E-14
2.54518E-07 1.81975E-15
2.54672E-07 4.42647E-14
2.54826E-07 4.84320E-14
2.54980E-07 7.82021E-15
2.55134E-07 -4.28995E-14
2.55288E-07 -5.74778E-14
2.55443E-07 -2.01324E-14
2.55597E-07 3.80778E-14
2.55751E-07 6.50500E-14
2.55905E-07 3.42083E-14
2.56059E-07 -2.97291E-14
2.56213E-07 -7.04594E-14
2.56367E-07 -4.96658E-14
2.56521E-07 1.71849E-14
2.56675E-07 7.20635E-14
2.56829E-07 6.47641E-14
2.56983E-07 -1.30309E-15
2.57137E-07 -6.95612E-14
2.57291E-07 -7.87211E-14
2.57445E-07 -1.77383E-14
2.57599E-07 6.19418E-14
2.57754E-07 8.97587E-14
2.57908E-07 3.84760E-14
2.58062E-07 -4.95360E-14
2.58216E-07 -9.72510E-14
2.58370E-07 -6.03904E-14
2.58524E-07 3.17022E-14
2.58678E-07 9.92894E-14
2.58832E-07 8.13240E-14
2.58986E-07 -9.48108E-15
2.59140E-07 -9.51948E-14
2.59294E-07 -9.95490E-14
2.59448E-07 -1.57538E-14
2.59602E-07 8.50107E-14
2.59756E-07 1.14032E-13
2.59910E-07 4.31271E-14
2.60065E-07 -6.83359E-14
2.60219E-07 -1.23111E-13
2.60373E-07 -7.09095E-14
2.60527E-07 4.56007E-14
2.60681E-07 1.25572E-13
2.60835E-07 9.72691E-14
2.60989E-07 -1.76962E-14
2.61143E-07 -1.20626E-13
2.61297E-07 -1.20514E-13
2.61451E-07 -1.44965E-14
2.61605E-07 1.07114E-13
2.61759E-07 1.37761E-13
2.61913E-07 4.80116E-14
2.62067E-07 -8.64548E-14
2.62221E-07 -1.48609E-13
2.62376E-07 -8.18898E-14
2.62530E-07 5.85170E-14
2.62684E-07 1.51313E-13
2.62838E-07 1.13951E-13
2.62992E-07 -2.39608E-14
2.63146E-07 -1.43930E-13
2.63300E-07 -1.40416E-13
2.63454E-07 -1.36790E-14
2.63608E-07 1.28024E-13
2.63762E-07 1.60877E-13
2.63916E-07 5.36464E-14
2.64070E-07 -1.02919E-13
2.64224E-07 -1.72906E-13
2.64378E-07 -9.32470E-14
2.64532E-07 6.95480E-14
2.64687E-07 1.74893E-13
2.64841E-07 1.29573E-13
2.64995E-07 -2.97992E-14
2.65149E-07 -1.66227E-13
2.65303E-07 -1.60116E-13
2.65457E-07 -1.41213E-14
2.65611E-07 1.46854E-13
2.65765E-07 1.82489E-13
2.65919E-07 5.93336E-14
2.66073E-07 -1.18001E-13
2.66227E-07 -1.95673E-13
2.66381E-07 -1.04035E-13
2.66535E-07 8.00504E-14
2.66689E-07 1.97682E-13
2.66843E-07 1.45119E-13
2.66998E-07 -3.47592E-14
2.67152E-07 -1.87321E-13
2.67306E-07 -1.79123E-13
2.67460E-07 -1.46065E-14
2.67614E-07 1.65468E-13
2.67768E-07 2.04451E-13
2.67922E-07 6.60427E-14
2.68076E-07 -1.32136E-13
2.68230E-07 -2.18536E-13
2.68384E-07 -1.16223E-13
2.68538E-07 8.86684E-14
2.68692E-07 2.19418E-13
2.68846E-07 1.61177E-13
2.69000E-07 -3.81557E-14
2.69154E-07 -2.07218E-13
2.69309E-07 -1.98495E-13
2.69463E-07 -1.70194E-14
2.69617E-07 1.81828E-13
2.69771E-07 2.25352E-13
2.69925E-07 7.35162E-14
2.70079E-07 -1.44385E-13
2.70233E-07 -2.39831E-13
2.70387E-07 -1.28186E-13
2.70541E-07 9.63203E-14
2.70695E-07 2.40120E-13
2.70849E-07 1.77252E-13
2.71003E-07 -4.02918E-14
2.71157E-07 -2.25470E-13
2.71311E-07 -2.17015E-13
2.71465E-07 -1.98816E-14
2.71620E-07 1.97003E-13
2.71774E-07 2.45492E-13
2.71928E-07 8.14421E-14
2.72082E-07 -1.55221E-13
2.72236E-07 -2.59864E-13
2.72390E-07 -1.40129E-13
2.72544E-07 1.02545E-13
2.72698E-07 2.58811E-13
2.72852E-07 1.92001E-13
2.73006E-07 -4.23537E-14
2.73160E-07 -2.42601E-13
2.73314E-07 -2.34464E-13
2.73468E-07 -2.26902E-14
2.73622E-07 2.11109E-13
2.73776E-07 2.64221E-13
2.73931E-07 8.86075E-14
2.74085E-07 -1.65744E-13
2.74239E-07 -2.78927E-13
2.74393E-07 -1.51265E-13
2.74547E-07 1.08930E-13
2.74701E-07 2.77247E-13
2.74855E-07 2.06749E-13
2.75009E-07 -4.37414E-14
2.75163E-07 -2.58668E-13
2.75317E-07 -2.51248E-13
2.75471E-07 -2.58081E-14
2.75625E-07 2.24155E-13
2.75779E-07 2.82069E-13
2.75933E-07 9.59534E-14
2.76087E-07 -1.74981E-13
2.76242E-07 -2.96519E-13
2.76396E-07 -1.61927E-13
2.76550E-07 1.14328E-13
2.76704E-07 2.93913E-13
2.76858E-07 2.20244E-13
2.77012E-07 -4.50054E-14
2.77166E-07 -2.73517E-13
2.77320E-07 -2.66884E-13
2.77474E-07 -2.88848E-14
2.77628E-07 2.36127E-13
2.77782E-07 2.98732E-13
2.77936E-07 1.03090E-13
2.78090E-07 -1.83306E-13
2.78244E-07 -3.13068E-13
2.78398E-07 -1.72678E-13
2.78553E-07 1.18164E-13
2.78707E-07 3.08573E-13
2.78861E-07 2.32926E-13
2.79015E-07 -4.50388E-14
2.79169E-07 -2.85855E-13
2.79323E-07 -2.80613E-13
2.79477E-07 -3.21742E-14
2.79631E-07 2.45867E-13
2.79785E-07 3.12830E-13
2.79939E-07 1.09280E-13
2.80093E-07 -1.90281E-13
2.80247E-07 -3.27043E-13
2.80401E-07 -1.81518E-13
2.80555E-07 1.22087E-13
2.80709E-07 3.21895E-13
2.80864E-07 2.44287E-13
2.81018E-07 -4.52339E-14
2.81172E-07 -2.97319E-13
2.81326E-07 -2.93568E-13
2.81480E-07 -3.57809E-14
2.81634E-07 2.54348E-13
2.81788E-07 3.25897E-13
2.81942E-07 1.15753E-13
2.82096E-07 -1.95733E-13
2.82250E-07 -3.39525E-13
2.82404E-07 -1.90268E-13
2.82558E-07 1.24464E-13
2.82712E-07 3.33244E-13
2.82866E-07 2.54917E-13
2.83020E-07 -4.41972E-14
2.83175E-07 -3.06448E-13
2.83329E-07 -3.04818E-13
2.83483E-07 -3.94639E-14
2.83637E-07 2.61331E-13
2.83791E-07 3.37548E-13
2.83945E-07 1.22202E-13
2.84099E-07 -1.99841E-13
2.84253E-07 -3.50600E-13
2.84407E-07 -1.98970E-13
2.84561E-07 1.25263E-13
2.84715E-07 3.42532E-13
2.84869E-07 2.64597E-13
2.85023E-07 -4.23238E-14
2.85177E-07 -3.13786E-13
2.85331E-07 -3.14981E-13
2.85486E-07 -4.38763E-14
2.85640E-07 2.66139E-13
2.85794E-07 3.47152E-13
2.85948E-07 1.28250E-13
2.86102E-07 -2.02424E-13
2.86256E-07 -3.59379E-13
2.86410E-07 -2.06256E-13
2.86564E-07 1.25725E-13
2.86718E-07 3.50240E-13
2.86872E-07 2.72843E-13
2.87026E-07 -4.06139E-14
2.87180E-07 -3.19998E-13
2.87334E-07 -3.23721E-13
2.87488E-07 -4.76761E-14
2.87642E-07 2.70426E-13
2.87797E-07 3.55749E-13
2.87951E-07 1.33792E-13
2.88105E-07 -2.04570E-13
2.88259E-07 -3.67238E-13
2.88413E-07 -2.13062E-13
2.88567E-07 1.25683E-13
2.88721E-07 3.56798E-13
2.88875E-07 2.80234E-13
2.89029E-07 -3.87285E-14
2.89183E-07 -3.25139E-13
2.89337E-07 -3.31413E-13
2.89491E-07 -5.13810E-14
2.89645E-07 2.73721E-13
2.89799E-07 3.63080E-13
2.89953E-07 1.38892E-13
2.90108E-07 -2.05882E-13
2.90262E-07 -3.73594E-13
2.90416E-07 -2.18884E-13
2.90570E-07 1.25322E-13
2.90724E-07 3.62022E-13
2.90878E-07 2.86416E-13
2.91032E-07 -3.68944E-14
2.91186E-07 -3.29119E-13
2.91340E-07 -3.37710E-13
2.91494E-07 -5.46462E-14
2.91648E-07 2.76124E-13
2.91802E-07 3.68950E-13
2.91956E-07 1.43201E-13
2.92110E-07 -2.06678E-13
2.92264E-07 -3.78660E-13
2.92419E-07 -2.23885E-13
2.92573E-07 1.24472E-13
2.92727E-07 3.65797E-13
2.92881E-07 2.91469E-13
2.93035E-07 -3.47668E-14
2.93189E-07 -3.31471E-13
2.93343E-07 -3.42327E-13
2.93497E-07 -5.75833E-14
2.93651E-07 2.77213E-13
2.93805E-07 3.73014E-13
2.93959E-07 1.46889E-13
2.94113E-07 -2.06132E-13
2.94267E-07 -3.81249E-13
2.94421E-07 -2.27055E-13
2.94575E-07 1.23562E-13
2.94730E-07 3.67965E-13
2.94884E-07 2.95023E-13
2.95038E-07 -3.24942E-14
2.95192E-07 -3.31966E-13
2.95346E-07 -3.44879E-13
2.95500E-07 -6.00771E-14
2.95654E-07 2.76530E-13
2.95808E-07 3.74258E-13
2.95962E-07 1.48673E-13
2.96116E-07 -2.05455E-13
2.96270E-07 -3.82311E-13
2.96424E-07 -2.29123E-13
2.96578E-07 1.21890E-13
2.96732E-07 3.67669E-13
2.96886E-07 2.96004E-13
2.97041E-07 -3.12239E-14
2.97195E-07 -3.31489E-13
2.97349E-07 -3.45565E-13
2.97503E-07 -6.13145E-14
2.97657E-07 2.75887E-13
2.97811E-07 3.75043E-13
2.97965E-07 1.50716E-13
2.98119E-07 -2.03337E-13
2.98273E-07 -3.81559E-13
2.98427E-07 -2.30366E-13
2.98581E-07 1.19434E-13
2.98735E-07 3.65773E-13
2.98889E-07 2.96161E-13
2.99043E-07 -2.90212E-14
2.99197E-07 -3.28901E-13
2.99352E-07 -3.44721E-13
2.99506E-07 -6.31102E-14
2.99660E-07 2.72650E-13
2.99814E-07 3.72841E-13
2.99968E-07 1.51346E-13
3.00122E-07 -2.00316E-13
3.00276E-07 -3.78596E-13
3.00430E-07 -2.29969E-13
3.00584E-07 1.16831E-13
3.00738E-07 3.62304E-13
3.00892E-07 2.94840E-13
3.01046E-07 -2.68582E-14
3.01200E-07 -3.24851E-13
3.01354E-07 -3.42115E-13
3.01508E-07 -6.42472E-14
3.01663E-07 2.68525E-13
3.01817E-07 3.69035E-13
3.01971E-07 1.51003E-13
3.02125E-07 -1.96885E-13
3.02279E-07 -3.74260E-13
3.02433E-07 -2.28401E-13
3.02587E-07 1.14278E-13
3.02741E-07 3.57806E-13
3.02895E-07 2.92292E-13
3.03049E-07 -2.51781E-14
3.03203E-07 -3.20311E-13
3.03357E-07 -3.38636E-13
3.03511E-07 -6.49566E-14
3.03665E-07 2.64050E-13
3.03819E-07 3.64514E-13
3.03974E-07 1.50311E-13
3.04128E-07 -1.93102E-13
3.04282E-07 -3.69272E-13
3.04436E-07 -2.26690E-13
3.04590E-07 1.10885E-13
3.04744E-07 3.51844E-13
3.04898E-07 2.88651E-13
3.05052E-07 -2.33812E-14
3.05206E-07 -3.14475E-13
3.05360E-07 -3.33627E-13
3.05514E-07 -6.50493E-14
3.05668E-07 2.58840E-13
3.05822E-07 3.58542E-13
3.05976E-07 1.48662E-13
3.06130E-07 -1.88971E-13
3.06285E-07 -3.62863E-13
3.06439E-07 -2.23544E-13
3.06593E-07 1.07960E-13
3.06747E-07 3.45306E-13
3.06901E-07 2.84257E-13
3.07055E-07 -2.14804E-14
3.07209E-07 -3.07419E-13
3.07363E-07 -3.27069E-13
3.07517E-07 -6.44306E-14
3.07671E-07 2.53016E-13
3.07825E-07 3.51335E-13
3.07979E-07 1.46536E-13
