0.00000E+00 0.00000E+00
1.54067E-10 0.00000E+00
3.08133E-10 0.00000E+00
4.62200E-10 3.43848E-113
6.16267E-10 1.09976E-110
7.70333E-10 2.67041E-107
9.24400E-10 5.80672E-104
1.07847E-09 1.11248E-100
1.23253E-09 1.87890E-97
1.38660E-09 2.79875E-94
1.54067E-09 3.67830E-91
1.69473E-09 4.26674E-88
1.84880E-09 4.36954E-85
2.00287E-09 3.95161E-82
2.15693E-09 3.15649E-79
2.31100E-09 2.22746E-76
2.46507E-09 1.38887E-73
2.61913E-09 7.65297E-71
2.77320E-09 3.72710E-68
2.92727E-09 1.60450E-65
3.08133E-09 6.10643E-63
3.23540E-09 2.05476E-60
3.38947E-09 6.11367E-58
3.54353E-09 1.60863E-55
3.69760E-09 3.74336E-53
3.85167E-09 7.70476E-51
4.00573E-09 1.40278E-48
4.15980E-09 2.25938E-46
4.31387E-09 3.21959E-44
4.46793E-09 4.05941E-42
4.62200E-09 4.52920E-40
4.77607E-09 4.47218E-38
4.93013E-09 3.90845E-36
5.08420E-09 3.02363E-34
5.23827E-09 2.07083E-32
5.39233E-09 1.25578E-30
5.54640E-09 6.74374E-29
5.70047E-09 3.20757E-27
5.85453E-09 1.35150E-25
6.00860E-09 5.04559E-24
6.16267E-09 1.66938E-22
6.31673E-09 4.89610E-21
6.47080E-09 1.27326E-19
6.62487E-09 2.93687E-18
6.77893E-09 6.01031E-17
6.93300E-09 1.09173E-15
7.08707E-09 1.76082E-14
7.24113E-09 2.52286E-13
7.39520E-09 3.21268E-12
7.54927E-09 3.63810E-11
7.70333E-09 3.66588E-10
7.85740E-09 3.28900E-09
8.01147E-09 2.62932E-08
8.16553E-09 1.87436E-07
8.31960E-09 1.19248E-06
8.47367E-09 6.77667E-06
8.62773E-09 3.44311E-05
8.78180E-09 1.56552E-04
8.93587E-09 6.37593E-04
9.08993E-09 2.32806E-03
9.24400E-09 7.62702E-03
9.39807E-09 2.24333E-02
9.55213E-09 5.92591E-02
9.70620E-09 1.40567E-01
9.86027E-09 2.99164E-01
1.00143E-08 5.70145E-01
1.01684E-08 9.69339E-01
1.03225E-08 1.46023E+00
1.04765E-08 1.92498E+00
1.06306E-08 2.16781E+00
1.07847E-08 1.97551E+00
1.09387E-08 1.23040E+00
1.10928E-08 2.42477E-02
1.12469E-08 -1.30901E+00
1.14009E-08 -2.30153E+00
1.15550E-08 -2.57878E+00
1.17091E-08 -2.08642E+00
1.18631E-08 -1.16114E+00
1.20172E-08 -3.62796E-01
1.21713E-08 -1.40171E-01
1.23253E-08 -5.36811E-01
1.24794E-08 -1.14732E+00
1.26335E-08 -1.38204E+00
1.27875E-08 -8.81179E-01
1.29416E-08 2.05549E-01
1.30957E-08 1.28456E+00
1.32497E-08 1.70514E+00
1.34038E-08 1.20787E+00
1.35579E-08 1.16886E-01
1.37119E-08 -8.69842E-01
1.38660E-08 -1.15165E+00
1.40201E-08 -6.26045E-01
1.41741E-08 2.64538E-01
1.43282E-08 8.67516E-01
1.44823E-08 7.87787E-01
1.46363E-08 1.48280E-01
1.47904E-08 -5.35854E-01
1.49445E-08 -7.59514E-01
1.50985E-08 -3.97229E-01
1.52526E-08 2.31300E-01
1.54067E-08 6.31473E-01
1.55607E-08 5.18092E-01
1.57148E-08 1.69948E-02
1.58689E-08 -4.58590E-01
1.60229E-08 -5.43819E-01
1.61770E-08 -2.00194E-01
1.63311E-08 2.75430E-01
1.64851E-08 5.02614E-01
1.66392E-08 3.19438E-01
1.67933E-08 -1.03771E-01
1.69473E-08 -4.17958E-01
1.71014E-08 -3.81003E-01
1.72555E-08 -4.31774E-02
1.74095E-08 3.09050E-01
1.75636E-08 3.93792E-01
1.77177E-08 1.58241E-01
1.78717E-08 -1.91246E-01
1.80258E-08 -3.67868E-01
1.81799E-08 -2.38629E-01
1.83339E-08 7.64603E-02
1.84880E-08 3.13541E-01
1.86421E-08 2.84773E-01
1.87961E-08 2.64941E-02
1.89502E-08 -2.40735E-01
1.91043E-08 -2.99437E-01
1.92583E-08 -1.11587E-01
1.94124E-08 1.58544E-01
1.95665E-08 2.87012E-01
1.97205E-08 1.75253E-01
1.98746E-08 -7.49140E-02
2.00287E-08 -2.52912E-01
2.01827E-08 -2.16071E-01
2.03368E-08 -3.56067E-03
2.04909E-08 2.03071E-01
2.06449E-08 2.34427E-01
2.07990E-08 7.17614E-02
2.09531E-08 -1.43503E-01
2.11071E-08 -2.32169E-01
2.12612E-08 -1.26081E-01
2.14153E-08 7.99445E-02
2.15693E-08 2.12257E-01
2.17234E-08 1.64389E-01
2.18775E-08 -1.75579E-02
2.20315E-08 -1.78415E-01
2.21856E-08 -1.85944E-01
2.23397E-08 -3.93186E-02
2.24937E-08 1.34716E-01
2.26478E-08 1.91026E-01
2.28019E-08 8.67965E-02
2.29559E-08 -8.65022E-02
2.31100E-08 -1.83502E-01
2.32641E-08 -1.27495E-01
2.34181E-08 2.76813E-02
2.35722E-08 1.45771E-01
2.37263E-08 1.22850E-01
2.38803E-08 -2.85030E-02
2.40344E-08 -1.94283E-01
2.41885E-08 -2.57301E-01
2.43425E-08 -1.93636E-01
2.44966E-08 -8.61630E-02
2.46507E-08 -4.55397E-02
2.48047E-08 -1.06993E-01
2.49588E-08 -1.90863E-01
2.51129E-08 -1.61220E-01
2.52669E-08 6.39409E-02
2.54210E-08 4.38471E-01
2.55751E-08 8.06729E-01
2.57291E-08 9.97792E-01
2.58832E-08 9.22340E-01
2.60373E-08 6.05843E-01
2.61913E-08 1.49530E-01
2.63454E-08 -3.32988E-01
2.64995E-08 -7.48543E-01
2.66535E-08 -1.01524E+00
2.68076E-08 -1.04932E+00
2.69617E-08 -7.91992E-01
2.71157E-08 -2.74314E-01
2.72698E-08 3.37259E-01
2.74239E-08 7.80557E-01
2.75779E-08 8.30592E-01
2.77320E-08 4.50460E-01
2.78861E-08 -1.52693E-01
2.80401E-08 -6.29504E-01
2.81942E-08 -7.00096E-01
2.83483E-08 -3.37734E-01
2.85023E-08 2.08183E-01
2.86564E-08 5.76147E-01
2.88105E-08 5.35827E-01
2.89645E-08 1.41104E-01
2.91186E-08 -3.15977E-01
2.92727E-08 -5.16841E-01
2.94267E-08 -3.40443E-01
2.95808E-08 6.10765E-02
2.97349E-08 3.85365E-01
2.98889E-08 4.05491E-01
3.00430E-08 1.29810E-01
3.01971E-08 -2.18281E-01
3.03511E-08 -3.77537E-01
3.05052E-08 -2.44197E-01
3.06593E-08 6.08411E-02
3.08133E-08 2.96595E-01
3.09674E-08 2.90627E-01
3.11215E-08 6.48091E-02
3.12755E-08 -1.93614E-01
3.14296E-08 -2.85084E-01
3.15837E-08 -1.51066E-01
3.17377E-08 8.98881E-02
3.18918E-08 2.44491E-01
3.20459E-08 1.98719E-01
3.21999E-08 1.34342E-03
3.23540E-08 -1.83910E-01
3.25081E-08 -2.12982E-01
3.26621E-08 -7.29653E-02
3.28162E-08 1.15539E-01
3.29703E-08 2.01033E-01
3.31243E-08 1.22272E-01
3.32784E-08 -4.85599E-02
3.34325E-08 -1.70536E-01
3.35865E-08 -1.49593E-01
3.37406E-08 -1.06506E-02
3.38947E-08 1.28758E-01
3.40487E-08 1.57233E-01
3.42028E-08 5.81526E-02
3.43569E-08 -8.20756E-02
3.45109E-08 -1.48663E-01
3.46650E-08 -9.20269E-02
3.48191E-08 3.57266E-02
3.49731E-08 1.27908E-01
3.51272E-08 1.11959E-01
3.52813E-08 6.28574E-03
3.54353E-08 -9.90943E-02
3.55894E-08 -1.18847E-01
3.57435E-08 -4.11788E-02
3.58975E-08 6.61169E-02
3.60516E-08 1.14434E-01
3.62057E-08 6.72881E-02
3.63597E-08 -3.24371E-02
3.65138E-08 -1.01031E-01
3.66679E-08 -8.39921E-02
3.68219E-08 8.60941E-04
3.69760E-08 8.11506E-02
3.71301E-08 9.14539E-02
3.72841E-08 2.64653E-02
3.74382E-08 -5.72692E-02
3.75923E-08 -9.02921E-02
3.77463E-08 -4.76866E-02
3.79004E-08 3.23577E-02
3.80545E-08 8.24796E-02
3.82085E-08 6.26227E-02
3.83626E-08 -8.18628E-03
3.85167E-08 -6.98420E-02
3.86707E-08 -7.21672E-02
3.88248E-08 -1.56917E-02
3.89789E-08 5.09083E-02
3.91329E-08 7.28678E-02
3.92870E-08 3.46647E-02
3.94411E-08 -2.89012E-02
3.95951E-08 -6.37103E-02
3.97492E-08 -4.21535E-02
3.99033E-08 1.47701E-02
4.00573E-08 5.66763E-02
4.02114E-08 4.70785E-02
4.03655E-08 -5.98877E-03
4.05195E-08 -5.72064E-02
4.06736E-08 -6.22515E-02
4.08277E-08 -1.48161E-02
4.09817E-08 4.81206E-02
4.11358E-08 7.64688E-02
4.12899E-08 4.73654E-02
4.14439E-08 -1.70910E-02
4.15980E-08 -6.81486E-02
4.17521E-08 -6.88506E-02
4.19061E-08 -2.14877E-02
4.20602E-08 3.66616E-02
4.22143E-08 6.38016E-02
4.23683E-08 4.47546E-02
4.25224E-08 -1.07195E-03
4.26765E-08 -3.83891E-02
4.28305E-08 -4.38470E-02
4.29846E-08 -2.05677E-02
4.31387E-08 9.50847E-03
4.32927E-08 2.55919E-02
4.34468E-08 2.24244E-02
4.36009E-08 9.07488E-03
4.37549E-08 -2.94416E-03
4.39090E-08 -9.29942E-03
4.40631E-08 -1.22326E-02
4.42171E-08 -1.33377E-02
4.43712E-08 -9.60465E-03
4.45253E-08 2.19440E-03
4.46793E-08 1.80038E-02
4.48334E-08 2.57703E-02
4.49875E-08 1.50548E-02
4.51415E-08 -1.09639E-02
4.52956E-08 -3.37951E-02
4.54497E-08 -3.29517E-02
4.56037E-08 -4.54773E-03
4.57578E-08 3.17658E-02
4.59119E-08 4.62639E-02
4.60659E-08 2.38971E-02
4.62200E-08 -2.05668E-02
4.63741E-08 -5.18542E-02
4.65281E-08 -4.24949E-02
4.66822E-08 2.85109E-03
4.68363E-08 4.86951E-02
4.69903E-08 5.66655E-02
4.71444E-08 1.79364E-02
4.72985E-08 -3.74882E-02
4.74525E-08 -6.40400E-02
4.76066E-08 -3.83246E-02
4.77607E-08 2.01366E-02
4.79147E-08 6.36162E-02
4.80688E-08 5.53383E-02
4.82229E-08 7.91695E-04
4.83769E-08 -5.56110E-02
4.85310E-08 -6.68011E-02
4.86851E-08 -2.25318E-02
4.88391E-08 4.12020E-02
4.89932E-08 7.14612E-02
4.91473E-08 4.24936E-02
4.93013E-08 -2.22231E-02
4.94554E-08 -6.89828E-02
4.96095E-08 -5.85280E-02
4.97635E-08 8.58884E-04
4.99176E-08 5.98461E-02
5.00717E-08 6.90921E-02
5.02257E-08 2.06341E-02
5.03798E-08 -4.51856E-02
5.05339E-08 -7.33252E-02
5.06879E-08 -4.01615E-02
5.08420E-08 2.65967E-02
5.09961E-08 7.10484E-02
5.11501E-08 5.59705E-02
5.13042E-08 -5.93474E-03
5.14583E-08 -6.27069E-02
5.16123E-08 -6.67738E-02
5.17664E-08 -1.48800E-02
5.19205E-08 4.92689E-02
5.20745E-08 7.18249E-02
5.22286E-08 3.40483E-02
5.23827E-08 -3.20788E-02
5.25367E-08 -7.09209E-02
5.26908E-08 -5.00319E-02
5.28449E-08 1.26984E-02
5.29989E-08 6.43431E-02
5.31530E-08 6.16153E-02
5.33071E-08 7.19187E-03
5.34611E-08 -5.28304E-02
5.36152E-08 -6.79819E-02
5.37693E-08 -2.58919E-02
5.39233E-08 3.75826E-02
5.40774E-08 6.88803E-02
5.42315E-08 4.19412E-02
5.43855E-08 -2.00709E-02
5.45396E-08 -6.46497E-02
5.46937E-08 -5.43851E-02
5.48477E-08 1.64947E-03
5.50018E-08 5.58976E-02
5.51559E-08 6.26668E-02
5.53099E-08 1.65895E-02
5.54640E-08 -4.31732E-02
5.56181E-08 -6.62439E-02
5.57721E-08 -3.34993E-02
5.59262E-08 2.71203E-02
5.60803E-08 6.45180E-02
5.62343E-08 4.75757E-02
5.63884E-08 -8.94115E-03
5.65425E-08 -5.72926E-02
5.66965E-08 -5.71915E-02
5.68506E-08 -9.45591E-03
5.70047E-08 4.52825E-02
5.71587E-08 6.12375E-02
5.73128E-08 2.58908E-02
5.74669E-08 -3.01445E-02
5.76209E-08 -5.96208E-02
5.77750E-08 -3.85988E-02
5.79291E-08 1.39991E-02
5.80831E-08 5.32733E-02
5.82372E-08 4.67058E-02
5.83913E-08 1.20418E-03
5.85453E-08 -4.37483E-02
5.86994E-08 -5.02865E-02
5.88535E-08 -1.41355E-02
5.90075E-08 3.26943E-02
5.91616E-08 5.00942E-02
5.93157E-08 2.42138E-02
5.94697E-08 -2.14507E-02
5.96238E-08 -4.71701E-02
5.97779E-08 -3.14770E-02
5.99319E-08 1.08647E-02
6.00860E-08 4.25052E-02
6.02401E-08 3.63285E-02
6.03941E-08 -1.30675E-03
6.05482E-08 -3.68383E-02
6.07023E-08 -3.92803E-02
6.08563E-08 -7.19480E-03
6.10104E-08 3.05970E-02
6.11645E-08 4.07655E-02
6.13185E-08 1.47801E-02
6.14726E-08 -2.39426E-02
6.16267E-08 -4.10416E-02
6.17807E-08 -2.16031E-02
6.19348E-08 1.68719E-02
6.20889E-08 4.01776E-02
6.22429E-08 2.77266E-02
6.23970E-08 -9.33162E-03
6.25511E-08 -3.80985E-02
6.27051E-08 -3.30741E-02
6.28592E-08 1.31636E-03
6.30133E-08 3.46613E-02
6.31673E-08 3.74329E-02
6.33214E-08 7.06541E-03
6.34755E-08 -2.97375E-02
6.36295E-08 -4.04942E-02
6.37836E-08 -1.55637E-02
6.39377E-08 2.32849E-02
6.40917E-08 4.19151E-02
6.42458E-08 2.37944E-02
6.43999E-08 -1.53984E-02
6.45539E-08 -4.13871E-02
6.47080E-08 -3.12743E-02
6.48621E-08 6.33321E-03
6.50161E-08 3.86997E-02
6.51702E-08 3.74753E-02
6.53243E-08 3.49783E-03
6.54783E-08 -3.37900E-02
6.56324E-08 -4.18870E-02
6.57865E-08 -1.35512E-02
6.59405E-08 2.67720E-02
6.60946E-08 4.40785E-02
6.62487E-08 2.31972E-02
6.64027E-08 -1.79447E-02
6.65568E-08 -4.37531E-02
6.67109E-08 -3.17784E-02
6.68649E-08 7.77617E-03
6.70190E-08 4.07841E-02
6.71731E-08 3.86637E-02
6.73271E-08 3.11922E-03
6.74812E-08 -3.52532E-02
6.76353E-08 -4.33328E-02
6.77893E-08 -1.40679E-02
6.79434E-08 2.73892E-02
6.80975E-08 4.53233E-02
6.82515E-08 2.42278E-02
6.84056E-08 -1.78147E-02
6.85597E-08 -4.46776E-02
6.87137E-08 -3.32793E-02
6.88678E-08 6.54757E-03
6.90219E-08 4.04963E-02
6.91759E-08 3.92642E-02
6.93300E-08 3.71197E-03
6.94841E-08 -3.59125E-02
6.96381E-08 -4.59939E-02
6.97922E-08 -1.84440E-02
6.99463E-08 2.23313E-02
7.01003E-08 4.03304E-02
7.02544E-08 1.87431E-02
7.04085E-08 -2.57921E-02
7.05625E-08 -5.76470E-02
7.07166E-08 -5.29292E-02
7.08707E-08 -2.01177E-02
7.10247E-08 7.02819E-03
7.11788E-08 -1.86443E-03
7.13329E-08 -4.81315E-02
7.14869E-08 -1.03361E-01
7.16410E-08 -1.34125E-01
7.17951E-08 -1.30884E-01
7.19491E-08 -1.16322E-01
7.21032E-08 -1.26029E-01
7.22573E-08 -1.78115E-01
7.24113E-08 -2.57718E-01
7.25654E-08 -3.29483E-01
7.27195E-08 -3.67150E-01
7.28735E-08 -3.74824E-01
7.30276E-08 -3.81765E-01
7.31817E-08 -4.15267E-01
7.33357E-08 -4.74929E-01
7.34898E-08 -5.30324E-01
7.36439E-08 -5.43991E-01
7.37979E-08 -5.00115E-01
7.39520E-08 -4.14565E-01
7.41061E-08 -3.18156E-01
7.42601E-08 -2.27977E-01
7.44142E-08 -1.31788E-01
7.45683E-08 8.71926E-04
7.47223E-08 1.90199E-01
7.48764E-08 4.24506E-01
7.50305E-08 6.63799E-01
7.51845E-08 8.65354E-01
7.53386E-08 1.00949E+00
7.54927E-08 1.10399E+00
7.56467E-08 1.16433E+00
7.58008E-08 1.18796E+00
7.59549E-08 1.14602E+00
7.61089E-08 1.00070E+00
7.62630E-08 7.34266E-01
7.64171E-08 3.65593E-01
7.65711E-08 -5.97579E-02
7.67252E-08 -4.97264E-01
7.68793E-08 -9.25934E-01
7.70333E-08 -1.34786E+00
7.71874E-08 -1.76771E+00
7.73415E-08 -2.17297E+00
7.74955E-08 -2.53502E+00
7.76496E-08 -2.83274E+00
7.78037E-08 -3.08019E+00
7.79577E-08 -3.33502E+00
7.81118E-08 -3.68014E+00
7.82659E-08 -4.19218E+00
7.84199E-08 -4.92054E+00
7.85740E-08 -5.88957E+00
7.87281E-08 -7.11539E+00
7.88821E-08 -8.61605E+00
7.90362E-08 -1.04000E+01
7.91903E-08 -1.24390E+01
7.93443E-08 -1.46460E+01
7.94984E-08 -1.68795E+01
7.96525E-08 -1.89723E+01
7.98065E-08 -2.07665E+01
7.99606E-08 -2.21328E+01
8.01147E-08 -2.29668E+01
8.02687E-08 -2.31760E+01
8.04228E-08 -2.26776E+01
8.05769E-08 -2.14161E+01
8.07309E-08 -1.93908E+01
8.08850E-08 -1.66702E+01
8.10391E-08 -1.33814E+01
8.11931E-08 -9.68265E+00
8.13472E-08 -5.73891E+00
8.15013E-08 -1.71792E+00
8.16553E-08 2.19491E+00
8.18094E-08 5.78252E+00
8.19635E-08 8.80301E+00
8.21175E-08 1.10215E+01
8.22716E-08 1.22520E+01
8.24257E-08 1.23889E+01
8.25797E-08 1.14169E+01
8.27338E-08 9.40857E+00
8.28879E-08 6.52355E+00
8.30419E-08 3.01647E+00
8.31960E-08 -7.58005E-01
8.33501E-08 -4.36387E+00
8.35041E-08 -7.33856E+00
8.36582E-08 -9.27489E+00
8.38123E-08 -9.90283E+00
8.39663E-08 -9.14301E+00
8.41204E-08 -7.11903E+00
8.42745E-08 -4.13541E+00
8.44285E-08 -6.35803E-01
8.45826E-08 2.85016E+00
8.47367E-08 5.77402E+00
8.48907E-08 7.65386E+00
8.50448E-08 8.16968E+00
8.51989E-08 7.24310E+00
8.53529E-08 5.06968E+00
8.55070E-08 2.08470E+00
8.56611E-08 -1.13021E+00
8.58151E-08 -3.96987E+00
8.59692E-08 -5.92236E+00
8.61233E-08 -6.65619E+00
8.62773E-08 -6.07095E+00
8.64314E-08 -4.31310E+00
8.65855E-08 -1.75598E+00
8.67395E-08 1.06191E+00
8.68936E-08 3.54189E+00
8.70477E-08 5.15801E+00
8.72017E-08 5.58331E+00
8.73558E-08 4.76863E+00
8.75099E-08 2.94750E+00
8.76639E-08 5.68234E-01
8.78180E-08 -1.81994E+00
8.79721E-08 -3.69140E+00
8.81261E-08 -4.65134E+00
8.82802E-08 -4.51183E+00
8.84343E-08 -3.33047E+00
8.85883E-08 -1.40501E+00
8.87424E-08 7.84522E-01
8.88965E-08 2.68572E+00
8.90505E-08 3.81583E+00
8.92046E-08 3.89573E+00
8.93587E-08 2.93012E+00
8.95127E-08 1.20452E+00
8.96668E-08 -7.99449E-01
8.98209E-08 -2.53978E+00
8.99749E-08 -3.55743E+00
9.01290E-08 -3.58993E+00
9.02831E-08 -2.63340E+00
9.04371E-08 -9.44312E-01
9.05912E-08 1.01955E+00
9.07453E-08 2.71281E+00
9.08993E-08 3.65133E+00
9.10534E-08 3.55903E+00
9.12075E-08 2.46358E+00
9.13615E-08 6.99841E-01
9.15156E-08 -1.19027E+00
9.16697E-08 -2.63125E+00
9.18237E-08 -3.19995E+00
9.19778E-08 -2.75768E+00
9.21319E-08 -1.48571E+00
9.22859E-08 1.81680E-01
9.24400E-08 1.69881E+00
9.25941E-08 2.57889E+00
9.27481E-08 2.54458E+00
9.29022E-08 1.61750E+00
9.30563E-08 1.18710E-01
9.32103E-08 -1.42779E+00
9.33644E-08 -2.46775E+00
9.35185E-08 -2.61347E+00
9.36725E-08 -1.79345E+00
9.38266E-08 -2.91229E-01
9.39807E-08 1.35080E+00
9.41347E-08 2.53099E+00
9.42888E-08 2.81407E+00
9.44429E-08 2.09308E+00
9.45969E-08 6.25554E-01
9.47510E-08 -1.06523E+00
9.49051E-08 -2.38165E+00
9.50591E-08 -2.86353E+00
9.52132E-08 -2.34726E+00
9.53673E-08 -1.02132E+00
9.55213E-08 6.39139E-01
9.56754E-08 2.03871E+00
9.58295E-08 2.67627E+00
9.59835E-08 2.33291E+00
9.61376E-08 1.15975E+00
9.62917E-08 -3.76450E-01
9.64457E-08 -1.67674E+00
9.65998E-08 -2.25120E+00
9.67539E-08 -1.91616E+00
9.69079E-08 -8.61270E-01
9.70620E-08 4.42031E-01
9.72161E-08 1.44723E+00
9.73701E-08 1.76174E+00
9.75242E-08 1.30028E+00
9.76783E-08 3.03852E-01
9.78323E-08 -7.74714E-01
9.79864E-08 -1.46496E+00
9.81405E-08 -1.47275E+00
9.82945E-08 -7.99078E-01
9.84486E-08 2.60883E-01
9.86027E-08 1.23936E+00
9.87567E-08 1.69299E+00
9.89108E-08 1.39717E+00
9.90649E-08 4.54162E-01
9.92189E-08 -7.39286E-01
9.93730E-08 -1.65922E+00
9.95271E-08 -1.88763E+00
9.96811E-08 -1.30539E+00
9.98352E-08 -1.52440E-01
9.99893E-08 1.07621E+00
1.00143E-07 1.85164E+00
1.00297E-07 1.84585E+00
1.00451E-07 1.07255E+00
1.00606E-07 -1.26727E-01
1.00760E-07 -1.23869E+00
1.00914E-07 -1.80188E+00
1.01068E-07 -1.59947E+00
1.01222E-07 -7.42169E-01
1.01376E-07 3.87965E-01
1.01530E-07 1.30495E+00
1.01684E-07 1.62655E+00
1.01838E-07 1.23597E+00
1.01992E-07 3.28864E-01
1.02146E-07 -6.76189E-01
1.02300E-07 -1.32750E+00
1.02454E-07 -1.34613E+00
1.02608E-07 -7.52016E-01
1.02762E-07 1.51133E-01
1.02917E-07 9.26694E-01
1.03071E-07 1.21767E+00
1.03225E-07 9.15262E-01
1.03379E-07 2.00340E-01
1.03533E-07 -5.58736E-01
1.03687E-07 -9.95145E-01
1.03841E-07 -9.21116E-01
1.03995E-07 -4.07184E-01
1.04149E-07 2.68872E-01
1.04303E-07 7.69200E-01
1.04457E-07 8.61587E-01
1.04611E-07 5.24086E-01
1.04765E-07 -5.59913E-02
1.04919E-07 -5.81594E-01
1.05073E-07 -7.93049E-01
1.05228E-07 -5.93047E-01
1.05382E-07 -9.16940E-02
1.05536E-07 4.49472E-01
1.05690E-07 7.48827E-01
1.05844E-07 6.48533E-01
1.05998E-07 1.98648E-01
1.06152E-07 -3.64628E-01
1.06306E-07 -7.39977E-01
1.06460E-07 -7.21001E-01
1.06614E-07 -3.10064E-01
1.06768E-07 2.78175E-01
1.06922E-07 7.29092E-01
1.07076E-07 7.97256E-01
1.07230E-07 4.40142E-01
1.07384E-07 -1.57381E-01
1.07539E-07 -6.81282E-01
1.07693E-07 -8.55250E-01
1.07847E-07 -5.85820E-01
1.08001E-07 -9.41032E-03
1.08155E-07 5.80526E-01
1.08309E-07 8.84896E-01
1.08463E-07 7.49549E-01
1.08617E-07 2.40149E-01
1.08771E-07 -3.92734E-01
1.08925E-07 -8.38044E-01
1.09079E-07 -8.76425E-01
1.09233E-07 -4.87220E-01
1.09387E-07 1.40479E-01
1.09541E-07 6.98702E-01
1.09695E-07 9.11168E-01
1.09850E-07 6.71266E-01
1.10004E-07 9.82593E-02
1.10158E-07 -5.19692E-01
1.10312E-07 -8.70520E-01
1.10466E-07 -7.78553E-01
1.10620E-07 -2.95917E-01
1.10774E-07 3.25224E-01
1.10928E-07 7.66234E-01
1.11082E-07 8.09598E-01
1.11236E-07 4.49546E-01
1.11390E-07 -1.13066E-01
1.11544E-07 -5.85078E-01
1.11698E-07 -7.38023E-01
1.11852E-07 -5.21099E-01
1.12006E-07 -7.30389E-02
1.12161E-07 3.64984E-01
1.12315E-07 5.80534E-01
1.12469E-07 4.92813E-01
1.12623E-07 1.78192E-01
1.12777E-07 -1.84919E-01
1.12931E-07 -4.14473E-01
1.13085E-07 -4.13340E-01
1.13239E-07 -2.07151E-01
1.13393E-07 8.04282E-02
1.13547E-07 2.97017E-01
1.13701E-07 3.39176E-01
1.13855E-07 2.00920E-01
1.14009E-07 -2.93920E-02
1.14163E-07 -2.20987E-01
1.14317E-07 -2.73684E-01
1.14472E-07 -1.72001E-01
1.14626E-07 1.04959E-02
1.14780E-07 1.59398E-01
1.14934E-07 1.91013E-01
1.15088E-07 1.02451E-01
1.15242E-07 -3.18313E-02
1.15396E-07 -1.14249E-01
1.15550E-07 -9.20453E-02
1.15704E-07 7.76986E-03
1.15858E-07 1.00509E-01
1.16012E-07 1.06961E-01
1.16166E-07 1.25636E-02
1.16320E-07 -1.19715E-01
1.16474E-07 -1.92276E-01
1.16628E-07 -1.41682E-01
1.16783E-07 1.45732E-02
1.16937E-07 1.85670E-01
1.17091E-07 2.64332E-01
1.17245E-07 1.95148E-01
1.17399E-07 1.02530E-02
1.17553E-07 -1.89033E-01
1.17707E-07 -2.91460E-01
1.17861E-07 -2.39254E-01
1.18015E-07 -5.94071E-02
1.18169E-07 1.52389E-01
1.18323E-07 2.83739E-01
1.18477E-07 2.64719E-01
1.18631E-07 1.04266E-01
1.18785E-07 -1.13597E-01
1.18939E-07 -2.72001E-01
1.19094E-07 -2.82181E-01
1.19248E-07 -1.33155E-01
1.19402E-07 9.71928E-02
1.19556E-07 2.79849E-01
1.19710E-07 3.05412E-01
1.19864E-07 1.50146E-01
1.20018E-07 -1.03109E-01
1.20172E-07 -3.07148E-01
1.20326E-07 -3.35925E-01
1.20480E-07 -1.63448E-01
1.20634E-07 1.14579E-01
1.20788E-07 3.34144E-01
1.20942E-07 3.61547E-01
1.21096E-07 1.76471E-01
1.21250E-07 -1.13656E-01
1.21405E-07 -3.38263E-01
1.21559E-07 -3.66980E-01
1.21713E-07 -1.87027E-01
1.21867E-07 9.25191E-02
1.22021E-07 3.09563E-01
1.22175E-07 3.45735E-01
1.22329E-07 1.91572E-01
1.22483E-07 -5.58770E-02
1.22637E-07 -2.55714E-01
1.22791E-07 -3.04508E-01
1.22945E-07 -1.88791E-01
1.23099E-07 1.65285E-02
1.23253E-07 1.96260E-01
1.23407E-07 2.58563E-01
1.23561E-07 1.79961E-01
1.23716E-07 1.17013E-02
1.23870E-07 -1.51566E-01
1.24024E-07 -2.22723E-01
1.24178E-07 -1.67208E-01
1.24332E-07 -2.02110E-02
1.24486E-07 1.32883E-01
1.24640E-07 2.03792E-01
1.24794E-07 1.51818E-01
1.24948E-07 8.78883E-03
1.25102E-07 -1.38165E-01
1.25256E-07 -1.98410E-01
1.25410E-07 -1.34046E-01
1.25564E-07 1.49990E-02
1.25718E-07 1.54822E-01
1.25872E-07 1.96818E-01
1.26027E-07 1.14588E-01
1.26181E-07 -3.90827E-02
1.26335E-07 -1.66736E-01
1.26489E-07 -1.89367E-01
1.26643E-07 -9.61777E-02
1.26797E-07 5.13070E-02
1.26951E-07 1.61545E-01
1.27105E-07 1.71656E-01
1.27259E-07 8.35217E-02
1.27413E-07 -4.36974E-02
1.27567E-07 -1.35177E-01
1.27721E-07 -1.45807E-01
1.27875E-07 -8.08724E-02
1.28029E-07 1.59885E-02
1.28183E-07 9.34395E-02
1.28338E-07 1.19396E-01
1.28492E-07 9.04723E-02
1.28646E-07 2.53708E-02
1.28800E-07 -4.73392E-02
1.28954E-07 -9.89432E-02
1.29108E-07 -1.07481E-01
1.29262E-07 -6.52477E-02
1.29416E-07 1.38062E-02
1.29570E-07 9.38805E-02
1.29724E-07 1.31199E-01
1.29878E-07 9.90070E-02
1.30032E-07 8.72412E-03
1.30186E-07 -9.02538E-02
1.30340E-07 -1.37303E-01
1.30494E-07 -9.93543E-02
1.30649E-07 4.60797E-03
1.30803E-07 1.12482E-01
1.30957E-07 1.57931E-01
1.31111E-07 1.13759E-01
1.31265E-07 9.97513E-03
1.31419E-07 -8.60653E-02
1.31573E-07 -1.13695E-01
1.31727E-07 -5.71366E-02
1.31881E-07 4.68797E-02
1.32035E-07 1.34962E-01
1.32189E-07 1.57223E-01
1.32343E-07 1.05574E-01
1.32497E-07 1.46761E-02
1.32651E-07 -6.13124E-02
1.32805E-07 -7.98826E-02
1.32960E-07 -3.19190E-02
1.33114E-07 5.50081E-02
1.33268E-07 1.31012E-01
1.33422E-07 1.48711E-01
1.33576E-07 8.83215E-02
1.33730E-07 -2.81909E-02
1.33884E-07 -1.43366E-01
1.34038E-07 -1.92730E-01
1.34192E-07 -1.44098E-01
1.34346E-07 -2.46898E-02
1.34500E-07 8.59916E-02
1.34654E-07 1.01146E-01
1.34808E-07 -1.40324E-02
1.34962E-07 -2.08707E-01
1.35116E-07 -3.67854E-01
1.35271E-07 -3.82874E-01
1.35425E-07 -2.27864E-01
1.35579E-07 1.28473E-02
1.35733E-07 1.91882E-01
1.35887E-07 1.95260E-01
1.36041E-07 2.41358E-02
1.36195E-07 -1.97522E-01
1.36349E-07 -3.00391E-01
1.36503E-07 -1.83683E-01
1.36657E-07 1.11792E-01
1.36811E-07 4.23739E-01
1.36965E-07 5.71220E-01
1.37119E-07 4.72566E-01
1.37273E-07 1.99260E-01
1.37427E-07 -7.05656E-02
1.37582E-07 -1.68037E-01
1.37736E-07 -4.20616E-02
1.37890E-07 2.10140E-01
1.38044E-07 4.08597E-01
1.38198E-07 4.07903E-01
1.38352E-07 1.90570E-01
1.38506E-07 -1.21206E-01
1.38660E-07 -3.39827E-01
1.38814E-07 -3.24202E-01
1.38968E-07 -6.04336E-02
1.39122E-07 3.35720E-01
1.39276E-07 6.93335E-01
1.39430E-07 8.91473E-01
1.39584E-07 9.32312E-01
1.39738E-07 9.39524E-01
1.39893E-07 1.08318E+00
1.40047E-07 1.47566E+00
1.40201E-07 2.10097E+00
1.40355E-07 2.82192E+00
1.40509E-07 3.46372E+00
1.40663E-07 3.92543E+00
1.40817E-07 4.25008E+00
1.40971E-07 4.60665E+00
1.41125E-07 5.19072E+00
1.41279E-07 6.10427E+00
1.41433E-07 7.29203E+00
1.41587E-07 8.57824E+00
1.41741E-07 9.78185E+00
1.41895E-07 1.08341E+01
1.42049E-07 1.18174E+01
1.42204E-07 1.28963E+01
1.42358E-07 1.41846E+01
1.42512E-07 1.56400E+01
1.42666E-07 1.70596E+01
1.42820E-07 1.81824E+01
1.42974E-07 1.88303E+01
1.43128E-07 1.89924E+01
1.43282E-07 1.87963E+01
1.43436E-07 1.83888E+01
1.43590E-07 1.78136E+01
1.43744E-07 1.69700E+01
1.43898E-07 1.56819E+01
1.44052E-07 1.38265E+01
1.44206E-07 1.14326E+01
1.44360E-07 8.68073E+00
1.44515E-07 5.80962E+00
1.44669E-07 2.99573E+00
1.44823E-07 2.89507E-01
1.44977E-07 -2.35172E+00
1.45131E-07 -4.96272E+00
1.45285E-07 -7.47510E+00
1.45439E-07 -9.69435E+00
1.45593E-07 -1.13639E+01
1.45747E-07 -1.22725E+01
1.45901E-07 -1.23375E+01
1.46055E-07 -1.16151E+01
1.46209E-07 -1.02443E+01
1.46363E-07 -8.36718E+00
1.46517E-07 -6.08215E+00
1.46671E-07 -3.45638E+00
1.46826E-07 -5.82126E-01
1.46980E-07 2.36720E+00
1.47134E-07 5.12419E+00
1.47288E-07 7.37369E+00
1.47442E-07 8.83800E+00
1.47596E-07 9.35899E+00
1.47750E-07 8.93672E+00
1.47904E-07 7.70882E+00
1.48058E-07 5.88661E+00
1.48212E-07 3.68613E+00
1.48366E-07 1.29138E+00
1.48520E-07 -1.13583E+00
1.48674E-07 -3.41741E+00
1.48828E-07 -5.33120E+00
1.48982E-07 -6.62800E+00
1.49137E-07 -7.09791E+00
1.49291E-07 -6.65356E+00
1.49445E-07 -5.38008E+00
1.49599E-07 -3.51735E+00
1.49753E-07 -1.38050E+00
1.49907E-07 7.36300E-01
1.50061E-07 2.61895E+00
1.50215E-07 4.12973E+00
1.50369E-07 5.16113E+00
1.50523E-07 5.59756E+00
1.50677E-07 5.32643E+00
1.50831E-07 4.29956E+00
1.50985E-07 2.60305E+00
1.51139E-07 4.81739E-01
1.51293E-07 -1.70754E+00
1.51448E-07 -3.59308E+00
1.51602E-07 -4.88381E+00
1.51756E-07 -5.41826E+00
1.51910E-07 -5.15846E+00
1.52064E-07 -4.15759E+00
1.52218E-07 -2.53842E+00
1.52372E-07 -4.97217E-01
1.52526E-07 1.68594E+00
1.52680E-07 3.66334E+00
1.52834E-07 5.07913E+00
1.52988E-07 5.65595E+00
1.53142E-07 5.26948E+00
1.53296E-07 3.97807E+00
1.53450E-07 2.00164E+00
1.53604E-07 -3.29238E-01
1.53759E-07 -2.62808E+00
1.53913E-07 -4.50180E+00
1.54067E-07 -5.60346E+00
1.54221E-07 -5.69831E+00
1.54375E-07 -4.73308E+00
1.54529E-07 -2.87669E+00
1.54683E-07 -4.99085E-01
1.54837E-07 1.91791E+00
1.54991E-07 3.90614E+00
1.55145E-07 5.12004E+00
1.55299E-07 5.38908E+00
1.55453E-07 4.71102E+00
1.55607E-07 3.21739E+00
1.55761E-07 1.14659E+00
1.55915E-07 -1.16572E+00
1.56070E-07 -3.30307E+00
1.56224E-07 -4.82478E+00
1.56378E-07 -5.37198E+00
1.56532E-07 -4.78892E+00
1.56686E-07 -3.19870E+00
1.56840E-07 -9.84189E-01
1.56994E-07 1.32756E+00
1.57148E-07 3.22753E+00
1.57302E-07 4.36083E+00
1.57456E-07 4.58497E+00
1.57610E-07 3.94726E+00
1.57764E-07 2.62073E+00
1.57918E-07 8.48585E-01
1.58072E-07 -1.07873E+00
1.58226E-07 -2.82799E+00
1.58381E-07 -4.04602E+00
1.58535E-07 -4.42705E+00
1.58689E-07 -3.81444E+00
1.58843E-07 -2.29064E+00
1.58997E-07 -1.98484E-01
1.59151E-07 1.93643E+00
1.59305E-07 3.56426E+00
1.59459E-07 4.28747E+00
1.59613E-07 3.98023E+00
1.59767E-07 2.80241E+00
1.59921E-07 1.11261E+00
1.60075E-07 -6.67421E-01
1.60229E-07 -2.16951E+00
1.60383E-07 -3.13457E+00
1.60537E-07 -3.41199E+00
1.60692E-07 -2.94432E+00
1.60846E-07 -1.77831E+00
1.61000E-07 -1.05556E-01
1.61154E-07 1.71003E+00
1.61308E-07 3.17620E+00
1.61462E-07 3.81255E+00
1.61616E-07 3.34395E+00
1.61770E-07 1.85032E+00
1.61924E-07 -2.22864E-01
1.62078E-07 -2.22096E+00
1.62232E-07 -3.53698E+00
1.62386E-07 -3.84050E+00
1.62540E-07 -3.16628E+00
1.62694E-07 -1.83402E+00
1.62848E-07 -2.68890E-01
1.63003E-07 1.16168E+00
1.63157E-07 2.21417E+00
1.63311E-07 2.74240E+00
1.63465E-07 2.65221E+00
1.63619E-07 1.91241E+00
1.63773E-07 6.30070E-01
1.63927E-07 -8.81326E-01
1.64081E-07 -2.13523E+00
1.64235E-07 -2.64223E+00
1.64389E-07 -2.14791E+00
1.64543E-07 -7.98089E-01
1.64697E-07 8.86752E-01
1.64851E-07 2.23702E+00
1.65005E-07 2.74296E+00
1.65159E-07 2.27526E+00
1.65314E-07 1.10042E+00
1.65468E-07 -2.97526E-01
1.65622E-07 -1.46420E+00
1.65776E-07 -2.14250E+00
1.65930E-07 -2.28786E+00
1.66084E-07 -1.97206E+00
1.66238E-07 -1.28389E+00
1.66392E-07 -3.11192E-01
1.66546E-07 7.99859E-01
1.66700E-07 1.79096E+00
1.66854E-07 2.33121E+00
1.67008E-07 2.16330E+00
1.67162E-07 1.27402E+00
1.67316E-07 -3.45977E-02
1.67470E-07 -1.24695E+00
1.67625E-07 -1.87193E+00
1.67779E-07 -1.68638E+00
1.67933E-07 -8.41515E-01
1.68087E-07 2.29105E-01
1.68241E-07 1.04166E+00
1.68395E-07 1.29626E+00
1.68549E-07 9.85290E-01
1.68703E-07 3.35341E-01
1.68857E-07 -3.54207E-01
1.69011E-07 -8.62455E-01
1.69165E-07 -1.10319E+00
1.69319E-07 -1.08169E+00
1.69473E-07 -8.18673E-01
1.69627E-07 -3.19965E-01
1.69781E-07 3.80496E-01
1.69936E-07 1.14883E+00
1.70090E-07 1.73120E+00
1.70244E-07 1.83651E+00
1.70398E-07 1.29558E+00
1.70552E-07 2.01082E-01
1.70706E-07 -1.07548E+00
1.70860E-07 -2.02738E+00
1.71014E-07 -2.25325E+00
1.71168E-07 -1.66195E+00
1.71322E-07 -5.20810E-01
1.71476E-07 6.83195E-01
1.71630E-07 1.48837E+00
1.71784E-07 1.66744E+00
1.71938E-07 1.28902E+00
1.72092E-07 6.18037E-01
1.72247E-07 -5.87605E-02
1.72401E-07 -5.63260E-01
1.72555E-07 -8.44425E-01
1.72709E-07 -9.09508E-01
1.72863E-07 -7.55015E-01
1.73017E-07 -3.69965E-01
1.73171E-07 1.92487E-01
1.73325E-07 7.53262E-01
1.73479E-07 1.04117E+00
1.73633E-07 8.36750E-01
1.73787E-07 1.42370E-01
1.73941E-07 -7.50744E-01
1.74095E-07 -1.37659E+00
1.74249E-07 -1.34682E+00
1.74403E-07 -5.92990E-01
1.74558E-07 5.60458E-01
1.74712E-07 1.55247E+00
1.74866E-07 1.88499E+00
1.75020E-07 1.38783E+00
1.75174E-07 2.94479E-01
1.75328E-07 -9.02798E-01
1.75482E-07 -1.71534E+00
1.75636E-07 -1.87692E+00
1.75790E-07 -1.40949E+00
1.75944E-07 -5.39343E-01
1.76098E-07 4.43498E-01
1.76252E-07 1.28358E+00
1.76406E-07 1.78391E+00
1.76560E-07 1.79896E+00
1.76714E-07 1.25965E+00
1.76869E-07 2.43062E-01
1.77023E-07 -9.71895E-01
1.77177E-07 -1.94576E+00
1.77331E-07 -2.24606E+00
1.77485E-07 -1.67277E+00
1.77639E-07 -4.06569E-01
1.77793E-07 1.03204E+00
1.77947E-07 2.01715E+00
1.78101E-07 2.12676E+00
1.78255E-07 1.35333E+00
1.78409E-07 9.59804E-02
1.78563E-07 -1.05685E+00
1.78717E-07 -1.62546E+00
1.78871E-07 -1.45191E+00
1.79025E-07 -7.26511E-01
1.79180E-07 1.58061E-01
1.79334E-07 8.19455E-01
1.79488E-07 1.04490E+00
1.79642E-07 8.33971E-01
1.79796E-07 3.41110E-01
1.79950E-07 -2.19075E-01
1.80104E-07 -6.48011E-01
1.80258E-07 -8.05142E-01
1.80412E-07 -6.32218E-01
1.80566E-07 -1.75470E-01
1.80720E-07 4.04533E-01
1.80874E-07 8.64704E-01
1.81028E-07 9.68947E-01
1.81182E-07 6.09163E-01
1.81336E-07 -1.07798E-01
1.81491E-07 -8.73285E-01
1.81645E-07 -1.30735E+00
1.81799E-07 -1.15172E+00
1.81953E-07 -4.21905E-01
1.82107E-07 5.73975E-01
1.82261E-07 1.37253E+00
1.82415E-07 1.58289E+00
1.82569E-07 1.08515E+00
1.82723E-07 9.32113E-02
1.82877E-07 -9.50035E-01
1.83031E-07 -1.58703E+00
1.83185E-07 -1.55623E+00
1.83339E-07 -8.96220E-01
1.83493E-07 9.58844E-02
1.83647E-07 1.01384E+00
1.83802E-07 1.51599E+00
1.83956E-07 1.44483E+00
1.84110E-07 8.57310E-01
1.84264E-07 -2.16077E-02
1.84418E-07 -8.85103E-01
1.84572E-07 -1.43801E+00
1.84726E-07 -1.48140E+00
1.84880E-07 -9.79072E-01
1.85034E-07 -8.85725E-02
1.85188E-07 8.68702E-01
1.85342E-07 1.51229E+00
1.85496E-07 1.55861E+00
1.85650E-07 9.61987E-01
1.85804E-07 -3.88355E-02
1.85958E-07 -1.01178E+00
1.86113E-07 -1.52926E+00
1.86267E-07 -1.37493E+00
1.86421E-07 -6.47503E-01
1.86575E-07 2.96591E-01
1.86729E-07 1.02869E+00
1.86883E-07 1.25674E+00
1.87037E-07 9.45858E-01
1.87191E-07 2.98383E-01
1.87345E-07 -3.75154E-01
1.87499E-07 -8.08837E-01
1.87653E-07 -8.78556E-01
1.87807E-07 -6.14670E-01
1.87961E-07 -1.54333E-01
1.88115E-07 3.22539E-01
1.88269E-07 6.46491E-01
1.88424E-07 7.00652E-01
1.88578E-07 4.59232E-01
1.88732E-07 1.32689E-02
1.88886E-07 -4.43622E-01
1.89040E-07 -6.88734E-01
1.89194E-07 -5.83450E-01
1.89348E-07 -1.64821E-01
1.89502E-07 3.51623E-01
1.89656E-07 6.78808E-01
1.89810E-07 6.22807E-01
1.89964E-07 2.05400E-01
1.90118E-07 -3.38497E-01
1.90272E-07 -6.94941E-01
1.90426E-07 -6.56851E-01
1.90580E-07 -2.46132E-01
1.90735E-07 3.03023E-01
1.90889E-07 6.85410E-01
1.91043E-07 6.99620E-01
1.91197E-07 3.51199E-01
1.91351E-07 -1.67800E-01
1.91505E-07 -5.95720E-01
1.91659E-07 -7.36638E-01
1.91813E-07 -5.41304E-01
1.91967E-07 -1.07423E-01
1.92121E-07 3.78777E-01
1.92275E-07 7.19166E-01
1.92429E-07 7.70136E-01
1.92583E-07 4.90151E-01
1.92737E-07 -3.52445E-02
1.92891E-07 -6.03933E-01
1.93046E-07 -9.59679E-01
1.93200E-07 -9.02355E-01
1.93354E-07 -4.03201E-01
1.93508E-07 3.43709E-01
1.93662E-07 9.85513E-01
1.93816E-07 1.17951E+00
1.93970E-07 7.84444E-01
1.94124E-07 -3.88063E-02
1.94278E-07 -8.89477E-01
1.94432E-07 -1.33111E+00
1.94586E-07 -1.12772E+00
1.94740E-07 -3.76365E-01
1.94894E-07 5.42250E-01
1.95048E-07 1.16751E+00
1.95202E-07 1.20078E+00
1.95357E-07 6.51436E-01
1.95511E-07 -1.85904E-01
1.95665E-07 -8.98012E-01
1.95819E-07 -1.16347E+00
1.95973E-07 -8.95636E-01
1.96127E-07 -2.56892E-01
1.96281E-07 4.43200E-01
1.96435E-07 8.99963E-01
1.96589E-07 9.40753E-01
1.96743E-07 5.79973E-01
1.96897E-07 -5.24829E-03
1.97051E-07 -5.56355E-01
1.97205E-07 -8.37428E-01
1.97359E-07 -7.27633E-01
1.97513E-07 -2.71900E-01
1.97668E-07 3.31807E-01
1.97822E-07 8.12062E-01
1.97976E-07 9.45366E-01
1.98130E-07 6.67134E-01
1.98284E-07 1.13533E-01
1.98438E-07 -4.37750E-01
1.98592E-07 -7.07158E-01
1.98746E-07 -5.62861E-01
1.98900E-07 -9.58380E-02
1.99054E-07 4.27620E-01
1.99208E-07 7.14202E-01
1.99362E-07 6.09066E-01
1.99516E-07 1.81157E-01
1.99670E-07 -3.22953E-01
1.99824E-07 -6.28532E-01
1.99979E-07 -5.93918E-01
2.00133E-07 -2.85384E-01
2.00287E-07 7.72962E-02
2.00441E-07 2.65727E-01
2.00595E-07 1.83755E-01
2.00749E-07 -8.39085E-02
2.00903E-07 -3.40655E-01
2.01057E-07 -4.12939E-01
2.01211E-07 -2.59787E-01
2.01365E-07 1.23348E-02
2.01519E-07 2.31664E-01
2.01673E-07 2.78359E-01
2.01827E-07 1.56538E-01
2.01981E-07 -2.19988E-02
2.02135E-07 -1.22242E-01
2.02290E-07 -7.50390E-02
2.02444E-07 8.81815E-02
2.02598E-07 2.69216E-01
2.02752E-07 3.71224E-01
2.02906E-07 3.50293E-01
2.03060E-07 2.22276E-01
2.03214E-07 3.55666E-02
2.03368E-07 -1.57920E-01
2.03522E-07 -3.11995E-01
2.03676E-07 -3.82595E-01
2.03830E-07 -3.34651E-01
2.03984E-07 -1.69752E-01
2.04138E-07 4.57345E-02
2.04292E-07 1.89203E-01
2.04446E-07 1.44325E-01
2.04601E-07 -1.11679E-01
2.04755E-07 -4.60524E-01
2.04909E-07 -6.87307E-01
2.05063E-07 -6.08244E-01
2.05217E-07 -2.04746E-01
2.05371E-07 3.33875E-01
2.05525E-07 7.05052E-01
2.05679E-07 6.76698E-01
2.05833E-07 2.41778E-01
2.05987E-07 -3.64812E-01
2.06141E-07 -8.06723E-01
2.06295E-07 -8.55556E-01
2.06449E-07 -5.30859E-01
2.06603E-07 -7.82986E-02
2.06757E-07 1.96091E-01
2.06912E-07 1.21331E-01
2.07066E-07 -2.42476E-01
2.07220E-07 -6.62179E-01
2.07374E-07 -8.91471E-01
2.07528E-07 -8.18086E-01
2.07682E-07 -5.06147E-01
2.07836E-07 -1.24496E-01
2.07990E-07 1.70406E-01
2.08144E-07 3.11211E-01
2.08298E-07 3.17540E-01
2.08452E-07 2.42825E-01
2.08606E-07 1.28924E-01
2.08760E-07 3.38409E-03
2.08914E-07 -9.61211E-02
2.09068E-07 -1.14039E-01
2.09223E-07 -1.05717E-02
2.09377E-07 1.86378E-01
2.09531E-07 3.64267E-01
2.09685E-07 3.78018E-01
2.09839E-07 1.47898E-01
2.09993E-07 -2.67904E-01
2.10147E-07 -6.91202E-01
2.10301E-07 -9.35327E-01
2.10455E-07 -9.39850E-01
2.10609E-07 -8.31518E-01
2.10763E-07 -8.59862E-01
2.10917E-07 -1.24383E+00
2.11071E-07 -2.03178E+00
2.11225E-07 -3.07111E+00
2.11379E-07 -4.10878E+00
2.11534E-07 -4.95281E+00
2.11688E-07 -5.58453E+00
2.11842E-07 -6.14901E+00
2.11996E-07 -6.83777E+00
2.12150E-07 -7.75084E+00
2.12304E-07 -8.83293E+00
2.12458E-07 -9.91978E+00
2.12612E-07 -1.08521E+01
2.12766E-07 -1.15720E+01
2.12920E-07 -1.21397E+01
2.13074E-07 -1.26694E+01
2.13228E-07 -1.32421E+01
2.13382E-07 -1.38583E+01
2.13536E-07 -1.44567E+01
2.13690E-07 -1.49704E+01
2.13845E-07 -1.53685E+01
2.13999E-07 -1.56513E+01
2.14153E-07 -1.58102E+01
2.14307E-07 -1.57939E+01
2.14461E-07 -1.55165E+01
2.14615E-07 -1.49047E+01
2.14769E-07 -1.39479E+01
2.14923E-07 -1.27076E+01
2.15077E-07 -1.12759E+01
2.15231E-07 -9.71342E+00
2.15385E-07 -8.01351E+00
2.15539E-07 -6.12288E+00
2.15693E-07 -4.00315E+00
2.15847E-07 -1.68760E+00
2.16001E-07 7.10045E-01
2.16156E-07 3.04118E+00
2.16310E-07 5.18694E+00
2.16464E-07 7.09265E+00
2.16618E-07 8.74735E+00
2.16772E-07 1.01274E+01
2.16926E-07 1.11521E+01
2.17080E-07 1.16913E+01
2.17234E-07 1.16222E+01
2.17388E-07 1.08956E+01
2.17542E-07 9.56146E+00
2.17696E-07 7.73420E+00
2.17850E-07 5.52812E+00
2.18004E-07 3.01743E+00
2.18158E-07 2.58140E-01
2.18312E-07 -2.64151E+00
2.18467E-07 -5.46055E+00
2.18621E-07 -7.87591E+00
2.18775E-07 -9.55896E+00
2.18929E-07 -1.03081E+01
2.19083E-07 -1.01323E+01
2.19237E-07 -9.22645E+00
2.19391E-07 -7.84731E+00
2.19545E-07 -6.17207E+00
2.19699E-07 -4.23381E+00
2.19853E-07 -1.97959E+00
2.20007E-07 5.89902E-01
2.20161E-07 3.29993E+00
2.20315E-07 5.79240E+00
2.20469E-07 7.64580E+00
2.20623E-07 8.55469E+00
2.20778E-07 8.45782E+00
2.20932E-07 7.53802E+00
2.21086E-07 6.10085E+00
2.21240E-07 4.41503E+00
2.21394E-07 2.61417E+00
2.21548E-07 7.10421E-01
2.21702E-07 -1.30685E+00
2.21856E-07 -3.36430E+00
2.22010E-07 -5.26159E+00
2.22164E-07 -6.71354E+00
2.22318E-07 -7.44578E+00
2.22472E-07 -7.28914E+00
2.22626E-07 -6.23387E+00
2.22780E-07 -4.43440E+00
2.22934E-07 -2.17571E+00
2.23089E-07 1.86958E-01
2.23243E-07 2.30683E+00
2.23397E-07 3.92862E+00
2.23551E-07 4.94581E+00
2.23705E-07 5.39768E+00
2.23859E-07 5.39585E+00
2.24013E-07 5.01729E+00
2.24167E-07 4.23647E+00
2.24321E-07 2.95729E+00
2.24475E-07 1.14075E+00
2.24629E-07 -1.05337E+00
2.24783E-07 -3.22322E+00
2.24937E-07 -4.84205E+00
2.25091E-07 -5.49033E+00
2.25245E-07 -5.06724E+00
2.25400E-07 -3.84141E+00
2.25554E-07 -2.29740E+00
2.25708E-07 -8.68616E-01
2.25862E-07 2.72723E-01
2.26016E-07 1.23394E+00
2.26170E-07 2.22448E+00
2.26324E-07 3.31349E+00
2.26478E-07 4.29794E+00
2.26632E-07 4.77868E+00
2.26786E-07 4.39681E+00
2.26940E-07 3.07251E+00
2.27094E-07 1.08851E+00
2.27248E-07 -1.03316E+00
2.27402E-07 -2.77714E+00
2.27556E-07 -3.84805E+00
2.27711E-07 -4.23205E+00
2.27865E-07 -4.09637E+00
2.28019E-07 -3.61948E+00
2.28173E-07 -2.87342E+00
2.28327E-07 -1.82612E+00
2.28481E-07 -4.42250E-01
2.28635E-07 1.20044E+00
2.28789E-07 2.86134E+00
2.28943E-07 4.18538E+00
2.29097E-07 4.82196E+00
2.29251E-07 4.55531E+00
2.29405E-07 3.39091E+00
2.29559E-07 1.56873E+00
2.29713E-07 -4.98846E-01
2.29867E-07 -2.34487E+00
2.30022E-07 -3.58529E+00
2.30176E-07 -4.02833E+00
2.30330E-07 -3.71082E+00
2.30484E-07 -2.84340E+00
2.30638E-07 -1.69184E+00
2.30792E-07 -4.60843E-01
2.30946E-07 7.50520E-01
2.31100E-07 1.89804E+00
2.31254E-07 2.89086E+00
2.31408E-07 3.52775E+00
2.31562E-07 3.54148E+00
2.31716E-07 2.74644E+00
2.31870E-07 1.20132E+00
2.32024E-07 -7.30794E-01
2.32178E-07 -2.48927E+00
2.32333E-07 -3.54879E+00
2.32487E-07 -3.64975E+00
2.32641E-07 -2.89191E+00
2.32795E-07 -1.64014E+00
2.32949E-07 -3.09564E-01
2.33103E-07 8.29909E-01
2.33257E-07 1.71244E+00
2.33411E-07 2.38210E+00
2.33565E-07 2.83706E+00
2.33719E-07 2.94288E+00
2.33873E-07 2.48964E+00
2.34027E-07 1.35927E+00
2.34181E-07 -3.15816E-01
2.34335E-07 -2.12307E+00
2.34489E-07 -3.50766E+00
2.34644E-07 -4.00829E+00
2.34798E-07 -3.45959E+00
2.34952E-07 -2.05210E+00
2.35106E-07 -2.28895E-01
2.35260E-07 1.51000E+00
2.35414E-07 2.78405E+00
2.35568E-07 3.40967E+00
2.35722E-07 3.37191E+00
2.35876E-07 2.74636E+00
2.36030E-07 1.64186E+00
2.36184E-07 1.99199E-01
2.36338E-07 -1.37336E+00
2.36492E-07 -2.78025E+00
2.36646E-07 -3.67847E+00
2.36800E-07 -3.77978E+00
2.36955E-07 -2.97205E+00
2.37109E-07 -1.39660E+00
2.37263E-07 5.64971E-01
2.37417E-07 2.39854E+00
2.37571E-07 3.61921E+00
2.37725E-07 3.92298E+00
2.37879E-07 3.27147E+00
2.38033E-07 1.88375E+00
2.38187E-07 1.48208E-01
2.38341E-07 -1.50402E+00
2.38495E-07 -2.71516E+00
2.38649E-07 -3.27142E+00
2.38803E-07 -3.11847E+00
2.38957E-07 -2.33698E+00
2.39111E-07 -1.10391E+00
2.39266E-07 3.39976E-01
2.39420E-07 1.71397E+00
2.39574E-07 2.72617E+00
2.39728E-07 3.12364E+00
2.39882E-07 2.76548E+00
2.40036E-07 1.69496E+00
2.40190E-07 1.69247E-01
2.40344E-07 -1.38895E+00
2.40498E-07 -2.51999E+00
2.40652E-07 -2.89260E+00
2.40806E-07 -2.43200E+00
2.40960E-07 -1.34495E+00
2.41114E-07 -2.45939E-02
2.41268E-07 1.11836E+00
2.41422E-07 1.81078E+00
2.41577E-07 1.98203E+00
2.41731E-07 1.71977E+00
2.41885E-07 1.16594E+00
2.42039E-07 4.34529E-01
2.42193E-07 -3.93758E-01
2.42347E-07 -1.21196E+00
2.42501E-07 -1.83271E+00
2.42655E-07 -2.01298E+00
2.42809E-07 -1.57231E+00
2.42963E-07 -5.38347E-01
2.43117E-07 7.87542E-01
2.43271E-07 1.91637E+00
2.43425E-07 2.38642E+00
2.43579E-07 1.99285E+00
2.43733E-07 8.96536E-01
2.43888E-07 -4.55635E-01
2.44042E-07 -1.55226E+00
2.44196E-07 -2.05003E+00
2.44350E-07 -1.88884E+00
2.44504E-07 -1.24504E+00
2.44658E-07 -3.83697E-01
2.44812E-07 4.77004E-01
2.44966E-07 1.20763E+00
2.45120E-07 1.71978E+00
2.45274E-07 1.90424E+00
2.45428E-07 1.63422E+00
2.45582E-07 8.50631E-01
2.45736E-07 -3.31671E-01
2.45890E-07 -1.58913E+00
2.46044E-07 -2.47881E+00
2.46199E-07 -2.62242E+00
2.46353E-07 -1.88944E+00
2.46507E-07 -4.78799E-01
2.46661E-07 1.14563E+00
2.46815E-07 2.43265E+00
2.46969E-07 2.95021E+00
2.47123E-07 2.53471E+00
2.47277E-07 1.33438E+00
2.47431E-07 -2.54536E-01
2.47585E-07 -1.72639E+00
2.47739E-07 -2.63154E+00
2.47893E-07 -2.71778E+00
2.48047E-07 -2.00337E+00
2.48201E-07 -7.55562E-01
2.48355E-07 6.17802E-01
2.48510E-07 1.71820E+00
2.48664E-07 2.28199E+00
2.48818E-07 2.23095E+00
2.48972E-07 1.64289E+00
2.49126E-07 6.84260E-01
2.49280E-07 -4.40416E-01
2.49434E-07 -1.49909E+00
2.49588E-07 -2.23001E+00
2.49742E-07 -2.37883E+00
2.49896E-07 -1.79854E+00
2.50050E-07 -5.70519E-01
2.50204E-07 9.43825E-01
2.50358E-07 2.19560E+00
2.50512E-07 2.67559E+00
2.50666E-07 2.16740E+00
2.50821E-07 8.77286E-01
2.50975E-07 -6.50526E-01
2.51129E-07 -1.79808E+00
2.51283E-07 -2.16963E+00
2.51437E-07 -1.75131E+00
2.51591E-07 -8.54855E-01
2.51745E-07 9.77377E-02
2.51899E-07 7.99269E-01
2.52053E-07 1.15680E+00
2.52207E-07 1.23294E+00
2.52361E-07 1.11028E+00
2.52515E-07 8.02282E-01
2.52669E-07 2.79291E-01
2.52823E-07 -4.25385E-01
2.52977E-07 -1.13465E+00
2.53132E-07 -1.56095E+00
2.53286E-07 -1.45359E+00
2.53440E-07 -7.67334E-01
2.53594E-07 2.66718E-01
2.53748E-07 1.22745E+00
2.53902E-07 1.70510E+00
2.54056E-07 1.50245E+00
2.54210E-07 7.23974E-01
2.54364E-07 -2.87703E-01
2.54518E-07 -1.12103E+00
2.54672E-07 -1.47483E+00
2.54826E-07 -1.26393E+00
2.54980E-07 -6.20407E-01
2.55134E-07 1.86750E-01
2.55288E-07 8.64245E-01
2.55443E-07 1.19438E+00
2.55597E-07 1.09559E+00
2.55751E-07 6.34106E-01
2.55905E-07 -1.08803E-02
2.56059E-07 -6.15579E-01
2.56213E-07 -9.89262E-01
2.56367E-07 -1.03214E+00
2.56521E-07 -7.53304E-01
2.56675E-07 -2.49796E-01
2.56829E-07 3.32791E-01
2.56983E-07 8.35332E-01
2.57137E-07 1.10938E+00
2.57291E-07 1.04320E+00
2.57445E-07 6.03190E-01
2.57599E-07 -1.19002E-01
2.57754E-07 -8.91210E-01
2.57908E-07 -1.39801E+00
2.58062E-07 -1.37343E+00
2.58216E-07 -7.53082E-01
2.58370E-07 2.47392E-01
2.58524E-07 1.19730E+00
2.58678E-07 1.64963E+00
2.58832E-07 1.37425E+00
2.58986E-07 4.90721E-01
2.59140E-07 -5.84843E-01
2.59294E-07 -1.35505E+00
2.59448E-07 -1.49585E+00
2.59602E-07 -1.00495E+00
2.59756E-07 -1.67463E-01
2.59910E-07 6.23542E-01
2.60065E-07 1.07168E+00
2.60219E-07 1.08807E+00
2.60373E-07 7.66753E-01
2.60527E-07 2.75958E-01
2.60681E-07 -2.40094E-01
2.60835E-07 -6.86328E-01
2.60989E-07 -9.80419E-01
2.61143E-07 -1.02099E+00
2.61297E-07 -7.17963E-01
2.61451E-07 -7.94098E-02
2.61605E-07 7.15796E-01
2.61759E-07 1.34112E+00
2.61913E-07 1.46407E+00
2.62067E-07 9.39656E-01
2.62221E-07 -6.57057E-02
2.62376E-07 -1.11526E+00
2.62530E-07 -1.70745E+00
2.62684E-07 -1.53927E+00
2.62838E-07 -6.76299E-01
2.62992E-07 4.73516E-01
2.63146E-07 1.37085E+00
2.63300E-07 1.62149E+00
2.63454E-07 1.16385E+00
2.63608E-07 2.70756E-01
2.63762E-07 -6.19735E-01
2.63916E-07 -1.13528E+00
2.64070E-07 -1.13095E+00
2.64224E-07 -7.07941E-01
2.64378E-07 -1.08276E-01
2.64532E-07 4.28897E-01
2.64687E-07 7.61225E-01
2.64841E-07 8.52014E-01
2.64995E-07 7.23415E-01
2.65149E-07 4.13180E-01
2.65303E-07 -2.67112E-02
2.65457E-07 -5.00491E-01
2.65611E-07 -8.54569E-01
2.65765E-07 -9.18484E-01
2.65919E-07 -5.95529E-01
2.66073E-07 5.04358E-02
2.66227E-07 7.79081E-01
2.66381E-07 1.26066E+00
2.66535E-07 1.23452E+00
2.66689E-07 6.56571E-01
2.66843E-07 -2.51278E-01
2.66998E-07 -1.08809E+00
2.67152E-07 -1.46186E+00
2.67306E-07 -1.18491E+00
2.67460E-07 -3.74673E-01
2.67614E-07 5.95703E-01
2.67768E-07 1.27537E+00
2.67922E-07 1.35389E+00
2.68076E-07 8.09017E-01
2.68230E-07 -9.03566E-02
2.68384E-07 -9.25565E-01
2.68538E-07 -1.33777E+00
2.68692E-07 -1.19512E+00
2.68846E-07 -6.32563E-01
2.69000E-07 4.74600E-02
2.69154E-07 5.47435E-01
2.69309E-07 7.16946E-01
2.69463E-07 5.88325E-01
2.69617E-07 3.02568E-01
2.69771E-07 -6.71161E-03
2.69925E-07 -2.83115E-01
2.70079E-07 -5.27064E-01
2.70233E-07 -7.17637E-01
2.70387E-07 -7.59562E-01
2.70541E-07 -5.21125E-01
2.70695E-07 4.77102E-02
2.70849E-07 8.06715E-01
2.71003E-07 1.43196E+00
2.71157E-07 1.57274E+00
2.71311E-07 1.07987E+00
2.71465E-07 1.52302E-01
2.71620E-07 -7.21048E-01
2.71774E-07 -1.02020E+00
2.71928E-07 -5.07470E-01
2.72082E-07 6.06398E-01
2.72236E-07 1.76420E+00
2.72390E-07 2.38282E+00
2.72544E-07 2.19586E+00
2.72698E-07 1.40220E+00
2.72852E-07 5.29520E-01
2.73006E-07 1.07899E-01
2.73160E-07 3.68537E-01
2.73314E-07 1.15433E+00
2.73468E-07 2.07728E+00
2.73622E-07 2.79199E+00
2.73776E-07 3.19117E+00
2.73931E-07 3.40618E+00
2.74085E-07 3.64729E+00
2.74239E-07 4.02930E+00
2.74393E-07 4.51886E+00
2.74547E-07 5.02659E+00
2.74701E-07 5.54491E+00
2.74855E-07 6.19786E+00
2.75009E-07 7.14797E+00
2.75163E-07 8.43085E+00
2.75317E-07 9.85837E+00
2.75471E-07 1.10878E+01
2.75625E-07 1.18282E+01
2.75779E-07 1.20436E+01
2.75933E-07 1.20027E+01
2.76087E-07 1.21259E+01
2.76242E-07 1.27235E+01
2.76396E-07 1.37936E+01
2.76550E-07 1.50125E+01
2.76704E-07 1.59199E+01
2.76858E-07 1.61781E+01
2.77012E-07 1.57459E+01
2.77166E-07 1.48714E+01
2.77320E-07 1.39265E+01
2.77474E-07 1.31949E+01
2.77628E-07 1.27338E+01
2.77782E-07 1.23723E+01
2.77936E-07 1.18221E+01
2.78090E-07 1.08289E+01
2.78244E-07 9.28640E+00
2.78398E-07 7.26994E+00
2.78553E-07 4.99082E+00
2.78707E-07 2.69946E+00
2.78861E-07 5.82309E-01
2.79015E-07 -1.30339E+00
2.79169E-07 -3.02687E+00
2.79323E-07 -4.71274E+00
2.79477E-07 -6.43747E+00
2.79631E-07 -8.15267E+00
2.79785E-07 -9.68426E+00
2.79939E-07 -1.08116E+01
2.80093E-07 -1.13779E+01
2.80247E-07 -1.13594E+01
2.80401E-07 -1.08489E+01
2.80555E-07 -9.97082E+00
2.80709E-07 -8.79481E+00
2.80864E-07 -7.31425E+00
2.81018E-07 -5.50262E+00
2.81172E-07 -3.39623E+00
2.81326E-07 -1.12988E+00
2.81480E-07 1.10866E+00
2.81634E-07 3.16912E+00
2.81788E-07 4.99567E+00
2.81942E-07 6.59696E+00
2.82096E-07 7.95064E+00
2.82250E-07 8.92738E+00
2.82404E-07 9.31501E+00
2.82558E-07 8.94627E+00
2.82712E-07 7.84237E+00
2.82866E-07 6.25415E+00
2.83020E-07 4.54717E+00
2.83175E-07 2.99396E+00
2.83329E-07 1.61777E+00
2.83483E-07 2.09494E-01
2.83637E-07 -1.47914E+00
2.83791E-07 -3.49434E+00
2.83945E-07 -5.56380E+00
2.84099E-07 -7.19854E+00
2.84253E-07 -7.95471E+00
2.84407E-07 -7.68341E+00
2.84561E-07 -6.60237E+00
2.84715E-07 -5.14666E+00
2.84869E-07 -3.70636E+00
2.85023E-07 -2.43008E+00
2.85177E-07 -1.21600E+00
2.85331E-07 1.26062E-01
2.85486E-07 1.67432E+00
2.85640E-07 3.30131E+00
2.85794E-07 4.73866E+00
2.85948E-07 5.73162E+00
2.86102E-07 6.15808E+00
2.86256E-07 6.03247E+00
2.86410E-07 5.41764E+00
2.86564E-07 4.34221E+00
2.86718E-07 2.80732E+00
2.86872E-07 8.79638E-01
2.87026E-07 -1.21811E+00
2.87180E-07 -3.11937E+00
2.87334E-07 -4.45228E+00
2.87488E-07 -5.02327E+00
2.87642E-07 -4.91485E+00
2.87797E-07 -4.41691E+00
2.87951E-07 -3.82724E+00
2.88105E-07 -3.25447E+00
2.88259E-07 -2.56159E+00
2.88413E-07 -1.49351E+00
2.88567E-07 9.52010E-02
2.88721E-07 2.06704E+00
2.88875E-07 4.00152E+00
2.89029E-07 5.37269E+00
2.89183E-07 5.79476E+00
2.89337E-07 5.18983E+00
2.89491E-07 3.79086E+00
2.89645E-07 1.99997E+00
2.89799E-07 2.03023E-01
2.89953E-07 -1.35256E+00
2.90108E-07 -2.57101E+00
2.90262E-07 -3.44301E+00
2.90416E-07 -3.97061E+00
2.90570E-07 -4.13412E+00
2.90724E-07 -3.90521E+00
2.90878E-07 -3.27573E+00
2.91032E-07 -2.27217E+00
2.91186E-07 -9.53218E-01
2.91340E-07 5.89633E-01
2.91494E-07 2.21319E+00
2.91648E-07 3.69818E+00
2.91802E-07 4.75569E+00
2.91956E-07 5.09324E+00
2.92110E-07 4.52991E+00
2.92264E-07 3.10543E+00
2.92419E-07 1.11365E+00
2.92573E-07 -9.76108E-01
2.92727E-07 -2.68420E+00
2.92881E-07 -3.69341E+00
2.93035E-07 -3.94268E+00
2.93189E-07 -3.59814E+00
2.93343E-07 -2.92562E+00
2.93497E-07 -2.14049E+00
2.93651E-07 -1.31668E+00
2.93805E-07 -3.97717E-01
2.93959E-07 7.06025E-01
2.94113E-07 1.99519E+00
2.94267E-07 3.30521E+00
2.94421E-07 4.32135E+00
2.94575E-07 4.68496E+00
2.94730E-07 4.14690E+00
2.94884E-07 2.69985E+00
2.95038E-07 6.24944E-01
2.95192E-07 -1.57878E+00
2.95346E-07 -3.36297E+00
2.95500E-07 -4.32828E+00
2.95654E-07 -4.36247E+00
2.95808E-07 -3.65089E+00
2.95962E-07 -2.55383E+00
2.96116E-07 -1.41692E+00
2.96270E-07 -4.19397E-01
2.96424E-07 4.56164E-01
2.96578E-07 1.32317E+00
2.96732E-07 2.23199E+00
2.96886E-07 3.06238E+00
2.97041E-07 3.54317E+00
2.97195E-07 3.39025E+00
2.97349E-07 2.47641E+00
2.97503E-07 9.26786E-01
2.97657E-07 -9.14458E-01
2.97811E-07 -2.61773E+00
2.97965E-07 -3.81722E+00
2.98119E-07 -4.29860E+00
2.98273E-07 -4.00590E+00
2.98427E-07 -3.00591E+00
2.98581E-07 -1.46147E+00
2.98735E-07 3.71780E-01
2.98889E-07 2.15699E+00
2.99043E-07 3.53703E+00
2.99197E-07 4.24431E+00
2.99352E-07 4.20187E+00
2.99506E-07 3.54058E+00
2.99660E-07 2.50533E+00
2.99814E-07 1.30608E+00
2.99968E-07 2.17534E-02
3.00122E-07 -1.36531E+00
3.00276E-07 -2.82495E+00
3.00430E-07 -4.14127E+00
3.00584E-07 -4.91105E+00
3.00738E-07 -4.71874E+00
3.00892E-07 -3.39467E+00
3.01046E-07 -1.18496E+00
3.01200E-07 1.29707E+00
3.01354E-07 3.32839E+00
3.01508E-07 4.39376E+00
3.01663E-07 4.37469E+00
3.01817E-07 3.51168E+00
3.01971E-07 2.19467E+00
3.02125E-07 7.42626E-01
3.02279E-07 -6.82834E-01
3.02433E-07 -2.00277E+00
3.02587E-07 -3.08536E+00
3.02741E-07 -3.68871E+00
3.02895E-07 -3.54825E+00
3.03049E-07 -2.55131E+00
3.03203E-07 -8.65820E-01
3.03357E-07 1.08027E+00
3.03511E-07 2.76473E+00
3.03665E-07 3.77695E+00
3.03819E-07 3.94108E+00
3.03974E-07 3.30580E+00
3.04128E-07 2.04909E+00
3.04282E-07 3.93144E-01
3.04436E-07 -1.41210E+00
3.04590E-07 -3.06021E+00
3.04744E-07 -4.18997E+00
3.04898E-07 -4.47066E+00
3.05052E-07 -3.74541E+00
3.05206E-07 -2.14104E+00
3.05360E-07 -5.74056E-02
3.05514E-07 1.97494E+00
3.05668E-07 3.49052E+00
3.05822E-07 4.22750E+00
3.05976E-07 4.14585E+00
3.06130E-07 3.35064E+00
3.06285E-07 2.00465E+00
3.06439E-07 3.00291E-01
3.06593E-07 -1.50993E+00
3.06747E-07 -3.08852E+00
3.06901E-07 -4.06103E+00
3.07055E-07 -4.14270E+00
3.07209E-07 -3.27619E+00
3.07363E-07 -1.68744E+00
3.07517E-07 1.86639E-01
3.07671E-07 1.86276E+00
3.07825E-07 2.97625E+00
3.07979E-07 3.36470E+00
