0.00000E+00 0.00000E+00
1.54067E-10 0.00000E+00
3.08133E-10 0.00000E+00
4.62200E-10 0.00000E+00
6.16267E-10 0.00000E+00
7.70333E-10 0.00000E+00
9.24400E-10 0.00000E+00
1.07847E-09 0.00000E+00
1.23253E-09 0.00000E+00
1.38660E-09 0.00000E+00
1.54067E-09 0.00000E+00
1.69473E-09 0.00000E+00
1.84880E-09 0.00000E+00
2.00287E-09 0.00000E+00
2.15693E-09 0.00000E+00
2.31100E-09 0.00000E+00
2.46507E-09 0.00000E+00
2.61913E-09 0.00000E+00
2.77320E-09 -5.20325E-310
2.92727E-09 -1.46169E-297
3.08133E-09 -2.26661E-285
3.23540E-09 -1.94004E-273
3.38947E-09 -9.16484E-262
3.54353E-09 -2.38940E-250
3.69760E-09 -3.43768E-239
3.85167E-09 -2.72906E-228
4.00573E-09 -1.19533E-217
4.15980E-09 -2.88825E-207
4.31387E-09 -3.84945E-197
4.46793E-09 -2.82952E-187
4.62200E-09 -1.14684E-177
4.77607E-09 -2.56260E-168
4.93013E-09 -3.15608E-159
5.08420E-09 -2.14186E-150
5.23827E-09 -8.00703E-142
5.39233E-09 -1.64828E-133
5.54640E-09 -1.86758E-125
5.70047E-09 -1.16408E-117
5.85453E-09 -3.98902E-110
6.00860E-09 -7.50890E-103
6.16267E-09 -7.75669E-96
6.31673E-09 -4.39139E-89
6.47080E-09 -1.36024E-82
6.62487E-09 -2.29992E-76
6.77893E-09 -2.11592E-70
6.93300E-09 -1.05424E-64
7.08707E-09 -2.82422E-59
7.24113E-09 -4.01940E-54
7.39520E-09 -2.97225E-49
7.54927E-09 -1.08765E-44
7.70333E-09 -1.69801E-40
7.85740E-09 -2.42718E-37
8.01147E-09 2.11328E-32
8.16553E-09 2.24148E-28
8.31960E-09 9.51814E-25
8.47367E-09 1.96902E-21
8.62773E-09 2.10395E-18
8.78180E-09 1.19153E-15
8.93587E-09 3.62749E-13
9.08993E-09 5.99271E-11
9.24400E-09 5.41467E-09
9.39807E-09 2.69884E-07
9.55213E-09 7.50708E-06
9.70620E-09 1.18586E-04
9.86027E-09 1.09241E-03
1.00143E-08 6.09312E-03
1.01684E-08 2.15473E-02
1.03225E-08 5.04653E-02
1.04765E-08 7.97458E-02
1.06306E-08 7.97446E-02
1.07847E-08 2.73782E-02
1.09387E-08 -6.47526E-02
1.10928E-08 -1.44436E-01
1.12469E-08 -1.53161E-01
1.14009E-08 -7.38955E-02
1.15550E-08 4.73557E-02
1.17091E-08 1.29281E-01
1.18631E-08 1.14996E-01
1.20172E-08 1.72913E-02
1.21713E-08 -8.87035E-02
1.23253E-08 -1.22379E-01
1.24794E-08 -6.01351E-02
1.26335E-08 4.65110E-02
1.27875E-08 1.12352E-01
1.29416E-08 8.65441E-02
1.30957E-08 -7.47414E-03
1.32497E-08 -9.22274E-02
1.34038E-08 -9.97080E-02
1.35579E-08 -2.61413E-02
1.37119E-08 6.63858E-02
1.38660E-08 1.01942E-01
1.40201E-08 5.30398E-02
1.41741E-08 -3.79762E-02
1.43282E-08 -9.52460E-02
1.44823E-08 -7.25038E-02
1.46363E-08 9.48375E-03
1.47904E-08 8.15347E-02
1.49445E-08 8.42780E-02
1.50985E-08 1.70730E-02
1.52526E-08 -6.27124E-02
1.54067E-08 -8.85207E-02
1.55607E-08 -4.00827E-02
1.57148E-08 4.06714E-02
1.58689E-08 8.57662E-02
1.60229E-08 5.83333E-02
1.61770E-08 -1.72494E-02
1.63311E-08 -7.68783E-02
1.64851E-08 -7.10169E-02
1.66392E-08 -5.83027E-03
1.67933E-08 6.29906E-02
1.69473E-08 7.77318E-02
1.71014E-08 2.70252E-02
1.72555E-08 -4.54348E-02
1.74095E-08 -7.84710E-02
1.75636E-08 -4.50356E-02
1.77177E-08 2.56601E-02
1.78717E-08 7.35958E-02
1.80258E-08 5.88563E-02
1.81799E-08 -5.14770E-03
1.83339E-08 -6.37917E-02
1.84880E-08 -6.78133E-02
1.86421E-08 -1.46735E-02
1.87961E-08 5.00107E-02
1.89502E-08 7.15830E-02
1.91043E-08 3.25067E-02
1.92583E-08 -3.34002E-02
1.94124E-08 -7.01911E-02
1.95665E-08 -4.72561E-02
1.97205E-08 1.52245E-02
1.98746E-08 6.39930E-02
2.00287E-08 5.80829E-02
2.01827E-08 3.21757E-03
2.03368E-08 -5.36354E-02
2.04909E-08 -6.44437E-02
2.06449E-08 -2.06742E-02
2.07990E-08 4.00033E-02
2.09531E-08 6.61104E-02
2.11071E-08 3.60159E-02
2.12612E-08 -2.41537E-02
2.14153E-08 -6.31703E-02
2.15693E-08 -4.83007E-02
2.17234E-08 7.24214E-03
2.18775E-08 5.60074E-02
2.20315E-08 5.68258E-02
2.21856E-08 9.55423E-03
2.23397E-08 -4.52665E-02
2.24937E-08 -6.11626E-02
2.26478E-08 -2.51123E-02
2.28019E-08 3.18014E-02
2.29559E-08 6.11737E-02
2.31100E-08 3.84328E-02
2.32641E-08 -1.66130E-02
2.34181E-08 -5.70107E-02
2.35722E-08 -4.86996E-02
2.37263E-08 7.79778E-04
2.38803E-08 4.90948E-02
2.40344E-08 5.53262E-02
2.41885E-08 1.46144E-02
2.43425E-08 -3.80800E-02
2.44966E-08 -5.79857E-02
2.46507E-08 -2.85506E-02
2.48047E-08 2.48033E-02
2.49588E-08 5.66236E-02
2.51129E-08 4.01388E-02
2.52669E-08 -1.02248E-02
2.54210E-08 -5.14531E-02
2.55751E-08 -4.86716E-02
2.57291E-08 -4.63871E-03
2.58832E-08 4.29325E-02
2.60373E-08 5.36651E-02
2.61913E-08 1.87816E-02
2.63454E-08 -3.17290E-02
2.64995E-08 -5.48836E-02
2.66535E-08 -3.12748E-02
2.68076E-08 1.86683E-02
2.69617E-08 5.23486E-02
2.71157E-08 4.13246E-02
2.72698E-08 -4.67685E-03
2.74239E-08 -4.63297E-02
2.75779E-08 -4.83206E-02
2.77320E-08 -9.28211E-03
2.78861E-08 3.73209E-02
2.80401E-08 5.18714E-02
2.81942E-08 2.22724E-02
2.83483E-08 -2.60022E-02
2.85023E-08 -5.18245E-02
2.86564E-08 -3.34459E-02
2.88105E-08 1.31899E-02
2.89645E-08 4.82705E-02
2.91186E-08 4.20962E-02
2.92727E-08 2.20110E-04
2.94267E-08 -4.15309E-02
2.95808E-08 -4.77019E-02
2.97349E-08 -1.33136E-02
2.98889E-08 3.21321E-02
3.00430E-08 4.99563E-02
3.01971E-08 2.52185E-02
3.03511E-08 -2.07650E-02
3.05052E-08 -4.87832E-02
3.06593E-08 -3.51617E-02
3.08133E-08 8.23654E-03
3.09674E-08 4.43362E-02
3.11215E-08 4.25182E-02
3.12755E-08 4.58689E-03
3.14296E-08 -3.69842E-02
3.15837E-08 -4.68488E-02
3.17377E-08 -1.68377E-02
3.18918E-08 2.72818E-02
3.20459E-08 4.79255E-02
3.21999E-08 2.77049E-02
3.23540E-08 -1.59290E-02
3.25081E-08 -4.57421E-02
3.26621E-08 -3.64863E-02
3.28162E-08 3.72146E-03
3.29703E-08 4.05104E-02
3.31243E-08 4.26332E-02
3.32784E-08 8.50372E-03
3.34325E-08 -3.26413E-02
3.35865E-08 -4.57838E-02
3.37406E-08 -1.99248E-02
3.38947E-08 2.27142E-02
3.40487E-08 4.57832E-02
3.42028E-08 2.97895E-02
3.43569E-08 -1.14347E-02
3.45109E-08 -4.26904E-02
3.46650E-08 -3.74636E-02
3.48191E-08 -4.14111E-04
3.49731E-08 3.67699E-02
3.51272E-08 4.24714E-02
3.52813E-08 1.20256E-02
3.54353E-08 -2.84702E-02
3.55894E-08 -4.45237E-02
3.57435E-08 -2.26235E-02
3.58975E-08 1.83914E-02
3.60516E-08 4.35345E-02
3.62057E-08 3.15131E-02
3.63597E-08 -7.24179E-03
3.65138E-08 -3.96226E-02
3.66679E-08 -3.81259E-02
3.68219E-08 -4.21080E-03
3.69760E-08 3.31007E-02
3.71301E-08 4.20558E-02
3.72841E-08 1.51913E-02
3.74382E-08 -2.44505E-02
3.75923E-08 -4.30828E-02
3.77463E-08 -2.49691E-02
3.79004E-08 1.42886E-02
3.80545E-08 4.11852E-02
3.82085E-08 3.29062E-02
3.83626E-08 -3.32264E-03
3.85167E-08 -3.65373E-02
3.86707E-08 -3.84980E-02
3.88248E-08 -7.69709E-03
3.89789E-08 2.94952E-02
3.91329E-08 4.14054E-02
3.92870E-08 1.80286E-02
3.94411E-08 -2.05695E-02
3.95951E-08 -4.14741E-02
3.97492E-08 -2.69876E-02
3.99033E-08 1.03893E-02
4.00573E-08 3.87425E-02
4.02114E-08 3.39921E-02
4.03655E-08 3.41594E-04
4.05195E-08 -3.34364E-02
4.06736E-08 -3.86001E-02
4.08277E-08 -1.08932E-02
4.09817E-08 2.59506E-02
4.11358E-08 4.05365E-02
4.12899E-08 2.05583E-02
4.14439E-08 -1.68204E-02
4.15980E-08 -3.97098E-02
4.17521E-08 -2.86993E-02
4.19061E-08 6.68354E-03
4.20602E-08 3.62149E-02
4.22143E-08 3.47900E-02
4.23683E-08 3.76363E-03
4.25224E-08 -3.03243E-02
4.26765E-08 -3.84492E-02
4.28305E-08 -1.38138E-02
4.29846E-08 2.24677E-02
4.31387E-08 3.94641E-02
4.32927E-08 2.27961E-02
4.34468E-08 -1.32005E-02
4.36009E-08 -3.78024E-02
4.37549E-08 -3.01204E-02
4.39090E-08 3.16539E-03
4.40631E-08 3.36116E-02
4.42171E-08 3.53158E-02
4.43712E-08 6.95192E-03
4.45253E-08 -2.72074E-02
4.46793E-08 -3.80608E-02
4.48334E-08 -1.64694E-02
4.49875E-08 1.90496E-02
4.51415E-08 3.82022E-02
4.52956E-08 2.47542E-02
4.54497E-08 -9.70992E-03
4.56037E-08 -3.57641E-02
4.57578E-08 -3.12642E-02
4.59119E-08 -1.67826E-04
4.60659E-08 3.09430E-02
4.62200E-08 3.55836E-02
4.63741E-08 9.91192E-03
4.65281E-08 -2.40935E-02
4.66822E-08 -3.74489E-02
4.68363E-08 -1.88680E-02
4.69903E-08 1.57016E-02
4.71444E-08 3.67645E-02
4.72985E-08 2.64427E-02
4.74525E-08 -6.35114E-03
4.76066E-08 -3.36076E-02
4.77607E-08 -3.21426E-02
4.79147E-08 -3.31667E-03
4.80688E-08 2.82202E-02
4.82229E-08 3.56064E-02
4.83769E-08 1.26471E-02
4.85310E-08 -2.09917E-02
4.86851E-08 -3.66271E-02
4.88391E-08 -2.10157E-02
4.89932E-08 1.24303E-02
4.91473E-08 3.51645E-02
4.93013E-08 2.78702E-02
4.94554E-08 -3.12799E-03
4.96095E-08 -3.13458E-02
4.97635E-08 -3.27662E-02
4.99176E-08 -6.28019E-03
5.00717E-08 2.54548E-02
5.02257E-08 3.53962E-02
5.03798E-08 1.51594E-02
5.05339E-08 -1.79118E-02
5.06879E-08 -3.56086E-02
5.08420E-08 -2.29175E-02
5.09961E-08 9.24322E-03
5.11501E-08 3.34158E-02
5.13042E-08 2.90443E-02
5.14583E-08 -4.53270E-05
5.16123E-08 -2.89918E-02
5.17664E-08 -3.31450E-02
5.19205E-08 -9.05651E-03
5.20745E-08 2.26590E-02
5.22286E-08 3.49651E-02
5.23827E-08 1.74502E-02
5.25367E-08 -1.48644E-02
5.26908E-08 -3.44064E-02
5.28449E-08 -2.45777E-02
5.29989E-08 6.14868E-03
5.31530E-08 3.15318E-02
5.33071E-08 2.99723E-02
5.34611E-08 2.89132E-03
5.36152E-08 -2.65592E-02
5.37693E-08 -3.32886E-02
5.39233E-08 -1.16431E-02
5.40774E-08 1.98453E-02
5.42315E-08 3.43246E-02
5.43855E-08 1.95201E-02
5.45396E-08 -1.18603E-02
5.46937E-08 -3.30337E-02
5.48477E-08 -2.60003E-02
5.50018E-08 3.15527E-03
5.51559E-08 2.95265E-02
5.53099E-08 3.06612E-02
5.54640E-08 5.67610E-03
5.56181E-08 -2.40616E-02
5.57721E-08 -3.32068E-02
5.59262E-08 -1.40374E-02
5.60803E-08 1.70264E-02
5.62343E-08 3.34866E-02
5.63884E-08 2.13698E-02
5.65425E-08 -8.91071E-03
5.66965E-08 -3.15037E-02
5.68506E-08 -2.71892E-02
5.70047E-08 2.71788E-04
5.71587E-08 2.74138E-02
5.73128E-08 3.11179E-02
5.74669E-08 8.30307E-03
5.76209E-08 -2.15127E-02
5.77750E-08 -3.29094E-02
5.79291E-08 -1.62365E-02
5.80831E-08 1.42154E-02
5.82372E-08 3.24630E-02
5.83913E-08 2.30000E-02
5.85453E-08 -6.02670E-03
5.86994E-08 -2.98299E-02
5.88535E-08 -2.81484E-02
5.90075E-08 -2.49299E-03
5.91616E-08 2.52078E-02
5.93157E-08 3.13498E-02
5.94697E-08 1.07664E-02
5.96238E-08 -1.89266E-02
5.97779E-08 -3.24063E-02
5.99319E-08 -1.82381E-02
6.00860E-08 1.14249E-02
6.02401E-08 3.12660E-02
6.03941E-08 2.44116E-02
6.05482E-08 -3.21942E-03
6.07023E-08 -2.80258E-02
6.08563E-08 -2.88825E-02
6.10104E-08 -5.13045E-03
6.11645E-08 2.29227E-02
6.13185E-08 3.13645E-02
6.14726E-08 1.30605E-02
6.16267E-08 -1.63173E-02
6.17807E-08 -3.17079E-02
6.19348E-08 -2.00398E-02
6.20889E-08 8.66804E-03
6.22429E-08 2.99082E-02
6.23970E-08 2.56061E-02
6.25511E-08 -4.99790E-04
6.27051E-08 -2.61053E-02
6.28592E-08 -2.93963E-02
6.30133E-08 -7.63229E-03
6.31673E-08 2.05728E-02
6.33214E-08 3.11701E-02
6.34755E-08 1.51802E-02
6.36295E-08 -1.36985E-02
6.37836E-08 -3.08250E-02
6.39377E-08 -2.16400E-02
6.40917E-08 5.95734E-03
6.42458E-08 2.84022E-02
6.43999E-08 2.65852E-02
6.45539E-08 2.12158E-03
6.47080E-08 -2.40824E-02
6.48621E-08 -2.96951E-02
6.50161E-08 -9.99063E-03
6.51702E-08 1.81726E-02
6.53243E-08 3.07750E-02
6.54783E-08 1.71209E-02
6.56324E-08 -1.10843E-02
6.57865E-08 -2.97688E-02
6.59405E-08 -2.30376E-02
6.60946E-08 3.30526E-03
6.62487E-08 2.67612E-02
6.64027E-08 2.73517E-02
6.65568E-08 4.63447E-03
6.67109E-08 -2.19713E-02
6.68649E-08 -2.97849E-02
6.70190E-08 -1.21981E-02
6.71731E-08 1.57364E-02
6.73271E-08 3.01883E-02
6.74812E-08 1.88786E-02
6.76353E-08 -8.48828E-03
6.77893E-08 -2.85507E-02
6.79434E-08 -2.42322E-02
6.80975E-08 7.23878E-04
6.82515E-08 2.49985E-02
6.84056E-08 2.79085E-02
6.85597E-08 7.02914E-03
6.87137E-08 -1.97863E-02
6.88678E-08 -2.96723E-02
6.90219E-08 -1.42480E-02
6.91759E-08 1.32785E-02
6.93300E-08 2.94196E-02
6.94841E-08 2.04498E-02
6.96381E-08 -5.92380E-03
6.97922E-08 -2.71828E-02
6.99463E-08 -2.52241E-02
7.01003E-08 -1.77514E-03
7.02544E-08 2.31278E-02
7.04085E-08 2.82596E-02
7.05625E-08 9.29645E-03
7.07166E-08 -1.75418E-02
7.08707E-08 -2.93646E-02
7.10247E-08 -1.61341E-02
7.11788E-08 1.08131E-02
7.13329E-08 2.84791E-02
7.14869E-08 2.18320E-02
7.16410E-08 -3.40400E-03
7.17951E-08 -2.56774E-02
7.19491E-08 -2.60142E-02
7.21032E-08 -4.18062E-03
7.22573E-08 2.11627E-02
7.24113E-08 2.84096E-02
7.25654E-08 1.14279E-02
7.27195E-08 -1.52520E-02
7.28735E-08 -2.88697E-02
7.30276E-08 -1.78513E-02
7.31817E-08 8.35415E-03
7.33357E-08 2.73774E-02
7.34898E-08 2.30234E-02
7.36439E-08 -9.41570E-04
7.37979E-08 -2.40474E-02
7.39520E-08 -2.66044E-02
7.41061E-08 -6.48196E-03
7.42601E-08 1.91174E-02
7.44142E-08 2.83639E-02
7.45683E-08 1.34155E-02
7.47223E-08 -1.29314E-02
7.48764E-08 -2.81960E-02
7.50305E-08 -1.93949E-02
7.51845E-08 5.91544E-03
7.53386E-08 2.61256E-02
7.54927E-08 2.40231E-02
7.56467E-08 1.45123E-03
7.58008E-08 -2.23056E-02
7.59549E-08 -2.69975E-02
7.61089E-08 -8.66919E-03
7.62630E-08 1.70059E-02
7.64171E-08 2.81286E-02
7.65711E-08 1.52525E-02
7.67252E-08 -1.05940E-02
7.68793E-08 -2.73529E-02
7.70333E-08 -2.07612E-02
7.71874E-08 3.51034E-03
7.73415E-08 2.47355E-02
7.74955E-08 2.48310E-02
7.76496E-08 3.76269E-03
7.78037E-08 -2.04656E-02
7.79577E-08 -2.71969E-02
7.81118E-08 -1.07330E-02
7.82659E-08 1.48422E-02
7.84199E-08 2.77107E-02
7.85740E-08 1.69324E-02
7.87281E-08 -8.25403E-03
7.88821E-08 -2.63500E-02
7.90362E-08 -2.19475E-02
7.91903E-08 1.15186E-03
7.93443E-08 2.32190E-02
7.94984E-08 2.54478E-02
7.96525E-08 5.98165E-03
7.98065E-08 -1.85407E-02
7.99606E-08 -2.72070E-02
8.01147E-08 -1.26649E-02
8.02687E-08 1.26407E-02
8.04228E-08 2.71176E-02
8.05769E-08 1.84498E-02
8.07309E-08 -5.92518E-03
8.08850E-08 -2.51978E-02
8.10391E-08 -2.29518E-02
8.11931E-08 -1.14746E-03
8.13472E-08 2.15887E-02
8.15013E-08 2.58753E-02
8.16553E-08 8.09763E-03
8.18094E-08 -1.65447E-02
8.19635E-08 -2.70329E-02
8.21175E-08 -1.44571E-02
8.22716E-08 1.04153E-02
8.24257E-08 2.63579E-02
8.25797E-08 1.98003E-02
8.27338E-08 -3.62095E-03
8.28879E-08 -2.39071E-02
8.30419E-08 -2.37732E-02
8.31960E-08 -3.37556E-03
8.33501E-08 1.98572E-02
8.35041E-08 2.61160E-02
8.36582E-08 1.01008E-02
8.38123E-08 -1.44914E-02
8.39663E-08 -2.66808E-02
8.41204E-08 -1.61026E-02
8.42745E-08 8.17986E-03
8.44285E-08 2.54404E-02
8.45826E-08 2.09803E-02
8.47367E-08 -1.35447E-03
8.48907E-08 -2.24895E-02
8.50448E-08 -2.44116E-02
8.51989E-08 -5.52101E-03
8.53529E-08 1.80377E-02
8.55070E-08 2.61735E-02
8.56611E-08 1.19822E-02
8.58151E-08 -1.23946E-02
8.59692E-08 -2.61574E-02
8.61233E-08 -1.75955E-02
8.62773E-08 5.94820E-03
8.64314E-08 2.43748E-02
8.65855E-08 2.19871E-02
8.67395E-08 8.61605E-04
8.68936E-08 -2.09567E-02
8.70477E-08 -2.48678E-02
8.72017E-08 -7.57299E-03
8.73558E-08 1.61435E-02
8.75099E-08 2.60522E-02
8.76639E-08 1.37335E-02
8.78180E-08 -1.02682E-02
8.79721E-08 -2.54701E-02
8.81261E-08 -1.89306E-02
8.82802E-08 3.73372E-03
8.84343E-08 2.31714E-02
8.85883E-08 2.28190E-02
8.87424E-08 3.01507E-03
8.88965E-08 -1.93210E-02
8.90505E-08 -2.51438E-02
8.92046E-08 -9.52136E-03
8.93587E-08 1.41878E-02
8.95127E-08 2.57572E-02
8.96668E-08 1.53473E-02
8.98209E-08 -8.12585E-03
8.99749E-08 -2.46275E-02
9.01290E-08 -2.01036E-02
9.02831E-08 1.54951E-03
9.04371E-08 2.18409E-02
9.05912E-08 2.34752E-02
9.07453E-08 5.09432E-03
9.08993E-08 -1.75949E-02
9.10534E-08 -2.52423E-02
9.12075E-08 -1.13567E-02
9.13615E-08 1.21844E-02
9.15156E-08 2.52946E-02
9.16697E-08 1.68171E-02
9.18237E-08 -5.98109E-03
9.19778E-08 -2.36383E-02
9.21319E-08 -2.11113E-02
9.22859E-08 -5.91735E-04
9.24400E-08 2.03945E-02
9.25941E-08 2.39559E-02
9.27481E-08 7.08833E-03
9.29022E-08 -1.57912E-02
9.30563E-08 -2.51669E-02
9.32103E-08 -1.30705E-02
9.33644E-08 1.01465E-02
9.35185E-08 2.46713E-02
9.36725E-08 1.81373E-02
9.38266E-08 -3.84722E-03
9.39807E-08 -2.25122E-02
9.41347E-08 -2.19515E-02
9.42888E-08 -2.67778E-03
9.44429E-08 1.88441E-02
9.45969E-08 2.42624E-02
9.47510E-08 8.98676E-03
9.49051E-08 -1.39230E-02
9.50591E-08 -2.49221E-02
9.52132E-08 -1.46549E-02
9.53673E-08 8.08773E-03
9.55213E-08 2.38950E-02
9.56754E-08 1.93030E-02
9.58295E-08 -1.73727E-03
9.59835E-08 -2.12593E-02
9.61376E-08 -2.26226E-02
9.62917E-08 -4.69693E-03
9.64457E-08 1.72016E-02
9.65998E-08 2.43967E-02
9.67539E-08 1.07800E-02
9.69079E-08 -1.20033E-02
9.70620E-08 -2.45135E-02
9.72161E-08 -1.61030E-02
9.73701E-08 6.02138E-03
9.75242E-08 2.29739E-02
9.76783E-08 2.03106E-02
9.78323E-08 3.36151E-04
9.79864E-08 -1.98904E-02
9.81405E-08 -2.31245E-02
9.82945E-08 -6.63808E-03
9.84486E-08 1.54794E-02
9.86027E-08 2.43618E-02
9.87567E-08 1.24592E-02
9.89108E-08 -1.00454E-02
9.90649E-08 -2.39472E-02
9.92189E-08 -1.74089E-02
9.93730E-08 3.96055E-03
9.95271E-08 2.19171E-02
9.96811E-08 2.11574E-02
9.98352E-08 2.36083E-03
9.99893E-08 -1.84167E-02
1.00143E-07 -2.34577E-02
1.00297E-07 -8.49075E-03
1.00451E-07 1.36900E-02
1.00606E-07 2.41618E-02
1.00760E-07 1.40162E-02
1.00914E-07 -8.06232E-03
1.01068E-07 -2.32303E-02
1.01222E-07 -1.85672E-02
1.01376E-07 1.91812E-03
1.01530E-07 2.07341E-02
1.01684E-07 2.18413E-02
1.01838E-07 4.32506E-03
1.01992E-07 -1.68497E-02
1.02146E-07 -2.36237E-02
1.02300E-07 -1.02452E-02
1.02454E-07 1.18463E-02
1.02608E-07 2.38014E-02
1.02762E-07 1.54440E-02
1.02917E-07 -6.06725E-03
1.03071E-07 -2.23705E-02
1.03225E-07 -1.95741E-02
1.03379E-07 -9.33842E-05
1.03533E-07 1.94352E-02
1.03687E-07 2.23617E-02
1.03841E-07 6.21770E-03
1.03995E-07 -1.52014E-02
1.04149E-07 -2.36251E-02
1.04303E-07 -1.18923E-02
1.04457E-07 9.96107E-03
1.04611E-07 2.32864E-02
1.04765E-07 1.67361E-02
1.04919E-07 -4.07308E-03
1.05073E-07 -2.13762E-02
1.05228E-07 -2.04261E-02
1.05382E-07 -2.06184E-03
1.05536E-07 1.80311E-02
1.05690E-07 2.27185E-02
1.05844E-07 8.02821E-03
1.05998E-07 -1.34838E-02
1.06152E-07 -2.34652E-02
1.06306E-07 -1.34239E-02
1.06460E-07 8.04715E-03
1.06614E-07 2.26232E-02
1.06768E-07 1.78872E-02
1.06922E-07 -2.09248E-03
1.07076E-07 -2.02567E-02
1.07230E-07 -2.11211E-02
1.07384E-07 -3.97559E-03
1.07539E-07 1.65329E-02
1.07693E-07 2.29129E-02
1.07847E-07 9.74672E-03
1.08001E-07 -1.17095E-02
1.08155E-07 -2.31485E-02
1.08309E-07 -1.48325E-02
1.08463E-07 6.11736E-03
1.08617E-07 2.18190E-02
1.08771E-07 1.88927E-02
1.08925E-07 -1.37835E-04
1.09079E-07 -1.90216E-02
1.09233E-07 -2.16578E-02
1.09387E-07 -5.82348E-03
1.09541E-07 1.49520E-02
1.09695E-07 2.29469E-02
1.09850E-07 1.13641E-02
1.10004E-07 -9.89077E-03
1.10158E-07 -2.26799E-02
1.10312E-07 -1.61116E-02
1.10466E-07 4.18439E-03
1.10620E-07 2.08818E-02
1.10774E-07 1.97491E-02
1.10928E-07 1.77883E-03
1.11082E-07 -1.76811E-02
1.11236E-07 -2.20358E-02
1.11390E-07 -7.59496E-03
1.11544E-07 1.33002E-02
1.11698E-07 2.28235E-02
1.11852E-07 1.28718E-02
1.12006E-07 -8.04032E-03
1.12161E-07 -2.20656E-02
1.12315E-07 -1.72554E-02
1.12469E-07 2.26073E-03
1.12623E-07 1.98203E-02
1.12777E-07 2.04537E-02
1.12931E-07 3.64591E-03
1.13085E-07 -1.62458E-02
1.13239E-07 -2.22559E-02
1.13393E-07 -9.28009E-03
1.13547E-07 1.15895E-02
1.13701E-07 2.25464E-02
1.13855E-07 1.42624E-02
1.14009E-07 -6.17065E-03
1.14163E-07 -2.13123E-02
1.14317E-07 -1.82593E-02
1.14472E-07 3.58606E-04
1.14626E-07 1.86436E-02
1.14780E-07 2.10050E-02
1.14934E-07 5.45232E-03
1.15088E-07 -1.47269E-02
1.15242E-07 -2.23195E-02
1.15396E-07 -1.08696E-02
1.15550E-07 9.83216E-03
1.15704E-07 2.21204E-02
1.15858E-07 1.55291E-02
1.16012E-07 -4.29421E-03
1.16166E-07 -2.04274E-02
1.16320E-07 -1.91193E-02
1.16474E-07 -1.51009E-03
1.16628E-07 1.73616E-02
1.16783E-07 2.14022E-02
1.16937E-07 7.18750E-03
1.17091E-07 -1.31357E-02
1.17245E-07 -2.22293E-02
1.17399E-07 -1.23551E-02
1.17553E-07 8.04034E-03
1.17707E-07 2.15509E-02
1.17861E-07 1.66659E-02
1.18015E-07 -2.42326E-03
1.18169E-07 -1.94192E-02
1.18323E-07 -1.98324E-02
1.18477E-07 -3.33384E-03
1.18631E-07 1.59844E-02
1.18785E-07 2.16456E-02
1.18939E-07 8.84150E-03
1.19094E-07 -1.14840E-02
1.19248E-07 -2.19886E-02
1.19402E-07 -1.37287E-02
1.19556E-07 6.22634E-03
1.19710E-07 2.08444E-02
1.19864E-07 1.76679E-02
1.20018E-07 -5.69885E-04
1.20172E-07 -1.82965E-02
1.20326E-07 -2.03969E-02
1.20480E-07 -5.10163E-03
1.20634E-07 1.45228E-02
1.20788E-07 2.17364E-02
1.20942E-07 1.04050E-02
1.21096E-07 -9.78339E-03
1.21250E-07 -2.16016E-02
1.21405E-07 -1.49835E-02
1.21559E-07 4.40234E-03
1.21713E-07 2.00078E-02
1.21867E-07 1.85308E-02
1.22021E-07 1.25418E-03
1.22175E-07 -1.70685E-02
1.22329E-07 -2.08115E-02
1.22483E-07 -6.80292E-03
1.22637E-07 1.29878E-02
1.22791E-07 2.16767E-02
1.22945E-07 1.18695E-02
1.23099E-07 -8.04600E-03
1.23253E-07 -2.10736E-02
1.23407E-07 -1.61135E-02
1.23561E-07 2.58044E-03
1.23716E-07 1.90489E-02
1.23870E-07 1.92517E-02
1.24024E-07 3.03753E-03
1.24178E-07 -1.57452E-02
1.24332E-07 -2.10763E-02
1.24486E-07 -8.42777E-03
1.24640E-07 1.13907E-02
1.24794E-07 2.14695E-02
1.24948E-07 1.32270E-02
1.25102E-07 -6.28378E-03
1.25256E-07 -2.04103E-02
1.25410E-07 -1.71134E-02
1.25564E-07 7.72505E-04
1.25718E-07 1.79762E-02
1.25872E-07 1.98281E-02
1.26027E-07 4.76921E-03
1.26181E-07 -1.43368E-02
1.26335E-07 -2.11921E-02
1.26489E-07 -9.96686E-03
1.26643E-07 9.74296E-03
1.26797E-07 2.11187E-02
1.26951E-07 1.44706E-02
1.27105E-07 -4.50869E-03
1.27259E-07 -1.96185E-02
1.27413E-07 -1.79790E-02
1.27567E-07 -1.00986E-03
1.27721E-07 1.67984E-02
1.27875E-07 2.02587E-02
1.28029E-07 6.43875E-03
1.28183E-07 -1.28541E-02
1.28338E-07 -2.11606E-02
1.28492E-07 -1.14115E-02
1.28646E-07 8.05633E-03
1.28800E-07 2.06291E-02
1.28954E-07 1.55940E-02
1.29108E-07 -2.73260E-03
1.29262E-07 -1.87055E-02
1.29416E-07 -1.87067E-02
1.29570E-07 -2.75539E-03
1.29724E-07 1.55253E-02
1.29878E-07 2.05432E-02
1.30032E-07 8.03623E-03
1.30186E-07 -1.13080E-02
1.30340E-07 -2.09846E-02
1.30494E-07 -1.27539E-02
1.30649E-07 6.34249E-03
1.30803E-07 2.00061E-02
1.30957E-07 1.65918E-02
1.31111E-07 -9.67194E-04
1.31265E-07 -1.76793E-02
1.31419E-07 -1.92940E-02
1.31573E-07 -4.45320E-03
1.31727E-07 1.41666E-02
1.31881E-07 2.06822E-02
1.32035E-07 9.55230E-03
1.32189E-07 -9.70965E-03
1.32343E-07 -2.06674E-02
1.32497E-07 -1.39868E-02
1.32651E-07 4.61318E-03
1.32805E-07 1.92560E-02
1.32960E-07 1.74595E-02
1.33114E-07 7.76075E-04
1.33268E-07 -1.65485E-02
1.33422E-07 -1.97394E-02
1.33576E-07 -6.09290E-03
1.33730E-07 1.27327E-02
1.33884E-07 2.06769E-02
1.34038E-07 1.09783E-02
1.34192E-07 -8.07053E-03
1.34346E-07 -2.02136E-02
1.34500E-07 -1.51038E-02
1.34654E-07 2.88005E-03
1.34808E-07 1.83858E-02
1.34962E-07 1.81934E-02
1.35116E-07 2.48606E-03
1.35271E-07 -1.53223E-02
1.35425E-07 -2.00422E-02
1.35579E-07 -7.66457E-03
1.35733E-07 1.12344E-02
1.35887E-07 2.05298E-02
1.36041E-07 1.23063E-02
1.36195E-07 -6.40208E-03
1.36349E-07 -1.96282E-02
1.36503E-07 -1.60994E-02
1.36657E-07 1.15459E-03
1.36811E-07 1.74032E-02
1.36965E-07 1.87909E-02
1.37119E-07 4.15200E-03
1.37273E-07 -1.40102E-02
1.37427E-07 -2.02027E-02
1.37582E-07 -9.15892E-03
1.37736E-07 9.68242E-03
1.37890E-07 2.02441E-02
1.38044E-07 1.35289E-02
1.38198E-07 -4.71577E-03
1.38352E-07 -1.89171E-02
1.38506E-07 -1.69690E-02
1.38660E-07 -5.51887E-04
1.38814E-07 1.63164E-02
1.38968E-07 1.92500E-02
1.39122E-07 5.76354E-03
1.39276E-07 -1.26222E-02
1.39430E-07 -2.02219E-02
1.39584E-07 -1.05672E-02
1.39738E-07 8.08796E-03
1.39893E-07 1.98237E-02
1.40047E-07 1.46398E-02
1.40201E-07 -3.02306E-03
1.40355E-07 -1.80871E-02
1.40509E-07 -1.77086E-02
1.40663E-07 -2.22838E-03
1.40817E-07 1.51342E-02
1.40971E-07 1.95699E-02
1.41125E-07 7.31085E-03
1.41279E-07 -1.11687E-02
1.41433E-07 -2.01020E-02
1.41587E-07 -1.18815E-02
1.41741E-07 6.46222E-03
1.41895E-07 1.92736E-02
1.42049E-07 1.56333E-02
1.42204E-07 -1.33526E-03
1.42358E-07 -1.71455E-02
1.42512E-07 -1.83154E-02
1.42666E-07 -3.86422E-03
1.42820E-07 1.38659E-02
1.42974E-07 1.97505E-02
1.43128E-07 8.78462E-03
1.43282E-07 -9.66042E-03
1.43436E-07 -1.98457E-02
1.43590E-07 -1.30944E-02
1.43744E-07 4.81645E-03
1.43898E-07 1.85993E-02
1.44052E-07 1.65044E-02
1.44206E-07 3.36489E-04
1.44360E-07 -1.61000E-02
1.44515E-07 -1.87873E-02
1.44669E-07 -5.44914E-03
1.44823E-07 1.25211E-02
1.44977E-07 1.97927E-02
1.45131E-07 1.01761E-02
1.45285E-07 -8.10807E-03
1.45439E-07 -1.94568E-02
1.45593E-07 -1.41994E-02
1.45747E-07 3.16190E-03
1.45901E-07 1.78071E-02
1.46055E-07 1.72493E-02
1.46209E-07 1.98131E-03
1.46363E-07 -1.49593E-02
1.46517E-07 -1.91231E-02
1.46671E-07 -6.97336E-03
1.46826E-07 1.11100E-02
1.46980E-07 1.96982E-02
1.47134E-07 1.14774E-02
1.47288E-07 -6.52266E-03
1.47442E-07 -1.89399E-02
1.47596E-07 -1.51906E-02
1.47750E-07 1.50970E-03
1.47904E-07 1.69040E-02
1.48058E-07 1.78648E-02
1.48212E-07 3.58866E-03
1.48366E-07 -1.37323E-02
1.48520E-07 -1.93227E-02
1.48674E-07 -8.42759E-03
1.48828E-07 9.64292E-03
1.48982E-07 1.94697E-02
1.49137E-07 1.26810E-02
1.49291E-07 -4.91523E-03
1.49445E-07 -1.83002E-02
1.49599E-07 -1.60632E-02
1.49753E-07 -1.29171E-04
1.49907E-07 1.58976E-02
1.50061E-07 1.83487E-02
1.50215E-07 5.14834E-03
1.50369E-07 -1.24284E-02
1.50523E-07 -1.93864E-02
1.50677E-07 -9.80315E-03
1.50831E-07 8.13040E-03
1.50985E-07 1.91105E-02
1.51139E-07 1.37802E-02
1.51293E-07 -3.29681E-03
1.51448E-07 -1.75437E-02
1.51602E-07 -1.68130E-02
1.51756E-07 -1.74398E-03
1.51910E-07 1.47962E-02
1.52064E-07 1.86995E-02
1.52218E-07 6.65062E-03
1.52372E-07 -1.10574E-02
1.52526E-07 -1.93160E-02
1.52680E-07 -1.10920E-02
1.52834E-07 6.58319E-03
1.52988E-07 1.86249E-02
1.53142E-07 1.47693E-02
1.53296E-07 -1.67836E-03
1.53450E-07 -1.66771E-02
1.53604E-07 -1.74366E-02
1.53759E-07 -3.32427E-03
1.53913E-07 1.36083E-02
1.54067E-07 1.89168E-02
1.54221E-07 8.08628E-03
1.54375E-07 -9.62933E-03
1.54529E-07 -1.91137E-02
1.54683E-07 -1.22866E-02
1.54837E-07 5.01211E-03
1.54991E-07 1.80179E-02
1.55145E-07 1.56432E-02
1.55299E-07 -7.06922E-05
1.55453E-07 -1.57077E-02
1.55607E-07 -1.79317E-02
1.55761E-07 -4.85995E-03
1.55915E-07 1.23431E-02
1.56070E-07 1.90010E-02
1.56224E-07 9.44662E-03
1.56378E-07 -8.15459E-03
1.56532E-07 -1.87826E-02
1.56686E-07 -1.33804E-02
1.56840E-07 3.42800E-03
1.56994E-07 1.72953E-02
1.57148E-07 1.63974E-02
1.57302E-07 1.51558E-03
1.57456E-07 -1.46435E-02
1.57610E-07 -1.82967E-02
1.57764E-07 -6.34136E-03
1.57918E-07 1.10101E-02
1.58072E-07 1.89533E-02
1.58226E-07 1.07236E-02
1.58381E-07 -6.64365E-03
1.58535E-07 -1.83268E-02
1.58689E-07 -1.43673E-02
1.58843E-07 1.84162E-03
1.58997E-07 1.64633E-02
1.59151E-07 1.70287E-02
1.59305E-07 3.07013E-03
1.59459E-07 -1.34927E-02
1.59613E-07 -1.85309E-02
1.59767E-07 -7.75930E-03
1.59921E-07 9.61910E-03
1.60075E-07 1.87758E-02
1.60229E-07 1.19096E-02
1.60383E-07 -5.10713E-03
1.60537E-07 -1.77508E-02
1.60692E-07 -1.52423E-02
1.60846E-07 2.63655E-04
1.61000E-07 1.55290E-02
1.61154E-07 1.75345E-02
1.61308E-07 4.58295E-03
1.61462E-07 -1.22642E-02
1.61616E-07 -1.86344E-02
1.61770E-07 -9.10510E-03
1.61924E-07 8.18029E-03
1.62078E-07 1.84714E-02
1.62232E-07 1.29981E-02
1.62386E-07 -3.55566E-03
1.62540E-07 -1.70603E-02
1.62694E-07 -1.60008E-02
1.62848E-07 -1.29544E-03
1.63003E-07 1.45001E-02
1.63157E-07 1.79129E-02
1.63311E-07 6.04444E-03
1.63465E-07 -1.09674E-02
1.63619E-07 -1.86083E-02
1.63773E-07 -1.03707E-02
1.63927E-07 6.70389E-03
1.64081E-07 1.80438E-02
1.64235E-07 1.39830E-02
1.64389E-07 -1.99985E-03
1.64543E-07 -1.62612E-02
1.64697E-07 -1.66393E-02
1.64851E-07 -2.82543E-03
1.65005E-07 1.33847E-02
1.65159E-07 1.81630E-02
1.65314E-07 7.44545E-03
1.65468E-07 -9.61180E-03
1.65622E-07 -1.84544E-02
1.65776E-07 -1.15485E-02
1.65930E-07 5.20030E-03
1.66084E-07 1.74974E-02
1.66238E-07 1.48589E-02
1.66392E-07 -4.50209E-04
1.66546E-07 -1.53604E-02
1.66700E-07 -1.71551E-02
1.66854E-07 -4.31641E-03
1.67008E-07 1.21913E-02
1.67162E-07 1.82849E-02
1.67316E-07 8.77733E-03
1.67470E-07 -8.20724E-03
1.67625E-07 -1.81753E-02
1.67779E-07 -1.26319E-02
1.67933E-07 3.67998E-03
1.68087E-07 1.68374E-02
1.68241E-07 1.56214E-02
1.68395E-07 1.08293E-03
1.68549E-07 -1.43652E-02
1.68703E-07 -1.75462E-02
1.68857E-07 -5.75886E-03
1.69011E-07 1.09289E-02
1.69165E-07 1.82793E-02
1.69319E-07 1.00320E-02
1.69473E-07 -6.76379E-03
1.69627E-07 -1.77746E-02
1.69781E-07 -1.36147E-02
1.69936E-07 2.15336E-03
1.70090E-07 1.60697E-02
1.70244E-07 1.62667E-02
1.70398E-07 2.58945E-03
1.70552E-07 -1.32834E-02
1.70706E-07 -1.78115E-02
1.70860E-07 -7.14366E-03
1.71014E-07 9.60703E-03
1.71168E-07 1.81479E-02
1.71322E-07 1.12020E-02
1.71476E-07 -5.29166E-03
1.71630E-07 -1.72564E-02
1.71784E-07 -1.44915E-02
1.71938E-07 6.30794E-04
1.72092E-07 1.52008E-02
1.72247E-07 1.67921E-02
1.72401E-07 4.05954E-03
1.72555E-07 -1.21235E-02
1.72709E-07 -1.79509E-02
1.72863E-07 -8.46221E-03
1.73017E-07 8.23519E-03
1.73171E-07 1.78930E-02
1.73325E-07 1.22804E-02
1.73479E-07 -3.80112E-03
1.73633E-07 -1.66256E-02
1.73787E-07 -1.52577E-02
1.73941E-07 -8.77506E-04
1.74095E-07 1.42378E-02
1.74249E-07 1.71953E-02
1.74403E-07 5.48374E-03
1.74558E-07 -1.08941E-02
1.74712E-07 -1.79649E-02
1.74866E-07 -9.70642E-03
1.75020E-07 6.82326E-03
1.75174E-07 1.75179E-02
1.75328E-07 1.32612E-02
1.75482E-07 -2.30243E-03
1.75636E-07 -1.58879E-02
1.75790E-07 -1.59096E-02
1.75944E-07 -2.36155E-03
1.76098E-07 1.31882E-02
1.76252E-07 1.74751E-02
1.76406E-07 6.85299E-03
1.76560E-07 -9.60446E-03
1.76714E-07 -1.78549E-02
1.76869E-07 -1.08688E-02
1.77023E-07 5.38124E-03
1.77177E-07 1.70266E-02
1.77331E-07 1.41388E-02
1.77485E-07 -8.05802E-04
1.77639E-07 -1.50494E-02
1.77793E-07 -1.64440E-02
1.77947E-07 -3.81160E-03
1.78101E-07 1.20603E-02
1.78255E-07 1.76311E-02
1.78409E-07 8.15873E-03
1.78563E-07 -8.26395E-03
1.78717E-07 -1.76231E-02
1.78871E-07 -1.19425E-02
1.79025E-07 3.91923E-03
1.79180E-07 1.64237E-02
1.79334E-07 1.49085E-02
1.79488E-07 6.78686E-04
1.79642E-07 -1.41172E-02
1.79796E-07 -1.68587E-02
1.79950E-07 -5.21829E-03
1.80104E-07 1.08625E-02
1.80258E-07 1.76638E-02
1.80412E-07 9.39286E-03
1.80566E-07 -6.88222E-03
1.80720E-07 -1.72726E-02
1.80874E-07 -1.29212E-02
1.81028E-07 2.44732E-03
1.81182E-07 1.57147E-02
1.81336E-07 1.55665E-02
1.81491E-07 2.14115E-03
1.81645E-07 -1.30985E-02
1.81799E-07 -1.71524E-02
1.81953E-07 -6.57261E-03
1.82107E-07 9.60379E-03
1.82261E-07 1.75743E-02
1.82415E-07 1.05479E-02
1.82569E-07 -5.46908E-03
1.82723E-07 -1.68071E-02
1.82877E-07 -1.37995E-02
1.83031E-07 9.75586E-04
1.83185E-07 1.49055E-02
1.83339E-07 1.61096E-02
1.83493E-07 3.57196E-03
1.83647E-07 -1.20013E-02
1.83802E-07 -1.73244E-02
1.83956E-07 -7.86601E-03
1.84110E-07 8.29334E-03
1.84264E-07 1.73647E-02
1.84418E-07 1.16169E-02
1.84572E-07 -4.03444E-03
1.84726E-07 -1.62310E-02
1.84880E-07 -1.45726E-02
1.85034E-07 -4.86029E-04
1.85188E-07 1.40028E-02
1.85342E-07 1.65353E-02
1.85496E-07 4.96181E-03
1.85650E-07 -1.08338E-02
1.85804E-07 -1.73750E-02
1.85958E-07 -9.09044E-03
1.86113E-07 6.94059E-03
1.86267E-07 1.70377E-02
1.86421E-07 1.25937E-02
1.86575E-07 -2.58827E-03
1.86729E-07 -1.55495E-02
1.86883E-07 -1.52365E-02
1.87037E-07 -1.92775E-03
1.87191E-07 1.30138E-02
1.87345E-07 1.68422E-02
1.87499E-07 6.30175E-03
1.87653E-07 -9.60477E-03
1.87807E-07 -1.73052E-02
1.87961E-07 -1.02384E-02
1.88115E-07 5.55520E-03
1.88269E-07 1.65969E-02
1.88424E-07 1.34727E-02
1.88578E-07 -1.14047E-03
1.88732E-07 -1.47683E-02
1.88886E-07 -1.57878E-02
1.89040E-07 -3.34005E-03
1.89194E-07 1.19460E-02
1.89348E-07 1.70296E-02
1.89502E-07 7.58327E-03
1.89656E-07 -8.32319E-03
1.89810E-07 -1.71168E-02
1.89964E-07 -1.13030E-02
1.90118E-07 4.14690E-03
1.90272E-07 1.60465E-02
1.90426E-07 1.42490E-02
1.90580E-07 2.99141E-04
1.90735E-07 -1.38940E-02
1.90889E-07 -1.62241E-02
1.91043E-07 -4.71367E-03
1.91197E-07 1.08076E-02
1.91351E-07 1.70973E-02
1.91505E-07 8.79833E-03
1.91659E-07 -6.99834E-03
1.91813E-07 -1.68124E-02
1.91967E-07 -1.22778E-02
1.92121E-07 2.72548E-03
1.92275E-07 1.53914E-02
1.92429E-07 1.49184E-02
1.92583E-07 1.72089E-03
1.92737E-07 -1.29334E-02
1.92891E-07 -1.65437E-02
1.93046E-07 -6.03975E-03
1.93200E-07 9.60716E-03
1.93354E-07 1.70464E-02
1.93508E-07 9.93943E-03
1.93662E-07 -5.63965E-03
1.93816E-07 -1.63953E-02
1.93970E-07 -1.31574E-02
1.94124E-07 1.30073E-03
1.94278E-07 1.46373E-02
1.94432E-07 1.54777E-02
1.94586E-07 3.11533E-03
1.94740E-07 -1.18940E-02
1.94894E-07 -1.67457E-02
1.95048E-07 -7.30980E-03
1.95202E-07 8.35339E-03
1.95357E-07 1.68784E-02
1.95511E-07 1.09996E-02
1.95665E-07 -4.25671E-03
1.95819E-07 -1.58696E-02
1.95973E-07 -1.39366E-02
1.96127E-07 -1.17667E-04
1.96281E-07 1.37903E-02
1.96435E-07 1.59241E-02
1.96589E-07 4.47331E-03
1.96743E-07 -1.07837E-02
1.96897E-07 -1.68300E-02
1.97051E-07 -8.51580E-03
1.97205E-07 7.05540E-03
1.97359E-07 1.65958E-02
1.97513E-07 1.19726E-02
1.97668E-07 -2.85916E-03
1.97822E-07 -1.52400E-02
1.97976E-07 -1.46115E-02
1.98130E-07 -1.52015E-03
1.98284E-07 1.28572E-02
1.98438E-07 1.62559E-02
1.98592E-07 5.78600E-03
1.98746E-07 -9.61078E-03
1.98900E-07 -1.67973E-02
1.99054E-07 -9.65026E-03
1.99208E-07 5.72245E-03
1.99362E-07 1.62016E-02
1.99516E-07 1.28527E-02
1.99670E-07 -1.45663E-03
1.99824E-07 -1.45119E-02
1.99979E-07 -1.51783E-02
2.00133E-07 -2.89736E-03
2.00287E-07 1.18451E-02
2.00441E-07 1.64721E-02
2.00595E-07 7.04495E-03
2.00749E-07 -8.38381E-03
2.00903E-07 -1.66490E-02
2.01057E-07 -1.07062E-02
2.01211E-07 4.36398E-03
2.01365E-07 1.56997E-02
2.01519E-07 1.36348E-02
2.01673E-07 -5.87149E-05
2.01827E-07 -1.36912E-02
2.01981E-07 -1.56345E-02
2.02135E-07 -4.24022E-03
2.02290E-07 1.07618E-02
2.02444E-07 1.65723E-02
2.02598E-07 8.24219E-03
2.02752E-07 -7.11173E-03
2.02906E-07 -1.63873E-02
2.03060E-07 -1.16773E-02
2.03214E-07 2.98947E-03
2.03368E-07 1.50947E-02
2.03522E-07 1.43148E-02
2.03676E-07 1.32515E-03
2.03830E-07 -1.27845E-02
2.03984E-07 -1.59780E-02
2.04138E-07 -5.53995E-03
2.04292E-07 9.61543E-03
2.04446E-07 1.65570E-02
2.04601E-07 9.37021E-03
2.04755E-07 -5.80364E-03
2.04909E-07 -1.60151E-02
2.05063E-07 -1.25579E-02
2.05217E-07 1.60842E-03
2.05371E-07 1.43916E-02
2.05525E-07 1.48889E-02
2.05679E-07 2.68570E-03
2.05833E-07 -1.17989E-02
2.05987E-07 -1.62078E-02
2.06141E-07 -6.78817E-03
2.06295E-07 8.41435E-03
2.06449E-07 1.64276E-02
2.06603E-07 1.04220E-02
2.06757E-07 -4.46881E-03
2.06912E-07 -1.55362E-02
2.07066E-07 -1.33428E-02
2.07220E-07 2.30297E-04
2.07374E-07 1.35964E-02
2.07528E-07 1.53545E-02
2.07682E-07 4.01393E-03
2.07836E-07 -1.07417E-02
2.07990E-07 -1.63233E-02
2.08144E-07 -7.97690E-03
2.08298E-07 7.16731E-03
2.08452E-07 1.61862E-02
2.08606E-07 1.13913E-02
2.08760E-07 -3.11657E-03
2.08914E-07 -1.49549E-02
2.09068E-07 -1.40276E-02
2.09223E-07 -1.13556E-03
2.09377E-07 1.27152E-02
2.09531E-07 1.57093E-02
2.09685E-07 5.30112E-03
2.09839E-07 -9.62096E-03
2.09993E-07 -1.63250E-02
2.10147E-07 -9.09866E-03
2.10301E-07 5.88326E-03
2.10455E-07 1.58353E-02
2.10609E-07 1.22723E-02
2.10763E-07 -1.75630E-03
2.10917E-07 -1.42761E-02
2.11071E-07 -1.46088E-02
2.11225E-07 -2.47998E-03
2.11379E-07 1.17550E-02
2.11534E-07 1.59522E-02
2.11688E-07 6.53892E-03
2.11842E-07 -8.44492E-03
2.11996E-07 -1.62139E-02
2.12150E-07 -1.01465E-02
2.12304E-07 4.57129E-03
2.12458E-07 1.53786E-02
2.12612E-07 1.30598E-02
2.12766E-07 -3.97344E-04
2.12920E-07 -1.35054E-02
2.13074E-07 -1.50834E-02
2.13228E-07 -3.79403E-03
2.13382E-07 1.07231E-02
2.13536E-07 1.60825E-02
2.13690E-07 7.71939E-03
2.13845E-07 -7.22211E-03
2.13999E-07 -1.59919E-02
2.14153E-07 -1.11139E-02
2.14307E-07 3.24062E-03
2.14461E-07 1.48202E-02
2.14615E-07 1.37494E-02
2.14769E-07 9.51066E-04
2.14923E-07 -1.26489E-02
2.15077E-07 -1.54491E-02
2.15231E-07 -5.06905E-03
2.15385E-07 9.62724E-03
2.15539E-07 1.61005E-02
2.15693E-07 8.83506E-03
2.15847E-07 -5.96132E-03
2.16001E-07 -1.56616E-02
2.16156E-07 -1.19953E-02
2.16310E-07 1.90048E-03
2.16464E-07 1.41648E-02
2.16618E-07 1.43373E-02
2.16772E-07 2.27985E-03
2.16926E-07 -1.17134E-02
2.17080E-07 -1.57047E-02
2.17234E-07 -6.29673E-03
2.17388E-07 8.47543E-03
2.17542E-07 1.60071E-02
2.17696E-07 9.87894E-03
2.17850E-07 -4.67151E-03
2.18004E-07 -1.52264E-02
2.18158E-07 -1.27852E-02
2.18312E-07 5.60098E-04
2.18467E-07 1.34179E-02
2.18621E-07 1.48206E-02
2.18775E-07 3.58013E-03
2.18929E-07 -1.07060E-02
2.19083E-07 -1.58493E-02
2.19237E-07 -7.46918E-03
2.19391E-07 7.27610E-03
2.19545E-07 1.58040E-02
2.19699E-07 1.08446E-02
2.19853E-07 -3.36174E-03
2.20007E-07 -1.46901E-02
2.20161E-07 -1.34794E-02
2.20315E-07 -7.71386E-04
2.20469E-07 1.25854E-02
2.20623E-07 1.51969E-02
2.20778E-07 4.84333E-03
2.20932E-07 -9.63413E-03
2.21086E-07 -1.58830E-02
2.21240E-07 -8.57891E-03
2.21394E-07 6.03787E-03
2.21548E-07 1.54937E-02
2.21702E-07 1.17263E-02
2.21856E-07 -2.04113E-03
2.22010E-07 -1.40574E-02
2.22164E-07 -1.40738E-02
2.22318E-07 -2.08498E-03
2.22472E-07 1.16738E-02
2.22626E-07 1.54647E-02
2.22780E-07 6.06118E-03
2.22934E-07 -8.50583E-03
2.23089E-07 -1.58067E-02
2.23243E-07 -9.61895E-03
2.23397E-07 4.76955E-03
2.23551E-07 1.50792E-02
2.23705E-07 1.25186E-02
2.23859E-07 -7.18782E-04
2.24013E-07 -1.33336E-02
2.24167E-07 -1.45655E-02
2.24321E-07 -3.37190E-03
2.24475E-07 1.06900E-02
2.24629E-07 1.56231E-02
2.24783E-07 7.22580E-03
2.24937E-07 -7.32927E-03
2.25091E-07 -1.56219E-02
2.25245E-07 -1.05829E-02
2.25400E-07 3.48007E-03
2.25554E-07 1.45644E-02
2.25708E-07 1.32171E-02
2.25862E-07 5.96262E-04
2.26016E-07 -1.25243E-02
2.26170E-07 -1.49520E-02
2.26324E-07 -4.62360E-03
2.26478E-07 9.64153E-03
2.26632E-07 1.56721E-02
2.26786E-07 8.32974E-03
2.26940E-07 -6.11293E-03
2.27094E-07 -1.53309E-02
2.27248E-07 -1.14648E-02
2.27402E-07 2.17842E-03
2.27556E-07 1.39537E-02
2.27711E-07 1.38179E-02
2.27865E-07 1.89510E-03
2.28019E-07 -1.16359E-02
2.28173E-07 -1.52316E-02
2.28327E-07 -5.83188E-03
2.28481E-07 8.53603E-03
2.28635E-07 1.56124E-02
2.28789E-07 9.36602E-03
2.28943E-07 -4.86548E-03
2.29097E-07 -1.49366E-02
2.29251E-07 -1.22594E-02
2.29405E-07 8.73597E-04
2.29559E-07 1.32522E-02
2.29713E-07 1.43177E-02
2.29867E-07 3.16901E-03
2.30022E-07 -1.06752E-02
2.30176E-07 -1.54035E-02
2.30330E-07 -6.98887E-03
2.30484E-07 7.38159E-03
2.30638E-07 1.54454E-02
2.30792E-07 1.03282E-02
2.30946E-07 -3.59571E-03
2.31100E-07 -1.44427E-02
2.31254E-07 -1.29621E-02
2.31408E-07 -4.25458E-04
2.31562E-07 1.24654E-02
2.31716E-07 1.47140E-02
2.31870E-07 4.40952E-03
2.32024E-07 -9.64933E-03
2.32178E-07 -1.54673E-02
2.32333E-07 -8.08715E-03
2.32487E-07 6.18652E-03
2.32641E-07 1.51731E-02
2.32795E-07 1.12103E-02
2.32949E-07 -2.31250E-03
2.33103E-07 -1.38534E-02
2.33257E-07 -1.35689E-02
2.33411E-07 -1.70993E-03
2.33565E-07 1.15996E-02
2.33719E-07 1.50051E-02
2.33873E-07 5.60846E-03
2.34027E-07 -8.56599E-03
2.34181E-07 -1.54237E-02
2.34335E-07 -9.11973E-03
2.34489E-07 4.95936E-03
2.34644E-07 1.47983E-02
2.34798E-07 1.20071E-02
2.34952E-07 -1.02473E-03
2.35106E-07 -1.31736E-02
2.35260E-07 -1.40766E-02
2.35414E-07 -2.97117E-03
2.35568E-07 1.06612E-02
2.35722E-07 1.51899E-02
2.35876E-07 6.75801E-03
2.36030E-07 -7.43305E-03
2.36184E-07 -1.52738E-02
2.36338E-07 -1.00801E-02
2.36492E-07 3.70877E-03
2.36646E-07 1.43246E-02
2.36800E-07 1.27139E-02
2.36955E-07 2.58758E-04
2.37109E-07 -1.24087E-02
2.37263E-07 -1.44825E-02
2.37417E-07 -4.20077E-03
2.37571E-07 9.65744E-03
2.37725E-07 1.52681E-02
2.37879E-07 7.85074E-03
2.38033E-07 -6.25868E-03
2.38187E-07 -1.50197E-02
2.38341E-07 -1.09625E-02
2.38495E-07 2.44351E-03
2.38649E-07 1.37561E-02
2.38803E-07 1.33266E-02
2.38957E-07 1.52923E-03
2.39111E-07 -1.15647E-02
2.39266E-07 -1.47847E-02
2.39420E-07 -5.39060E-03
2.39574E-07 8.59566E-03
2.39728E-07 1.52401E-02
2.39882E-07 8.87969E-03
2.40036E-07 -5.05127E-03
2.40190E-07 -1.46640E-02
2.40344E-07 -1.17613E-02
2.40498E-07 1.17235E-03
2.40652E-07 1.30974E-02
2.40806E-07 1.38418E-02
2.40960E-07 2.77812E-03
2.41114E-07 -1.06481E-02
2.41268E-07 -1.49821E-02
2.41422E-07 -6.53286E-03
2.41577E-07 7.48365E-03
2.41731E-07 1.51070E-02
2.41885E-07 9.83837E-03
2.42039E-07 -3.81936E-03
2.42193E-07 -1.42100E-02
2.42347E-07 -1.24720E-02
2.42501E-07 -9.59634E-05
2.42655E-07 1.23538E-02
2.42809E-07 1.42570E-02
2.42963E-07 3.99707E-03
2.43117E-07 -9.66579E-03
2.43271E-07 -1.50743E-02
2.43425E-07 -7.62017E-03
2.43579E-07 6.32943E-03
2.43733E-07 1.48706E-02
2.43888E-07 1.07208E-02
2.44042E-07 -2.57159E-03
2.44196E-07 -1.36616E-02
2.44350E-07 -1.30904E-02
2.44504E-07 -1.35279E-03
2.44658E-07 1.15311E-02
2.44812E-07 1.45700E-02
2.44966E-07 5.17799E-03
2.45120E-07 -8.62500E-03
2.45274E-07 -1.50614E-02
2.45428E-07 -8.64555E-03
2.45582E-07 5.14126E-03
2.45736E-07 1.45333E-02
2.45890E-07 1.15217E-02
2.46044E-07 -1.31662E-03
2.46199E-07 -1.30234E-02
2.46353E-07 -1.36130E-02
2.46507E-07 -2.58961E-03
2.46661E-07 1.06357E-02
2.46815E-07 1.47797E-02
2.46969E-07 6.31313E-03
2.47123E-07 -7.53336E-03
2.47277E-07 -1.49446E-02
2.47431E-07 -9.60250E-03
2.47585E-07 3.92756E-03
2.47739E-07 1.40985E-02
2.47893E-07 1.22361E-02
2.48047E-07 -6.31099E-05
2.48201E-07 -1.23006E-02
2.48355E-07 -1.40371E-02
2.48510E-07 -3.79815E-03
2.48664E-07 9.67428E-03
2.48818E-07 1.48854E-02
2.48972E-07 7.39512E-03
2.49126E-07 -6.39879E-03
2.49280E-07 -1.47253E-02
2.49434E-07 -1.04851E-02
2.49588E-07 2.69684E-03
2.49742E-07 1.35698E-02
2.49896E-07 1.28600E-02
2.50050E-07 1.18038E-03
2.50204E-07 -1.14987E-02
2.50358E-07 -1.43607E-02
2.50512E-07 -4.97036E-03
2.50666E-07 8.65395E-03
2.50821E-07 1.48873E-02
2.50975E-07 8.41697E-03
2.51129E-07 -5.22938E-03
2.51283E-07 -1.44061E-02
2.51437E-07 -1.12878E-02
2.51591E-07 1.45768E-03
2.51745E-07 1.29516E-02
2.51899E-07 1.33898E-02
2.52053E-07 2.40542E-03
2.52207E-07 -1.06239E-02
2.52361E-07 -1.45822E-02
2.52515E-07 -6.09853E-03
2.52669E-07 7.58220E-03
2.52823E-07 1.47862E-02
2.52977E-07 9.37220E-03
2.53132E-07 -4.03345E-03
2.53286E-07 -1.39899E-02
2.53440E-07 -1.20059E-02
2.53594E-07 2.18631E-04
2.53748E-07 1.22489E-02
2.53902E-07 1.38226E-02
2.54056E-07 3.60378E-03
2.54210E-07 -9.68286E-03
2.54364E-07 -1.47011E-02
2.54518E-07 -7.17528E-03
2.54672E-07 6.46678E-03
2.54826E-07 1.45837E-02
2.54980E-07 1.02548E-02
2.55134E-07 -2.81939E-03
2.55288E-07 -1.34803E-02
2.55443E-07 -1.26350E-02
2.55597E-07 -1.01183E-03
2.55751E-07 1.14673E-02
2.55905E-07 1.41563E-02
2.56059E-07 4.76746E-03
2.56213E-07 -8.68249E-03
2.56367E-07 -1.47174E-02
2.56521E-07 -8.19366E-03
2.56675E-07 5.31570E-03
2.56829E-07 1.42820E-02
2.56983E-07 1.10593E-02
2.57137E-07 -1.59568E-03
2.57291E-07 -1.28816E-02
2.57445E-07 -1.31718E-02
2.57599E-07 -2.22535E-03
2.57754E-07 1.06126E-02
2.57908E-07 1.43894E-02
2.58062E-07 5.88878E-03
2.58216E-07 -7.63014E-03
2.58370E-07 -1.46317E-02
2.58524E-07 -9.14717E-03
2.58678E-07 4.13712E-03
2.58832E-07 1.38840E-02
2.58986E-07 1.17809E-02
2.59140E-07 -3.70756E-04
2.59294E-07 -1.21987E-02
2.59448E-07 -1.36131E-02
2.59602E-07 -3.41373E-03
2.59756E-07 9.69147E-03
2.59910E-07 1.45212E-02
2.60065E-07 6.96039E-03
2.60219E-07 -6.53343E-03
2.60373E-07 -1.44455E-02
2.60527E-07 -1.00298E-02
2.60681E-07 2.93934E-03
2.60835E-07 1.33931E-02
2.60989E-07 1.24152E-02
2.61143E-07 8.46961E-04
2.61297E-07 -1.14368E-02
2.61451E-07 -1.39567E-02
2.61605E-07 -4.56905E-03
2.61759E-07 8.71058E-03
2.61913E-07 1.45514E-02
2.62067E-07 7.97534E-03
2.62221E-07 -5.40025E-03
2.62376E-07 -1.41609E-02
2.62530E-07 -1.08360E-02
2.62684E-07 1.73072E-03
2.62838E-07 1.28134E-02
2.62992E-07 1.29587E-02
2.63146E-07 2.04919E-03
2.63300E-07 -1.06018E-02
2.63454E-07 -1.42011E-02
2.63608E-07 -5.68364E-03
2.63762E-07 7.67718E-03
2.63916E-07 1.44808E-02
2.64070E-07 8.92713E-03
2.64224E-07 -4.23863E-03
2.64378E-07 -1.37806E-02
2.64532E-07 -1.15610E-02
2.64687E-07 5.19630E-04
2.64841E-07 1.21497E-02
2.64995E-07 1.34082E-02
2.65149E-07 3.22780E-03
2.65303E-07 -9.70004E-03
2.65457E-07 -1.43453E-02
2.65611E-07 -6.75019E-03
2.65765E-07 6.59876E-03
2.65919E-07 1.43105E-02
2.66073E-07 9.80972E-03
2.66227E-07 -3.05677E-03
2.66381E-07 -1.33079E-02
2.66535E-07 -1.22003E-02
2.66689E-07 -6.85605E-04
2.66843E-07 1.14071E-02
2.66998E-07 1.37615E-02
2.67152E-07 4.37491E-03
2.67306E-07 -8.73819E-03
2.67460E-07 -1.43892E-02
2.67614E-07 -7.76175E-03
2.67768E-07 5.48308E-03
2.67922E-07 1.40426E-02
2.68076E-07 1.06176E-02
2.68230E-07 -1.86293E-03
2.68384E-07 -1.27468E-02
2.68538E-07 -1.27503E-02
2.68692E-07 -1.87677E-03
2.68846E-07 1.05913E-02
2.69000E-07 1.40168E-02
2.69154E-07 5.48290E-03
2.69309E-07 -7.72332E-03
2.69463E-07 -1.43332E-02
2.69617E-07 -8.71181E-03
2.69771E-07 4.33806E-03
2.69925E-07 1.36795E-02
2.70079E-07 1.13458E-02
2.70233E-07 -6.65387E-04
2.70387E-07 -1.21019E-02
2.70541E-07 -1.32078E-02
2.70695E-07 -3.04580E-03
2.70849E-07 9.70854E-03
2.71003E-07 1.41732E-02
2.71157E-07 6.54445E-03
2.71311E-07 -6.66279E-03
2.71465E-07 -1.41784E-02
2.71620E-07 -9.59433E-03
2.71774E-07 3.17178E-03
2.71928E-07 1.32246E-02
2.72082E-07 1.19900E-02
2.72236E-07 5.27615E-04
2.72390E-07 -1.13781E-02
2.72544E-07 -1.35705E-02
2.72698E-07 -4.18485E-03
2.72852E-07 8.76531E-03
2.73006E-07 1.42304E-02
2.73160E-07 7.55265E-03
2.73314E-07 -5.56423E-03
2.73468E-07 -1.39267E-02
2.73622E-07 -1.04038E-02
2.73776E-07 1.99242E-03
2.73931E-07 1.26817E-02
2.74085E-07 1.25463E-02
2.74239E-07 1.70793E-03
2.74393E-07 -1.05811E-02
2.74547E-07 -1.38365E-02
2.74701E-07 -5.28632E-03
2.74855E-07 7.76856E-03
2.75009E-07 1.41887E-02
2.75163E-07 8.50098E-03
2.75317E-07 -4.43546E-03
2.75471E-07 -1.35806E-02
2.75625E-07 -1.11351E-02
2.75779E-07 8.08152E-04
2.75933E-07 1.20551E-02
2.76087E-07 1.30116E-02
2.76242E-07 2.86754E-03
2.76396E-07 -9.71690E-03
2.76550E-07 -1.40048E-02
2.76704E-07 -6.34295E-03
2.76858E-07 6.72554E-03
2.77012E-07 1.40491E-02
2.77166E-07 9.38338E-03
2.77320E-07 -3.28446E-03
2.77474E-07 -1.31431E-02
2.77628E-07 -1.17839E-02
2.77782E-07 -3.72851E-04
2.77936E-07 1.13498E-02
2.78090E-07 1.33834E-02
2.78244E-07 3.99866E-03
2.78398E-07 -8.79189E-03
2.78553E-07 -1.40749E-02
2.78707E-07 -7.34782E-03
2.78861E-07 5.64375E-03
2.79015E-07 1.38133E-02
2.79169E-07 1.01943E-02
2.79323E-07 -2.11928E-03
2.79477E-07 -1.26179E-02
2.79631E-07 -1.23464E-02
2.79785E-07 -1.54251E-03
2.79939E-07 1.05711E-02
2.80093E-07 1.36598E-02
2.80247E-07 5.09373E-03
2.80401E-07 -7.81289E-03
2.80555E-07 -1.40471E-02
2.80709E-07 -8.29441E-03
2.80864E-07 4.53090E-03
2.81018E-07 1.34837E-02
2.81172E-07 1.09287E-02
2.81326E-07 -9.48041E-04
2.81480E-07 -1.20093E-02
2.81634E-07 -1.28193E-02
2.81788E-07 -2.69287E-03
2.81942E-07 9.72509E-03
2.82096E-07 1.38397E-02
2.82250E-07 6.14550E-03
2.82404E-07 -6.78702E-03
2.82558E-07 -1.39223E-02
2.82712E-07 -9.17665E-03
2.82866E-07 3.39487E-03
2.83020E-07 1.30632E-02
2.83175E-07 1.15820E-02
2.83329E-07 2.21182E-04
2.83483E-07 -1.13220E-02
2.83637E-07 -1.32000E-02
2.83791E-07 -3.81619E-03
2.83945E-07 8.81793E-03
2.84099E-07 1.39225E-02
2.84253E-07 7.14706E-03
2.84407E-07 -5.72167E-03
2.84561E-07 -1.37021E-02
2.84715E-07 -9.98895E-03
2.84869E-07 2.24362E-03
2.85023E-07 1.25554E-02
2.85177E-07 1.21505E-02
2.85331E-07 1.38037E-03
2.85486E-07 -1.05613E-02
2.85640E-07 -1.34866E-02
2.85794E-07 -4.90495E-03
2.85948E-07 7.85632E-03
2.86102E-07 1.39083E-02
2.86256E-07 8.09190E-03
2.86410E-07 -4.62444E-03
2.86564E-07 -1.33887E-02
2.86718E-07 -1.07262E-02
2.86872E-07 1.08516E-03
2.87026E-07 1.19643E-02
2.87180E-07 1.26307E-02
2.87334E-07 2.52164E-03
2.87488E-07 -9.73308E-03
2.87642E-07 -1.36778E-02
2.87797E-07 -5.95190E-03
2.87951E-07 6.84726E-03
2.88105E-07 1.37980E-02
2.88259E-07 8.97393E-03
2.88413E-07 -3.50309E-03
2.88567E-07 -1.29848E-02
2.88721E-07 -1.13840E-02
2.88875E-07 -7.24869E-05
2.89029E-07 1.12947E-02
2.89183E-07 1.30201E-02
2.89337E-07 3.63727E-03
2.89491E-07 -8.84339E-03
2.89645E-07 -1.37730E-02
2.89799E-07 -6.95018E-03
2.89953E-07 5.79803E-03
2.90108E-07 1.35930E-02
2.90262E-07 9.78756E-03
2.90416E-07 -2.36551E-03
2.90570E-07 -1.24939E-02
2.90724E-07 -1.19583E-02
2.90878E-07 -1.22138E-03
2.91032E-07 1.05516E-02
2.91186E-07 1.33167E-02
2.91340E-07 4.71979E-03
2.91494E-07 -7.89883E-03
2.91648E-07 -1.37721E-02
2.91802E-07 -7.89325E-03
2.91956E-07 4.71612E-03
2.92110E-07 1.32953E-02
2.92264E-07 1.05277E-02
2.92419E-07 -1.21961E-03
2.92573E-07 -1.19201E-02
2.92727E-07 -1.24457E-02
2.92881E-07 -2.35369E-03
2.93035E-07 9.74082E-03
2.93189E-07 1.35189E-02
2.93343E-07 5.76199E-03
2.93497E-07 -6.90627E-03
2.93651E-07 -1.36759E-02
2.93805E-07 -8.77504E-03
2.93959E-07 3.60919E-03
2.94113E-07 1.29077E-02
2.94267E-07 1.11897E-02
2.94421E-07 -7.33459E-05
2.94575E-07 -1.12677E-02
2.94730E-07 -1.28436E-02
2.94884E-07 -3.46175E-03
2.95038E-07 8.86828E-03
2.95192E-07 1.36261E-02
2.95346E-07 6.75699E-03
2.95500E-07 -5.87286E-03
2.95654E-07 -1.34858E-02
2.95808E-07 -9.58991E-03
2.95962E-07 2.48504E-03
2.96116E-07 1.24335E-02
2.96270E-07 1.17696E-02
2.96424E-07 1.06542E-03
2.96578E-07 -1.05420E-02
2.96732E-07 -1.31498E-02
2.96886E-07 -4.53811E-03
2.97041E-07 7.94044E-03
2.97195E-07 1.36383E-02
2.97349E-07 7.69829E-03
2.97503E-07 -4.80599E-03
2.97657E-07 -1.32036E-02
2.97811E-07 -1.03327E-02
2.97965E-07 1.35149E-03
2.98119E-07 1.18765E-02
2.98273E-07 1.22641E-02
2.98427E-07 2.18890E-03
2.98581E-07 -9.74827E-03
2.98735E-07 -1.33628E-02
2.98889E-07 -5.57560E-03
2.99043E-07 6.96406E-03
2.99197E-07 1.35560E-02
2.99352E-07 8.57979E-03
2.99506E-07 -3.71324E-03
2.99660E-07 -1.28320E-02
2.99814E-07 -1.09989E-02
2.99968E-07 2.16422E-04
3.00122E-07 1.12412E-02
3.00276E-07 1.26702E-02
3.00430E-07 3.28949E-03
3.00584E-07 -8.89256E-03
3.00738E-07 -1.34819E-02
3.00892E-07 -6.56735E-03
3.01046E-07 5.94618E-03
3.01200E-07 1.33804E-02
3.01354E-07 9.39583E-03
3.01508E-07 -2.60228E-03
3.01663E-07 -1.23741E-02
3.01817E-07 -1.15843E-02
3.01971E-07 -9.12364E-04
3.02125E-07 1.05323E-02
3.02279E-07 1.29858E-02
3.02433E-07 4.35976E-03
3.02587E-07 -7.98113E-03
3.02741E-07 -1.35068E-02
3.02895E-07 -7.50685E-03
3.03049E-07 4.89410E-03
3.03203E-07 1.31134E-02
3.03357E-07 1.01413E-02
3.03511E-07 -1.48089E-03
3.03665E-07 -1.18336E-02
3.03819E-07 -1.20856E-02
3.03974E-07 -2.02715E-03
3.04128E-07 9.75542E-03
3.04282E-07 1.32094E-02
3.04436E-07 5.39258E-03
3.04590E-07 -7.02065E-03
3.04744E-07 -1.34380E-02
3.04898E-07 -8.38801E-03
3.05052E-07 3.81528E-03
3.05206E-07 1.27574E-02
3.05360E-07 1.08114E-02
3.05514E-07 -3.56841E-04
3.05668E-07 -1.12149E-02
3.05822E-07 -1.24998E-02
3.05976E-07 -3.12035E-03
3.06130E-07 8.91622E-03
3.06285E-07 1.33401E-02
3.06439E-07 6.38108E-03
3.06593E-07 -6.01804E-03
3.06747E-07 -1.32767E-02
3.06901E-07 -9.20515E-03
3.07055E-07 2.71731E-03
3.07209E-07 1.23155E-02
3.07363E-07 1.14022E-02
3.07517E-07 7.62113E-04
3.07671E-07 -1.05227E-02
3.07825E-07 -1.28247E-02
3.07979E-07 -4.18461E-03
