0.00000E+00 0.00000E+00
1.54067E-10 0.00000E+00
3.08133E-10 0.00000E+00
4.62200E-10 0.00000E+00
6.16267E-10 0.00000E+00
7.70333E-10 0.00000E+00
9.24400E-10 0.00000E+00
1.07847E-09 0.00000E+00
1.23253E-09 0.00000E+00
1.38660E-09 0.00000E+00
1.54067E-09 0.00000E+00
1.69473E-09 0.00000E+00
1.84880E-09 0.00000E+00
2.00287E-09 0.00000E+00
2.15693E-09 0.00000E+00
2.31100E-09 0.00000E+00
2.46507E-09 0.00000E+00
2.61913E-09 0.00000E+00
2.77320E-09 0.00000E+00
2.92727E-09 0.00000E+00
3.08133E-09 0.00000E+00
3.23540E-09 0.00000E+00
3.38947E-09 0.00000E+00
3.54353E-09 0.00000E+00
3.69760E-09 0.00000E+00
3.85167E-09 0.00000E+00
4.00573E-09 0.00000E+00
4.15980E-09 6.06924E-52
4.31387E-09 3.49454E-49
4.46793E-09 7.95017E-47
4.62200E-09 9.41669E-45
4.77607E-09 6.78976E-43
4.93013E-09 3.31501E-41
5.08420E-09 1.17773E-39
5.23827E-09 3.20236E-38
5.39233E-09 6.91686E-37
5.54640E-09 1.22115E-35
5.70047E-09 1.80266E-34
5.85453E-09 2.26672E-33
6.00860E-09 2.46595E-32
6.16267E-09 2.35224E-31
6.31673E-09 1.99068E-30
6.47080E-09 1.51062E-29
6.62487E-09 1.03799E-28
6.77893E-09 6.51821E-28
6.93300E-09 3.77411E-27
7.08707E-09 2.03237E-26
7.24113E-09 1.02648E-25
7.39520E-09 4.90233E-25
7.54927E-09 2.23106E-24
7.70333E-09 9.74417E-24
7.85740E-09 4.10945E-23
8.01147E-09 1.68202E-22
8.16553E-09 6.70783E-22
8.31960E-09 2.61367E-21
8.47367E-09 9.96868E-21
8.62773E-09 3.72594E-20
8.78180E-09 1.36560E-19
8.93587E-09 4.90965E-19
9.08993E-09 1.73176E-18
9.24400E-09 5.99343E-18
9.39807E-09 2.03531E-17
9.55213E-09 6.78214E-17
9.70620E-09 2.21764E-16
9.86027E-09 7.11559E-16
1.00143E-08 2.24044E-15
1.01684E-08 6.92254E-15
1.03225E-08 2.09900E-14
1.04765E-08 6.24568E-14
1.06306E-08 1.82378E-13
1.07847E-08 5.22629E-13
1.09387E-08 1.46977E-12
1.10928E-08 4.05640E-12
1.12469E-08 1.09868E-11
1.14009E-08 2.92042E-11
1.15550E-08 7.61835E-11
1.17091E-08 1.95039E-10
1.18631E-08 4.90032E-10
1.20172E-08 1.20829E-09
1.21713E-08 2.92390E-09
1.23253E-08 6.94371E-09
1.24794E-08 1.61829E-08
1.26335E-08 3.70132E-08
1.27875E-08 8.30775E-08
1.29416E-08 1.82992E-07
1.30957E-08 3.95545E-07
1.32497E-08 8.39008E-07
1.34038E-08 1.74636E-06
1.35579E-08 3.56688E-06
1.37119E-08 7.14857E-06
1.38660E-08 1.40576E-05
1.40201E-08 2.71238E-05
1.41741E-08 5.13476E-05
1.43282E-08 9.53681E-05
1.44823E-08 1.73772E-04
1.46363E-08 3.10619E-04
1.47904E-08 5.44660E-04
1.49445E-08 9.36798E-04
1.50985E-08 1.58038E-03
1.52526E-08 2.61482E-03
1.54067E-08 4.24284E-03
1.55607E-08 6.75101E-03
1.57148E-08 1.05327E-02
1.58689E-08 1.61114E-02
1.60229E-08 2.41603E-02
1.61770E-08 3.55139E-02
1.63311E-08 5.11650E-02
1.64851E-08 7.22390E-02
1.66392E-08 9.99393E-02
1.67933E-08 1.35458E-01
1.69473E-08 1.79850E-01
1.71014E-08 2.33873E-01
1.72555E-08 2.97811E-01
1.74095E-08 3.71286E-01
1.75636E-08 4.53105E-01
1.77177E-08 5.41151E-01
1.78717E-08 6.32368E-01
1.80258E-08 7.22850E-01
1.81799E-08 8.08058E-01
1.83339E-08 8.83152E-01
1.84880E-08 9.43417E-01
1.86421E-08 9.84726E-01
1.87961E-08 1.00400E+00
1.89502E-08 9.99560E-01
1.91043E-08 9.71390E-01
1.92583E-08 9.21142E-01
1.94124E-08 8.52006E-01
1.95665E-08 7.68368E-01
1.97205E-08 6.75352E-01
1.98746E-08 5.78286E-01
2.00287E-08 4.82193E-01
2.01827E-08 3.91361E-01
2.03368E-08 3.09047E-01
2.04909E-08 2.37340E-01
2.06449E-08 1.77188E-01
2.07990E-08 1.28538E-01
2.09531E-08 9.05709E-02
2.11071E-08 6.19632E-02
2.12612E-08 4.11443E-02
2.14153E-08 2.65073E-02
2.15693E-08 1.65638E-02
2.17234E-08 1.00362E-02
2.18775E-08 5.89481E-03
2.20315E-08 3.35556E-03
2.21856E-08 1.85080E-03
2.23397E-08 9.88952E-04
2.24937E-08 5.11843E-04
2.26478E-08 2.56552E-04
2.28019E-08 1.24519E-04
2.29559E-08 5.85194E-05
2.31100E-08 2.66329E-05
2.32641E-08 1.17407E-05
2.34181E-08 5.01242E-06
2.35722E-08 2.06837E-06
2.37263E-08 8.21056E-07
2.38803E-08 3.12724E-07
2.40344E-08 1.17004E-07
2.41885E-08 4.69162E-08
2.43425E-08 2.15618E-08
2.44966E-08 8.80089E-09
2.46507E-08 -1.88932E-10
2.48047E-08 -4.82923E-09
2.49588E-08 -3.89036E-09
2.51129E-08 6.33538E-10
2.52669E-08 4.44526E-09
2.54210E-08 4.36981E-09
2.55751E-08 8.14503E-10
2.57291E-08 -2.84604E-09
2.58832E-08 -3.24731E-09
2.60373E-08 2.81107E-10
2.61913E-08 5.55806E-09
2.63454E-08 9.91857E-09
2.64995E-08 1.30490E-08
2.66535E-08 1.80375E-08
2.68076E-08 3.00794E-08
2.69617E-08 5.43181E-08
2.71157E-08 9.49856E-08
2.72698E-08 1.56837E-07
2.74239E-08 2.47920E-07
2.75779E-08 3.81604E-07
2.77320E-08 5.76278E-07
2.78861E-08 8.52727E-07
2.80401E-08 1.23029E-06
2.81942E-08 1.72275E-06
2.83483E-08 2.33351E-06
2.85023E-08 3.04851E-06
2.86564E-08 3.82554E-06
2.88105E-08 4.58036E-06
2.89645E-08 5.17287E-06
2.91186E-08 5.39820E-06
2.92727E-08 4.98865E-06
2.94267E-08 3.63164E-06
2.95808E-08 1.00801E-06
2.97349E-08 -3.14730E-06
2.98889E-08 -8.96308E-06
3.00430E-08 -1.63352E-05
3.01971E-08 -2.48310E-05
3.03511E-08 -3.36186E-05
3.05052E-08 -4.14530E-05
3.06593E-08 -4.67488E-05
3.08133E-08 -4.77598E-05
3.09674E-08 -4.28669E-05
3.11215E-08 -3.09438E-05
3.12755E-08 -1.17427E-05
3.14296E-08 1.37885E-05
3.15837E-08 4.33540E-05
3.17377E-08 7.34090E-05
3.18918E-08 9.95576E-05
3.20459E-08 1.17229E-04
3.21999E-08 1.22540E-04
3.23540E-08 1.13167E-04
3.25081E-08 8.90292E-05
3.26621E-08 5.25773E-05
3.28162E-08 8.56417E-06
3.29703E-08 -3.67113E-05
3.31243E-08 -7.65580E-05
3.32784E-08 -1.05195E-04
3.34325E-08 -1.18894E-04
3.35865E-08 -1.16680E-04
3.37406E-08 -1.00410E-04
3.38947E-08 -7.42217E-05
3.40487E-08 -4.35020E-05
3.42028E-08 -1.36631E-05
3.43569E-08 1.09565E-05
3.45109E-08 2.78018E-05
3.46650E-08 3.62876E-05
3.48191E-08 3.74943E-05
3.49731E-08 3.35343E-05
3.51272E-08 2.68231E-05
3.52813E-08 1.94680E-05
3.54353E-08 1.29117E-05
3.55894E-08 7.85534E-06
3.57435E-08 4.39674E-06
3.58975E-08 2.27091E-06
3.60516E-08 1.08463E-06
3.62057E-08 4.76855E-07
3.63597E-08 1.88504E-07
3.65138E-08 6.34801E-08
3.66679E-08 1.77637E-08
3.68219E-08 7.10934E-09
3.69760E-08 7.32790E-09
3.71301E-08 6.48335E-09
3.72841E-08 1.94803E-09
3.74382E-08 -3.17298E-09
3.75923E-08 -4.96302E-09
3.77463E-08 -2.48789E-09
3.79004E-08 1.70472E-09
3.80545E-08 4.03664E-09
3.82085E-08 2.86268E-09
3.83626E-08 -4.74406E-10
3.85167E-08 -3.07191E-09
3.86707E-08 -2.94241E-09
3.88248E-08 -4.75625E-10
3.89789E-08 2.13058E-09
3.91329E-08 2.79325E-09
3.92870E-08 1.17317E-09
3.94411E-08 -1.22927E-09
3.95951E-08 -2.43058E-09
3.97492E-08 -1.57217E-09
3.99033E-08 5.00852E-10
4.00573E-08 2.05113E-09
4.02114E-08 1.89500E-09
4.03655E-08 2.94758E-10
4.05195E-08 -1.36138E-09
4.06736E-08 -1.74825E-09
4.08277E-08 -6.60761E-10
4.09817E-08 8.87511E-10
4.11358E-08 1.53847E-09
4.12899E-08 6.82334E-10
4.14439E-08 -1.10945E-09
4.15980E-08 -2.61094E-09
4.17521E-08 -2.94588E-09
4.19061E-08 -2.23224E-09
4.20602E-08 -1.36305E-09
4.22143E-08 -1.13952E-09
4.23683E-08 -1.48848E-09
4.25224E-08 -1.40613E-09
4.26765E-08 3.27284E-10
4.28305E-08 4.22240E-09
4.29846E-08 9.63883E-09
4.31387E-08 1.50995E-08
4.32927E-08 1.90302E-08
4.34468E-08 2.03051E-08
4.36009E-08 1.82309E-08
4.37549E-08 1.21595E-08
4.39090E-08 1.30226E-09
4.40631E-08 -1.48042E-08
4.42171E-08 -3.52864E-08
4.43712E-08 -5.70232E-08
4.45253E-08 -7.45935E-08
4.46793E-08 -8.14098E-08
4.48334E-08 -7.17214E-08
4.49875E-08 -4.27277E-08
4.51415E-08 3.93510E-09
4.52956E-08 6.17306E-08
4.54497E-08 1.19836E-07
4.56037E-08 1.64769E-07
4.57578E-08 1.83006E-07
4.59119E-08 1.64438E-07
4.60659E-08 1.06106E-07
4.62200E-08 1.50260E-08
4.63741E-08 -9.13843E-08
4.65281E-08 -1.88320E-07
4.66822E-08 -2.49891E-07
4.68363E-08 -2.57022E-07
4.69903E-08 -2.04247E-07
4.71444E-08 -1.02697E-07
4.72985E-08 2.21631E-08
4.74525E-08 1.37639E-07
4.76066E-08 2.13559E-07
4.77607E-08 2.31462E-07
4.79147E-08 1.90167E-07
4.80688E-08 1.05804E-07
4.82229E-08 6.22372E-09
4.83769E-08 -7.83924E-08
4.85310E-08 -1.25491E-07
4.86851E-08 -1.27105E-07
4.88391E-08 -9.12495E-08
4.89932E-08 -3.73312E-08
4.91473E-08 1.24162E-08
4.93013E-08 4.17489E-08
4.94554E-08 4.57462E-08
4.96095E-08 3.06547E-08
4.97635E-08 8.92141E-09
4.99176E-08 -7.67041E-09
5.00717E-08 -1.32197E-08
5.02257E-08 -9.00097E-09
5.03798E-08 -8.87140E-10
5.05339E-08 5.00652E-09
5.06879E-08 5.75507E-09
5.08420E-08 2.42383E-09
5.09961E-08 -1.65086E-09
5.11501E-08 -3.53207E-09
5.13042E-08 -2.47119E-09
5.14583E-08 1.12890E-10
5.16123E-08 2.06947E-09
5.17664E-08 2.13783E-09
5.19205E-08 6.38143E-10
5.20745E-08 -1.05737E-09
5.22286E-08 -1.68582E-09
5.23827E-08 -9.70972E-10
5.25367E-08 3.46936E-10
5.26908E-08 1.20870E-09
5.28449E-08 1.05013E-09
5.29989E-08 1.35342E-10
5.31530E-08 -7.56155E-10
5.33071E-08 -9.69430E-10
5.34611E-08 -4.34672E-10
5.36152E-08 3.58939E-10
5.37693E-08 7.92217E-10
5.39233E-08 5.85520E-10
5.40774E-08 -3.63043E-11
5.42315E-08 -5.66452E-10
5.43855E-08 -6.19616E-10
5.45396E-08 -2.02890E-10
5.46937E-08 3.28794E-10
5.48477E-08 5.67962E-10
5.50018E-08 3.60691E-10
5.51559E-08 -1.01258E-10
5.53099E-08 -4.51100E-10
5.54640E-08 -4.33636E-10
5.56181E-08 -8.79183E-11
5.57721E-08 3.01572E-10
5.59262E-08 4.33890E-10
5.60803E-08 2.19656E-10
5.62343E-08 -1.61991E-10
5.63884E-08 -4.11601E-10
5.65425E-08 -3.41926E-10
5.66965E-08 -1.55756E-11
5.68506E-08 3.13035E-10
5.70047E-08 4.00269E-10
5.71587E-08 2.00249E-10
5.73128E-08 -1.07935E-10
5.74669E-08 -2.70210E-10
5.76209E-08 -1.63772E-10
5.77750E-08 1.04169E-10
5.79291E-08 2.83124E-10
5.80831E-08 1.82844E-10
5.82372E-08 -1.67564E-10
5.83913E-08 -5.31263E-10
5.85453E-08 -6.37865E-10
5.86994E-08 -3.84268E-10
5.88535E-08 9.31475E-11
5.90075E-08 5.26442E-10
5.91616E-08 7.12629E-10
5.93157E-08 6.40506E-10
5.94697E-08 4.52530E-10
5.96238E-08 2.86469E-10
5.97779E-08 1.42208E-10
5.99319E-08 -1.04153E-10
6.00860E-08 -5.46038E-10
6.02401E-08 -1.08716E-09
6.03941E-08 -1.43011E-09
6.05482E-08 -1.25262E-09
6.07023E-08 -4.55413E-10
6.08563E-08 7.06330E-10
6.10104E-08 1.72226E-09
6.11645E-08 2.10532E-09
6.13185E-08 1.66689E-09
6.14726E-08 6.10555E-10
6.16267E-08 -6.01902E-10
6.17807E-08 -1.50377E-09
6.19348E-08 -1.82658E-09
6.20889E-08 -1.55158E-09
6.22429E-08 -8.34504E-10
6.23970E-08 9.38211E-11
6.25511E-08 9.76629E-10
6.27051E-08 1.54499E-09
6.28592E-08 1.56662E-09
6.30133E-08 9.61646E-10
6.31673E-08 -8.09349E-11
6.33214E-08 -1.10908E-09
6.34755E-08 -1.60187E-09
6.36295E-08 -1.27232E-09
6.37836E-08 -2.81264E-10
6.39377E-08 8.13139E-10
6.40917E-08 1.37703E-09
6.42458E-08 1.09897E-09
6.43999E-08 1.93838E-10
6.45539E-08 -7.38891E-10
6.47080E-08 -1.11397E-09
6.48621E-08 -7.43326E-10
6.50161E-08 6.10285E-11
6.51702E-08 7.27747E-10
6.53243E-08 8.30087E-10
6.54783E-08 3.63516E-10
6.56324E-08 -2.89219E-10
6.57865E-08 -6.59195E-10
6.59405E-08 -5.25644E-10
6.60946E-08 -4.40150E-11
6.62487E-08 4.04600E-10
6.64027E-08 5.08415E-10
6.65568E-08 2.38347E-10
6.67109E-08 -1.64976E-10
6.68649E-08 -3.96341E-10
6.70190E-08 -3.13051E-10
6.71731E-08 -1.68562E-11
6.73271E-08 2.51057E-10
6.74812E-08 3.02339E-10
6.76353E-08 1.30035E-10
6.77893E-08 -1.11422E-10
6.79434E-08 -2.39871E-10
6.80975E-08 -1.79898E-10
6.82515E-08 -9.64134E-13
6.84056E-08 1.53631E-10
6.85597E-08 1.79119E-10
6.87137E-08 7.65310E-11
6.88678E-08 -6.48591E-11
6.90219E-08 -1.42942E-10
6.91759E-08 -1.13860E-10
6.93300E-08 -1.16571E-11
6.94841E-08 8.65878E-11
6.96381E-08 1.16970E-10
6.97922E-08 6.70124E-11
6.99463E-08 -2.35547E-11
7.01003E-08 -9.30409E-11
7.02544E-08 -9.71989E-11
7.04085E-08 -3.52570E-11
7.05625E-08 5.05857E-11
7.07166E-08 1.01694E-10
7.08707E-08 8.12104E-11
7.10247E-08 8.45684E-13
7.11788E-08 -8.34799E-11
7.13329E-08 -1.08699E-10
7.14869E-08 -5.16063E-11
7.16410E-08 4.91388E-11
7.17951E-08 1.17206E-10
7.19491E-08 9.58656E-11
7.21032E-08 -4.27351E-12
7.22573E-08 -1.07723E-10
7.24113E-08 -1.30428E-10
7.25654E-08 -4.84381E-11
7.27195E-08 7.76135E-11
7.28735E-08 1.46860E-10
7.30276E-08 9.96378E-11
7.31817E-08 -3.01182E-11
7.33357E-08 -1.38091E-10
7.34898E-08 -1.33724E-10
7.36439E-08 -1.74026E-11
7.37979E-08 1.15613E-10
7.39520E-08 1.51991E-10
7.41061E-08 5.64270E-11
7.42601E-08 -9.43561E-11
7.44142E-08 -1.72039E-10
7.45683E-08 -1.04366E-10
7.47223E-08 6.00272E-11
7.48764E-08 1.87114E-10
7.50305E-08 1.67383E-10
7.51845E-08 9.49557E-12
7.53386E-08 -1.62531E-10
7.54927E-08 -2.09442E-10
7.56467E-08 -9.22665E-11
7.58008E-08 9.39628E-11
7.59549E-08 1.98265E-10
7.61089E-08 1.39244E-10
7.62630E-08 -2.75663E-11
7.64171E-08 -1.58045E-10
7.65711E-08 -1.42953E-10
7.67252E-08 -1.22729E-12
7.68793E-08 1.37354E-10
7.70333E-08 1.46024E-10
7.71874E-08 1.34828E-11
7.73415E-08 -1.43395E-10
7.74955E-08 -1.79977E-10
7.76496E-08 -5.22882E-11
7.78037E-08 1.38501E-10
7.79577E-08 2.27628E-10
7.81118E-08 1.27981E-10
7.82659E-08 -8.94816E-11
7.84199E-08 -2.48231E-10
7.85740E-08 -2.11654E-10
7.87281E-08 -5.22032E-13
7.88821E-08 2.18380E-10
7.90362E-08 2.66677E-10
7.91903E-08 1.01956E-10
7.93443E-08 -1.44819E-10
7.94984E-08 -2.74918E-10
7.96525E-08 -1.84268E-10
7.98065E-08 5.15934E-11
7.99606E-08 2.40359E-10
8.01147E-08 2.31191E-10
8.02687E-08 3.70695E-11
8.04228E-08 -1.79217E-10
8.05769E-08 -2.41792E-10
8.07309E-08 -1.05969E-10
8.08850E-08 1.09235E-10
8.10391E-08 2.24475E-10
8.11931E-08 1.50011E-10
8.13472E-08 -4.36300E-11
8.15013E-08 -1.90528E-10
8.16553E-08 -1.71243E-10
8.18094E-08 -1.04500E-11
8.19635E-08 1.49964E-10
8.21175E-08 1.75215E-10
8.22716E-08 5.09741E-11
8.24257E-08 -1.09754E-10
8.25797E-08 -1.68171E-10
8.27338E-08 -7.92286E-11
8.28879E-08 7.36372E-11
8.30419E-08 1.55410E-10
8.31960E-08 9.80972E-11
8.33501E-08 -4.27333E-11
8.35041E-08 -1.40565E-10
8.36582E-08 -1.10761E-10
8.38123E-08 1.64230E-11
8.39663E-08 1.25531E-10
8.41204E-08 1.19877E-10
8.42745E-08 6.79365E-12
8.44285E-08 -1.10732E-10
8.45826E-08 -1.27157E-10
8.47367E-08 -2.85925E-11
8.48907E-08 9.55611E-11
8.50448E-08 1.33251E-10
8.51989E-08 5.03092E-11
8.53529E-08 -7.88656E-11
8.55070E-08 -1.37848E-10
8.56611E-08 -7.26124E-11
8.58151E-08 5.94225E-11
8.59692E-08 1.39942E-10
8.61233E-08 9.53941E-11
8.62773E-08 -3.63037E-11
8.64314E-08 -1.38157E-10
8.65855E-08 -1.17831E-10
8.67395E-08 9.08036E-12
8.68936E-08 1.31015E-10
8.70477E-08 1.38470E-10
8.72017E-08 2.20140E-11
8.73558E-08 -1.17188E-10
8.75099E-08 -1.55331E-10
8.76639E-08 -5.58889E-11
8.78180E-08 9.59223E-11
8.79721E-08 1.66282E-10
8.81261E-08 9.06508E-11
8.82802E-08 -6.73640E-11
8.84343E-08 -1.69587E-10
8.85883E-08 -1.24088E-10
8.87424E-08 3.23877E-11
8.88965E-08 1.64087E-10
8.90505E-08 1.54058E-10
8.92046E-08 7.82501E-12
8.93587E-08 -1.48847E-10
8.95127E-08 -1.78229E-10
8.96668E-08 -5.16246E-11
8.98209E-08 1.23155E-10
8.99749E-08 1.93781E-10
9.01290E-08 9.62404E-11
9.02831E-08 -8.73548E-11
9.04371E-08 -1.98043E-10
9.05912E-08 -1.37820E-10
9.07453E-08 4.35847E-11
9.08993E-08 1.89765E-10
9.10534E-08 1.72635E-10
9.12075E-08 4.75190E-12
9.13615E-08 -1.69562E-10
9.15156E-08 -1.98308E-10
9.16697E-08 -5.43837E-11
9.18237E-08 1.39008E-10
9.19778E-08 2.13766E-10
9.21319E-08 1.02939E-10
9.22859E-08 -9.94652E-11
9.24400E-08 -2.18205E-10
9.25941E-08 -1.48440E-10
9.27481E-08 5.19210E-11
9.29022E-08 2.10361E-10
9.30563E-08 1.88315E-10
9.32103E-08 2.16829E-12
9.33644E-08 -1.88858E-10
9.35185E-08 -2.19068E-10
9.36725E-08 -5.99791E-11
9.38266E-08 1.53254E-10
9.39807E-08 2.36925E-10
9.41347E-08 1.17189E-10
9.42888E-08 -1.04909E-10
9.44429E-08 -2.38953E-10
9.45969E-08 -1.68676E-10
9.47510E-08 4.71355E-11
9.49051E-08 2.23952E-10
9.50591E-08 2.09576E-10
9.52132E-08 1.53458E-11
9.53673E-08 -1.92763E-10
9.55213E-08 -2.36194E-10
9.56754E-08 -7.72719E-11
9.58295E-08 1.48016E-10
9.59835E-08 2.46492E-10
9.61376E-08 1.33677E-10
9.62917E-08 -9.35544E-11
9.64457E-08 -2.40150E-10
9.65998E-08 -1.80482E-10
9.67539E-08 3.37857E-11
9.69079E-08 2.18327E-10
9.70620E-08 2.14798E-10
9.72161E-08 2.68816E-11
9.73701E-08 -1.83281E-10
9.75242E-08 -2.34977E-10
9.76783E-08 -8.44338E-11
9.78323E-08 1.37965E-10
9.79864E-08 2.40514E-10
9.81405E-08 1.35489E-10
9.82945E-08 -8.56784E-11
9.84486E-08 -2.31866E-10
9.86027E-08 -1.77405E-10
9.87567E-08 2.97948E-11
9.89108E-08 2.10246E-10
9.90649E-08 2.08296E-10
9.92189E-08 2.64356E-11
9.93730E-08 -1.77437E-10
9.95271E-08 -2.27005E-10
9.96811E-08 -8.00159E-11
9.98352E-08 1.35624E-10
9.99893E-08 2.33040E-10
1.00143E-07 1.28287E-10
1.00297E-07 -8.72648E-11
1.00451E-07 -2.26522E-10
1.00606E-07 -1.68986E-10
1.00760E-07 3.49693E-11
1.00914E-07 2.08114E-10
1.01068E-07 2.00284E-10
1.01222E-07 1.85890E-11
1.01376E-07 -1.78972E-10
1.01530E-07 -2.20819E-10
1.01684E-07 -7.07619E-11
1.01838E-07 1.40678E-10
1.01992E-07 2.29721E-10
1.02146E-07 1.19007E-10
1.02300E-07 -9.51938E-11
1.02454E-07 -2.26635E-10
1.02608E-07 -1.60971E-10
1.02762E-07 4.47902E-11
1.02917E-07 2.11746E-10
1.03071E-07 1.94588E-10
1.03225E-07 8.03483E-12
1.03379E-07 -1.85778E-10
1.03533E-07 -2.18163E-10
1.03687E-07 -6.06579E-11
1.03841E-07 1.49970E-10
1.03995E-07 2.30450E-10
1.04149E-07 1.10434E-10
1.04303E-07 -1.06036E-10
1.04457E-07 -2.30706E-10
1.04611E-07 -1.54795E-10
1.04765E-07 5.61200E-11
1.04919E-07 2.18751E-10
1.05073E-07 1.91361E-10
1.05228E-07 -2.73394E-12
1.05382E-07 -1.95021E-10
1.05536E-07 -2.18082E-10
1.05690E-07 -5.13439E-11
1.05844E-07 1.60602E-10
1.05998E-07 2.33385E-10
1.06152E-07 1.03226E-10
1.06306E-07 -1.17195E-10
1.06460E-07 -2.36296E-10
1.06614E-07 -1.50100E-10
1.06768E-07 6.70129E-11
1.06922E-07 2.26503E-10
1.07076E-07 1.89396E-10
1.07230E-07 -1.26461E-11
1.07384E-07 -2.04355E-10
1.07539E-07 -2.18907E-10
1.07693E-07 -4.30692E-11
1.07847E-07 1.70828E-10
1.08001E-07 2.36878E-10
1.08155E-07 9.71642E-11
1.08309E-07 -1.27503E-10
1.08463E-07 -2.42090E-10
1.08617E-07 -1.46652E-10
1.08771E-07 7.65329E-11
1.08925E-07 2.33950E-10
1.09079E-07 1.88662E-10
1.09233E-07 -2.05912E-11
1.09387E-07 -2.12588E-10
1.09541E-07 -2.20617E-10
1.09695E-07 -3.72302E-11
1.09850E-07 1.78927E-10
1.10004E-07 2.40423E-10
1.10158E-07 9.35869E-11
1.10312E-07 -1.34686E-10
1.10466E-07 -2.46665E-10
1.10620E-07 -1.45102E-10
1.10774E-07 8.23229E-11
1.10928E-07 2.38753E-10
1.11082E-07 1.88614E-10
1.11236E-07 -2.48773E-11
1.11390E-07 -2.16999E-10
1.11544E-07 -2.21419E-10
1.11698E-07 -3.42301E-11
1.11852E-07 1.82615E-10
1.12006E-07 2.41477E-10
1.12161E-07 9.14453E-11
1.12315E-07 -1.37631E-10
1.12469E-07 -2.47561E-10
1.12623E-07 -1.43332E-10
1.12777E-07 8.47504E-11
1.12931E-07 2.39330E-10
1.13085E-07 1.86810E-10
1.13239E-07 -2.71525E-11
1.13393E-07 -2.17343E-10
1.13547E-07 -2.19351E-10
1.13701E-07 -3.17292E-11
1.13855E-07 1.82996E-10
1.14009E-07 2.39130E-10
1.14163E-07 8.84332E-11
1.14317E-07 -1.38410E-10
1.14472E-07 -2.45121E-10
1.14626E-07 -1.39688E-10
1.14780E-07 8.62783E-11
1.14934E-07 2.37133E-10
1.15088E-07 1.82604E-10
1.15242E-07 -2.96859E-11
1.15396E-07 -2.15793E-10
1.15550E-07 -2.14835E-10
1.15704E-07 -2.80870E-11
1.15858E-07 1.82487E-10
1.16012E-07 2.34694E-10
1.16166E-07 8.37601E-11
1.16320E-07 -1.39250E-10
1.16474E-07 -2.41229E-10
1.16628E-07 -1.34238E-10
1.16783E-07 8.86376E-11
1.16937E-07 2.34254E-10
1.17091E-07 1.76778E-10
1.17245E-07 -3.35608E-11
1.17399E-07 -2.14337E-10
1.17553E-07 -2.09130E-10
1.17707E-07 -2.28778E-11
1.17861E-07 1.82745E-10
1.18015E-07 2.29644E-10
1.18169E-07 7.75583E-11
1.18323E-07 -1.41359E-10
1.18477E-07 -2.37346E-10
1.18631E-07 -1.27512E-10
1.18785E-07 9.25593E-11
1.18939E-07 2.31968E-10
1.19094E-07 1.70075E-10
1.19248E-07 -3.90858E-11
1.19402E-07 -2.13953E-10
1.19556E-07 -2.03021E-10
1.19710E-07 -1.61116E-11
1.19864E-07 1.84413E-10
1.20018E-07 2.24668E-10
1.20172E-07 7.00307E-11
1.20326E-07 -1.45061E-10
1.20480E-07 -2.33962E-10
1.20634E-07 -1.19776E-10
1.20788E-07 9.81138E-11
1.20942E-07 2.30520E-10
1.21096E-07 1.62709E-10
1.21250E-07 -4.61657E-11
1.21405E-07 -2.14642E-10
1.21559E-07 -1.96584E-10
1.21713E-07 -7.95101E-12
1.21867E-07 1.87285E-10
1.22021E-07 2.19660E-10
1.22175E-07 6.13185E-11
1.22329E-07 -1.50005E-10
1.22483E-07 -2.30785E-10
1.22637E-07 -1.11087E-10
1.22791E-07 1.04870E-10
1.22945E-07 2.29448E-10
1.23099E-07 1.54621E-10
1.23253E-07 -5.43416E-11
1.23407E-07 -2.15799E-10
1.23561E-07 -1.89631E-10
1.23716E-07 1.15346E-12
1.23870E-07 1.90637E-10
1.24024E-07 2.14288E-10
1.24178E-07 5.18340E-11
1.24332E-07 -1.55363E-10
1.24486E-07 -2.27318E-10
1.24640E-07 -1.01779E-10
1.24794E-07 1.11916E-10
1.24948E-07 2.28069E-10
1.25102E-07 1.46007E-10
1.25256E-07 -6.26660E-11
1.25410E-07 -2.16548E-10
1.25564E-07 -1.82151E-10
1.25718E-07 1.02979E-11
1.25872E-07 1.93424E-10
1.26027E-07 2.08287E-10
1.26181E-07 4.23382E-11
1.26335E-07 -1.59997E-10
1.26489E-07 -2.23033E-10
1.26643E-07 -9.23779E-11
1.26797E-07 1.18133E-10
1.26951E-07 2.25638E-10
1.27105E-07 1.37105E-10
1.27259E-07 -7.01571E-11
1.27413E-07 -2.16021E-10
1.27567E-07 -1.74103E-10
1.27721E-07 1.87266E-11
1.27875E-07 1.94781E-10
1.28029E-07 2.01395E-10
1.28183E-07 3.33200E-11
1.28338E-07 -1.63157E-10
1.28492E-07 -2.17552E-10
1.28646E-07 -8.31268E-11
1.28800E-07 1.22960E-10
1.28954E-07 2.21776E-10
1.29108E-07 1.27982E-10
1.29262E-07 -7.64645E-11
1.29416E-07 -2.13937E-10
1.29570E-07 -1.65474E-10
1.29724E-07 2.62740E-11
1.29878E-07 1.94579E-10
1.30032E-07 1.93620E-10
1.30186E-07 2.48291E-11
1.30340E-07 -1.64877E-10
1.30494E-07 -2.10982E-10
1.30649E-07 -7.40438E-11
1.30803E-07 1.26567E-10
1.30957E-07 2.16730E-10
1.31111E-07 1.18708E-10
1.31265E-07 -8.18335E-11
1.31419E-07 -2.10689E-10
1.31573E-07 -1.56445E-10
1.31727E-07 3.31879E-11
1.31881E-07 1.93332E-10
1.32035E-07 1.85294E-10
1.32189E-07 1.66823E-11
1.32343E-07 -1.65743E-10
1.32497E-07 -2.03806E-10
1.32651E-07 -6.50637E-11
1.32805E-07 1.29548E-10
1.32960E-07 2.11120E-10
1.33114E-07 1.09366E-10
1.33268E-07 -8.68135E-11
1.33422E-07 -2.06992E-10
1.33576E-07 -1.47263E-10
1.33730E-07 3.99247E-11
1.33884E-07 1.91802E-10
1.34038E-07 1.76808E-10
1.34192E-07 8.54795E-12
1.34346E-07 -1.66515E-10
1.34500E-07 -1.96538E-10
1.34654E-07 -5.59927E-11
1.34808E-07 1.32624E-10
1.34962E-07 2.05539E-10
1.35116E-07 9.98980E-11
1.35271E-07 -9.20501E-11
1.35425E-07 -2.03483E-10
1.35579E-07 -1.37981E-10
1.35733E-07 4.70398E-11
1.35887E-07 1.90633E-10
1.36041E-07 1.68308E-10
1.36195E-07 -3.51681E-14
1.36349E-07 -1.67816E-10
1.36503E-07 -1.89384E-10
1.36657E-07 -4.64576E-11
1.36811E-07 1.36371E-10
1.36965E-07 2.00226E-10
1.37119E-07 9.00007E-11
1.37273E-07 -9.80689E-11
1.37427E-07 -2.00404E-10
1.37582E-07 -1.28351E-10
1.37736E-07 5.50053E-11
1.37890E-07 1.90050E-10
1.38044E-07 1.59572E-10
1.38198E-07 -9.49296E-12
1.38352E-07 -1.69841E-10
1.38506E-07 -1.82127E-10
1.38660E-07 -3.60652E-11
1.38814E-07 1.40953E-10
1.38968E-07 1.94951E-10
1.39122E-07 7.92999E-11
1.39276E-07 -1.04996E-10
1.39430E-07 -1.97497E-10
1.39584E-07 -1.17996E-10
1.39738E-07 6.39187E-11
1.39893E-07 1.89756E-10
1.40047E-07 1.50202E-10
1.40201E-07 -1.99073E-11
1.40355E-07 -1.72246E-10
1.40509E-07 -1.74326E-10
1.40663E-07 -2.47287E-11
1.40817E-07 1.45984E-10
1.40971E-07 1.89213E-10
1.41125E-07 6.76774E-11
1.41279E-07 -1.12422E-10
1.41433E-07 -1.94195E-10
1.41587E-07 -1.06742E-10
1.41741E-07 7.33675E-11
1.41895E-07 1.89122E-10
1.42049E-07 1.39949E-10
1.42204E-07 -3.08927E-11
1.42358E-07 -1.74359E-10
1.42512E-07 -1.65649E-10
1.42666E-07 -1.27799E-11
1.42820E-07 1.50767E-10
1.42974E-07 1.82598E-10
1.43128E-07 5.53900E-11
1.43282E-07 -1.19652E-10
1.43436E-07 -1.90011E-10
1.43590E-07 -9.47565E-11
1.43744E-07 8.26891E-11
1.43898E-07 1.87606E-10
1.44052E-07 1.28889E-10
1.44206E-07 -4.18387E-11
1.44360E-07 -1.75605E-10
1.44515E-07 -1.56086E-10
1.44669E-07 -7.61299E-13
1.44823E-07 1.54723E-10
1.44977E-07 1.75022E-10
1.45131E-07 4.29069E-11
1.45285E-07 -1.26121E-10
1.45439E-07 -1.84810E-10
1.45593E-07 -8.24407E-11
1.45747E-07 9.13451E-11
1.45901E-07 1.85041E-10
1.46055E-07 1.17363E-10
1.46209E-07 -5.22387E-11
1.46363E-07 -1.75800E-10
1.46517E-07 -1.45933E-10
1.46671E-07 1.08485E-11
1.46826E-07 1.57657E-10
1.46980E-07 1.66752E-10
1.47134E-07 3.06857E-11
1.47288E-07 -1.31629E-10
1.47442E-07 -1.78837E-10
1.47596E-07 -7.02406E-11
1.47750E-07 9.91240E-11
1.47904E-07 1.81656E-10
1.48058E-07 1.05817E-10
1.48212E-07 -6.18658E-11
1.48366E-07 -1.75159E-10
1.48520E-07 -1.35641E-10
1.48674E-07 2.17995E-11
1.48828E-07 1.59767E-10
1.48982E-07 1.58251E-10
1.49137E-07 1.90091E-11
1.49291E-07 -1.36349E-10
1.49445E-07 -1.72564E-10
1.49599E-07 -5.84782E-11
1.49753E-07 1.06170E-10
1.49907E-07 1.77933E-10
1.50061E-07 9.46170E-11
1.50215E-07 -7.08236E-11
1.50369E-07 -1.74164E-10
1.50523E-07 -1.25623E-10
1.50677E-07 3.21460E-11
1.50831E-07 1.61528E-10
1.50985E-07 1.49969E-10
1.51139E-07 7.87612E-12
1.51293E-07 -1.40741E-10
1.51448E-07 -1.66482E-10
1.51602E-07 -4.72094E-11
1.51756E-07 1.12916E-10
1.51910E-07 1.74387E-10
1.52064E-07 8.38739E-11
1.52218E-07 -7.95117E-11
1.52372E-07 -1.73351E-10
1.52526E-07 -1.16040E-10
1.52680E-07 4.22511E-11
1.52834E-07 1.63488E-10
1.52988E-07 1.42120E-10
1.53142E-07 -3.03492E-12
1.53296E-07 -1.45352E-10
1.53450E-07 -1.60839E-10
1.53604E-07 -3.61528E-11
1.53759E-07 1.19904E-10
1.53913E-07 1.71301E-10
1.54067E-07 7.33438E-11
1.54221E-07 -8.84615E-11
1.54375E-07 -1.73024E-10
1.54529E-07 -1.06683E-10
1.54683E-07 5.26319E-11
1.54837E-07 1.65964E-10
1.54991E-07 1.34515E-10
1.55145E-07 -1.42300E-11
1.55299E-07 -1.50510E-10
1.55453E-07 -1.55470E-10
1.55607E-07 -2.48112E-11
1.55761E-07 1.27468E-10
1.55915E-07 1.68520E-10
1.56070E-07 6.25350E-11
1.56224E-07 -9.80144E-11
1.56378E-07 -1.73038E-10
1.56532E-07 -9.70575E-11
1.56686E-07 6.36389E-11
1.56840E-07 1.68815E-10
1.56994E-07 1.26658E-10
1.57148E-07 -2.60715E-11
1.57302E-07 -1.56082E-10
1.57456E-07 -1.49866E-10
1.57610E-07 -1.28044E-11
1.57764E-07 1.35484E-10
1.57918E-07 1.65527E-10
1.58072E-07 5.10428E-11
1.58226E-07 -1.08061E-10
1.58381E-07 -1.72864E-10
1.58535E-07 -8.67313E-11
1.58689E-07 7.51862E-11
1.58843E-07 1.71512E-10
1.58997E-07 1.18085E-10
1.59151E-07 -3.85052E-11
1.59305E-07 -1.61537E-10
1.59459E-07 -1.43532E-10
1.59613E-07 -1.47389E-13
1.59767E-07 1.43435E-10
1.59921E-07 1.61797E-10
1.60075E-07 3.88377E-11
1.60229E-07 -1.18104E-10
1.60383E-07 -1.71955E-10
1.60537E-07 -7.56265E-11
1.60692E-07 8.68059E-11
1.60846E-07 1.73487E-10
1.61000E-07 1.08667E-10
1.61154E-07 -5.10999E-11
1.61308E-07 -1.66301E-10
1.61462E-07 -1.36294E-10
1.61616E-07 1.27706E-11
1.61770E-07 1.50741E-10
1.61924E-07 1.57108E-10
1.62078E-07 2.62621E-11
1.62232E-07 -1.27570E-10
1.62386E-07 -1.70048E-10
1.62540E-07 -6.40373E-11
1.62694E-07 9.79346E-11
1.62848E-07 1.74442E-10
1.63003E-07 9.86501E-11
1.63157E-07 -6.33085E-11
1.63311E-07 -1.70044E-10
1.63465E-07 -1.28347E-10
1.63619E-07 2.54221E-11
1.63773E-07 1.57048E-10
1.63927E-07 1.51613E-10
1.64081E-07 1.38226E-11
1.64235E-07 -1.36081E-10
1.64389E-07 -1.67252E-10
1.64543E-07 -5.24478E-11
1.64697E-07 1.08175E-10
1.64851E-07 1.74444E-10
1.65005E-07 8.84959E-11
1.65159E-07 -7.47143E-11
1.65314E-07 -1.72791E-10
1.65468E-07 -1.20130E-10
1.65622E-07 3.73736E-11
1.65776E-07 1.62339E-10
1.65930E-07 1.45726E-10
1.66084E-07 1.96848E-12
1.66238E-07 -1.43580E-10
1.66392E-07 -1.63954E-10
1.66546E-07 -4.13209E-11
1.66700E-07 1.17429E-10
1.66854E-07 1.73853E-10
1.67008E-07 7.86797E-11
1.67162E-07 -8.51814E-11
1.67316E-07 -1.74874E-10
1.67470E-07 -1.12129E-10
1.67625E-07 4.84505E-11
1.67779E-07 1.66918E-10
1.67933E-07 1.39940E-10
1.68087E-07 -9.08818E-12
1.68241E-07 -1.50341E-10
1.68395E-07 -1.60657E-10
1.68549E-07 -3.09064E-11
1.68703E-07 1.25941E-10
1.68857E-07 1.73176E-10
1.69011E-07 6.94871E-11
1.69165E-07 -9.49204E-11
1.69319E-07 -1.76802E-10
1.69473E-07 -1.04665E-10
1.69627E-07 5.88291E-11
1.69781E-07 1.71292E-10
1.69936E-07 1.34607E-10
1.70090E-07 -1.94895E-11
1.70244E-07 -1.56866E-10
1.70398E-07 -1.57738E-10
1.70552E-07 -2.10949E-11
1.70706E-07 1.34205E-10
1.70860E-07 1.72814E-10
1.71014E-07 6.08396E-11
1.71168E-07 -1.04416E-10
1.71322E-07 -1.78999E-10
1.71476E-07 -9.76856E-11
1.71630E-07 6.89860E-11
1.71784E-07 1.75903E-10
1.71938E-07 1.29705E-10
1.72092E-07 -2.97031E-11
1.72247E-07 -1.63614E-10
1.72401E-07 -1.55200E-10
1.72555E-07 -1.14278E-11
1.72709E-07 1.42694E-10
1.72863E-07 1.72796E-10
1.73017E-07 5.22882E-11
1.73171E-07 -1.14157E-10
1.73325E-07 -1.81513E-10
1.73479E-07 -9.07532E-11
1.73633E-07 7.94229E-11
1.73787E-07 1.80823E-10
1.73941E-07 1.24802E-10
1.74095E-07 -4.02442E-11
1.74249E-07 -1.70680E-10
1.74403E-07 -1.52624E-10
1.74558E-07 -1.37714E-12
1.74712E-07 1.51529E-10
1.74866E-07 1.72713E-10
1.75020E-07 4.32919E-11
1.75174E-07 -1.24290E-10
1.75328E-07 -1.83952E-10
1.75482E-07 -8.33146E-11
1.75636E-07 9.03137E-11
1.75790E-07 1.85676E-10
1.75944E-07 1.19337E-10
1.76098E-07 -5.13157E-11
1.76252E-07 -1.77709E-10
1.76406E-07 -1.49438E-10
1.76560E-07 9.29153E-12
1.76714E-07 1.60380E-10
1.76869E-07 1.71989E-10
1.77023E-07 3.35841E-11
1.77177E-07 -1.34515E-10
1.77331E-07 -1.85740E-10
1.77485E-07 -7.50709E-11
1.77639E-07 1.01394E-10
1.77793E-07 1.89890E-10
1.77947E-07 1.12978E-10
1.78101E-07 -6.26909E-11
1.78255E-07 -1.84138E-10
1.78409E-07 -1.45283E-10
1.78563E-07 2.03920E-11
1.78717E-07 1.68698E-10
1.78871E-07 1.70237E-10
1.79025E-07 2.33085E-11
1.79180E-07 -1.44299E-10
1.79334E-07 -1.86462E-10
1.79488E-07 -6.61207E-11
1.79642E-07 1.12151E-10
1.79796E-07 1.93030E-10
1.79950E-07 1.05780E-10
1.80104E-07 -7.38836E-11
1.80258E-07 -1.89512E-10
1.80412E-07 -1.40166E-10
1.80566E-07 3.14667E-11
1.80720E-07 1.76011E-10
1.80874E-07 1.67419E-10
1.81028E-07 1.28912E-11
1.81182E-07 -1.53161E-10
1.81336E-07 -1.86040E-10
1.81491E-07 -5.68581E-11
1.81645E-07 1.22095E-10
1.81799E-07 1.94973E-10
1.81953E-07 9.81013E-11
1.82107E-07 -8.43970E-11
1.82261E-07 -1.93669E-10
1.82415E-07 -1.34412E-10
1.82569E-07 4.20157E-11
1.82723E-07 1.82120E-10
1.82877E-07 1.63824E-10
1.83031E-07 2.83255E-12
1.83185E-07 -1.60861E-10
1.83339E-07 -1.84722E-10
1.83493E-07 -4.77804E-11
1.83647E-07 1.30953E-10
1.83802E-07 1.95931E-10
1.83956E-07 9.04355E-11
1.84110E-07 -9.39252E-11
1.84264E-07 -1.96782E-10
1.84418E-07 -1.28507E-10
1.84572E-07 5.17019E-11
1.84726E-07 1.87158E-10
1.84880E-07 1.59929E-10
1.85034E-07 -6.50075E-12
1.85188E-07 -1.67498E-10
1.85342E-07 -1.82978E-10
1.85496E-07 -3.92828E-11
1.85650E-07 1.38784E-10
1.85804E-07 1.96361E-10
1.85958E-07 8.32029E-11
1.86113E-07 -1.02490E-10
1.86267E-07 -1.99297E-10
1.86421E-07 -1.22895E-10
1.86575E-07 6.05100E-11
1.86729E-07 1.91558E-10
1.86883E-07 1.56201E-10
1.87037E-07 -1.50573E-11
1.87191E-07 -1.73487E-10
1.87345E-07 -1.81292E-10
1.87499E-07 -3.14512E-11
1.87653E-07 1.45986E-10
1.87807E-07 1.96767E-10
1.87961E-07 7.65238E-11
1.88115E-07 -1.10472E-10
1.88269E-07 -2.01730E-10
1.88424E-07 -1.17728E-10
1.88578E-07 6.88023E-11
1.88732E-07 1.95847E-10
1.88886E-07 1.52821E-10
1.89040E-07 -2.31810E-11
1.89194E-07 -1.79366E-10
1.89348E-07 -1.79877E-10
1.89502E-07 -2.39611E-11
1.89656E-07 1.53108E-10
1.89810E-07 1.97386E-10
1.89964E-07 7.00932E-11
1.90118E-07 -1.18426E-10
1.90272E-07 -2.04347E-10
1.90426E-07 -1.12723E-10
1.90580E-07 7.71396E-11
1.90735E-07 2.00319E-10
1.90889E-07 1.49530E-10
1.91043E-07 -3.14345E-11
1.91197E-07 -1.85454E-10
1.91351E-07 -1.78494E-10
1.91505E-07 -1.62491E-11
1.91659E-07 1.60490E-10
1.91813E-07 1.98006E-10
1.91967E-07 6.33500E-11
1.92121E-07 -1.26717E-10
1.92275E-07 -2.06960E-10
1.92429E-07 -1.07322E-10
1.92583E-07 8.59062E-11
1.92737E-07 2.04812E-10
1.92891E-07 1.45775E-10
1.93046E-07 -4.02236E-11
1.93200E-07 -1.91618E-10
1.93354E-07 -1.76601E-10
1.93508E-07 -7.89028E-12
1.93662E-07 1.68031E-10
1.93816E-07 1.98098E-10
1.93970E-07 5.58504E-11
1.94124E-07 -1.35273E-10
1.94278E-07 -2.09055E-10
1.94432E-07 -1.01066E-10
1.94586E-07 9.50661E-11
1.94740E-07 2.08831E-10
1.94894E-07 1.41081E-10
1.95048E-07 -4.95471E-11
1.95202E-07 -1.97384E-10
1.95357E-07 -1.73712E-10
1.95511E-07 1.15010E-12
1.95665E-07 1.75282E-10
1.95819E-07 1.97161E-10
1.95973E-07 4.75233E-11
1.96127E-07 -1.43674E-10
1.96281E-07 -2.10126E-10
1.96435E-07 -9.38451E-11
1.96589E-07 1.04229E-10
1.96743E-07 2.11863E-10
1.96897E-07 1.35304E-10
1.97051E-07 -5.90481E-11
1.97205E-07 -2.02236E-10
1.97359E-07 -1.69642E-10
1.97513E-07 1.05512E-11
1.97668E-07 1.81728E-10
1.97822E-07 1.94980E-10
1.97976E-07 3.86527E-11
1.98130E-07 -1.51408E-10
1.98284E-07 -2.09919E-10
1.98438E-07 -8.59056E-11
1.98592E-07 1.12888E-10
1.98746E-07 2.13622E-10
1.98900E-07 1.28648E-10
1.99054E-07 -6.82260E-11
1.99208E-07 -2.05858E-10
1.99362E-07 -1.64557E-10
1.99516E-07 1.98213E-11
1.99670E-07 1.87018E-10
1.99824E-07 1.91675E-10
1.99979E-07 2.97166E-11
2.00133E-07 -1.58096E-10
2.00287E-07 -2.08515E-10
2.00441E-07 -7.77101E-11
2.00595E-07 1.20637E-10
2.00749E-07 2.14146E-10
2.00903E-07 1.21560E-10
2.01057E-07 -7.66514E-11
2.01211E-07 -2.08243E-10
2.01365E-07 -1.58884E-10
2.01519E-07 2.85100E-11
2.01673E-07 1.91106E-10
2.01827E-07 1.87653E-10
2.01981E-07 2.11864E-11
2.02135E-07 -1.63649E-10
2.02290E-07 -2.06296E-10
2.02444E-07 -6.97476E-11
2.02598E-07 1.27346E-10
2.02752E-07 2.13791E-10
2.02906E-07 1.14542E-10
2.03060E-07 -8.41545E-11
2.03214E-07 -2.09720E-10
2.03368E-07 -1.53138E-10
2.03522E-07 3.64082E-11
2.03676E-07 1.94295E-10
2.03830E-07 1.83438E-10
2.03984E-07 1.33081E-11
2.04138E-07 -1.68341E-10
2.04292E-07 -2.03793E-10
2.04446E-07 -6.23001E-11
2.04601E-07 1.33260E-10
2.04755E-07 2.13095E-10
2.04909E-07 1.07911E-10
2.05063E-07 -9.09486E-11
2.05217E-07 -2.10832E-10
2.05371E-07 -1.47666E-10
2.05525E-07 4.36986E-11
2.05679E-07 1.97123E-10
2.05833E-07 1.79408E-10
2.05987E-07 5.92944E-12
2.06141E-07 -1.72708E-10
2.06295E-07 -2.01412E-10
2.06449E-07 -5.52449E-11
2.06603E-07 1.38909E-10
2.06757E-07 2.12484E-10
2.06912E-07 1.01574E-10
2.07066E-07 -9.75587E-11
2.07220E-07 -2.12025E-10
2.07374E-07 -1.42406E-10
2.07528E-07 5.08970E-11
2.07682E-07 2.00058E-10
2.07836E-07 1.75527E-10
2.07990E-07 -1.45403E-12
2.08144E-07 -1.77235E-10
2.08298E-07 -1.99145E-10
2.08452E-07 -4.80914E-11
2.08606E-07 1.44793E-10
2.08760E-07 2.11982E-10
2.08914E-07 9.50558E-11
2.09068E-07 -1.04494E-10
2.09223E-07 -2.13349E-10
2.09377E-07 -1.36898E-10
2.09531E-07 5.85225E-11
2.09685E-07 2.03177E-10
2.09839E-07 1.71357E-10
2.09993E-07 -9.36855E-12
2.10147E-07 -1.82024E-10
2.10301E-07 -1.96573E-10
2.10455E-07 -4.03075E-11
2.10609E-07 1.51041E-10
2.10763E-07 2.11192E-10
2.10917E-07 8.78204E-11
2.11071E-07 -1.11912E-10
2.11225E-07 -2.14434E-10
2.11379E-07 -1.30606E-10
2.11534E-07 6.67586E-11
2.11688E-07 2.06135E-10
2.11842E-07 1.66360E-10
2.11996E-07 -1.80242E-11
2.12150E-07 -1.86759E-10
2.12304E-07 -1.93163E-10
2.12458E-07 -3.16568E-11
2.12612E-07 1.57367E-10
2.12766E-07 2.09584E-10
2.12920E-07 7.96052E-11
2.13074E-07 -1.19558E-10
2.13228E-07 -2.14754E-10
2.13382E-07 -1.23241E-10
2.13536E-07 7.53834E-11
2.13690E-07 2.08415E-10
2.13845E-07 1.60222E-10
2.13999E-07 -2.72351E-11
2.14153E-07 -1.90934E-10
2.14307E-07 -1.88574E-10
2.14461E-07 -2.22883E-11
2.14615E-07 1.63275E-10
2.14769E-07 2.06790E-10
2.14923E-07 7.05201E-11
2.15077E-07 -1.26951E-10
2.15231E-07 -2.13918E-10
2.15385E-07 -1.14872E-10
2.15539E-07 8.39351E-11
2.15693E-07 2.09605E-10
2.15847E-07 1.52972E-10
2.16001E-07 -3.65583E-11
2.16156E-07 -1.94114E-10
2.16310E-07 -1.82791E-10
2.16464E-07 -1.26220E-11
2.16618E-07 1.68313E-10
2.16772E-07 2.02757E-10
2.16926E-07 6.09615E-11
2.17080E-07 -1.33620E-10
2.17234E-07 -2.11829E-10
2.17388E-07 -1.05868E-10
2.17542E-07 9.19267E-11
2.17696E-07 2.09560E-10
2.17850E-07 1.44946E-10
2.18004E-07 -4.54953E-11
2.18158E-07 -1.96113E-10
2.18312E-07 -1.76122E-10
2.18467E-07 -3.16728E-12
2.18621E-07 1.72252E-10
2.18775E-07 1.97754E-10
2.18929E-07 5.14437E-11
2.19083E-07 -1.39297E-10
2.19237E-07 -2.08721E-10
2.19391E-07 -9.67485E-11
2.19545E-07 9.90498E-11
2.19699E-07 2.08480E-10
2.19853E-07 1.36666E-10
2.20007E-07 -5.36986E-11
2.20161E-07 -1.97091E-10
2.20315E-07 -1.69082E-10
2.20469E-07 5.69346E-12
2.20623E-07 1.75211E-10
2.20778E-07 1.92293E-10
2.20932E-07 4.23832E-11
2.21086E-07 -1.44059E-10
2.21240E-07 -2.05096E-10
2.21394E-07 -8.79580E-11
2.21548E-07 1.05343E-10
2.21702E-07 2.06854E-10
2.21856E-07 1.28603E-10
2.22010E-07 -6.11686E-11
2.22164E-07 -1.97522E-10
2.22318E-07 -1.62167E-10
2.22472E-07 1.39233E-11
2.22626E-07 1.77650E-10
2.22780E-07 1.86888E-10
2.22934E-07 3.38527E-11
2.23089E-07 -1.48349E-10
2.23243E-07 -2.01485E-10
2.23397E-07 -7.96044E-11
2.23551E-07 1.11228E-10
2.23705E-07 2.05225E-10
2.23859E-07 1.20897E-10
2.24013E-07 -6.83055E-11
2.24167E-07 -1.97960E-10
2.24321E-07 -1.55548E-10
2.24475E-07 2.18998E-11
2.24629E-07 1.80128E-10
2.24783E-07 1.81739E-10
2.24937E-07 2.54982E-11
2.25091E-07 -1.52729E-10
2.25245E-07 -1.98113E-10
2.25400E-07 -7.13574E-11
2.25554E-07 1.17269E-10
2.25708E-07 2.03845E-10
2.25862E-07 1.13242E-10
2.26016E-07 -7.56726E-11
2.26170E-07 -1.98678E-10
2.26324E-07 -1.48943E-10
2.26478E-07 3.01821E-11
2.26632E-07 1.82938E-10
2.26786E-07 1.76589E-10
2.26940E-07 1.67662E-11
2.27094E-07 -1.57512E-10
2.27248E-07 -1.94750E-10
2.27402E-07 -6.26710E-11
2.27556E-07 1.23795E-10
2.27711E-07 2.02506E-10
2.27865E-07 1.05102E-10
2.28019E-07 -8.36149E-11
2.28173E-07 -1.99495E-10
2.28327E-07 -1.41825E-10
2.28481E-07 3.91321E-11
2.28635E-07 1.85928E-10
2.28789E-07 1.70923E-10
2.28943E-07 7.27788E-12
2.29097E-07 -1.62574E-10
2.29251E-07 -1.90893E-10
2.29405E-07 -5.31508E-11
2.29559E-07 1.30713E-10
2.29713E-07 2.00723E-10
2.29867E-07 9.60651E-11
2.30022E-07 -9.20713E-11
2.30176E-07 -1.99943E-10
2.30330E-07 -1.33770E-10
2.30484E-07 4.87211E-11
2.30638E-07 1.88647E-10
2.30792E-07 1.64302E-10
2.30946E-07 -2.97122E-12
2.31100E-07 -1.67482E-10
2.31254E-07 -1.86088E-10
2.31408E-07 -4.27563E-11
2.31562E-07 1.37614E-10
2.31716E-07 1.98027E-10
2.31870E-07 8.60553E-11
2.32024E-07 -1.00657E-10
2.32178E-07 -1.99541E-10
2.32333E-07 -1.24661E-10
2.32487E-07 5.85919E-11
2.32641E-07 1.90604E-10
2.32795E-07 1.56571E-10
2.32949E-07 -1.36541E-11
2.33103E-07 -1.71741E-10
2.33257E-07 -1.80143E-10
2.33411E-07 -3.17820E-11
2.33565E-07 1.43994E-10
2.33719E-07 1.94187E-10
2.33873E-07 7.53310E-11
2.34027E-07 -1.08866E-10
2.34181E-07 -1.98018E-10
2.34335E-07 -1.14721E-10
2.34489E-07 6.82382E-11
2.34644E-07 1.91489E-10
2.34798E-07 1.47909E-10
2.34952E-07 -2.42682E-11
2.35106E-07 -1.75000E-10
2.35260E-07 -1.73194E-10
2.35414E-07 -2.07237E-11
2.35568E-07 1.49468E-10
2.35722E-07 1.89294E-10
2.35876E-07 6.43779E-11
2.36030E-07 -1.16279E-10
2.36184E-07 -1.95419E-10
2.36338E-07 -1.04419E-10
2.36492E-07 7.72104E-11
2.36646E-07 1.91302E-10
2.36800E-07 1.38772E-10
2.36955E-07 -3.43360E-11
2.37109E-07 -1.77215E-10
2.37263E-07 -1.65674E-10
2.37417E-07 -1.00829E-11
2.37571E-07 1.53947E-10
2.37725E-07 1.83760E-10
2.37879E-07 5.37181E-11
2.38033E-07 -1.22763E-10
2.38187E-07 -1.92131E-10
2.38341E-07 -9.42952E-11
2.38495E-07 8.53317E-11
2.38649E-07 1.90402E-10
2.38803E-07 1.29712E-10
2.38957E-07 -4.36402E-11
2.39111E-07 -1.78714E-10
2.39266E-07 -1.58146E-10
2.39420E-07 -1.14971E-13
2.39574E-07 1.57728E-10
2.39728E-07 1.78151E-10
2.39882E-07 4.36420E-11
2.40036E-07 -1.28583E-10
2.40190E-07 -1.88722E-10
2.40344E-07 -8.46719E-11
2.40498E-07 9.28382E-11
2.40652E-07 1.89354E-10
2.40806E-07 1.21078E-10
2.40960E-07 -5.23865E-11
2.41114E-07 -1.80060E-10
2.41268E-07 -1.50984E-10
2.41422E-07 9.35585E-12
2.41577E-07 1.61367E-10
2.41731E-07 1.72862E-10
2.41885E-07 3.40017E-11
2.42039E-07 -1.34288E-10
2.42193E-07 -1.85606E-10
2.42347E-07 -7.54287E-11
2.42501E-07 1.00266E-10
2.42655E-07 1.88590E-10
2.42809E-07 1.12777E-10
2.42963E-07 -6.10979E-11
2.43117E-07 -1.81696E-10
2.43271E-07 -1.44122E-10
2.43425E-07 1.88390E-11
2.43579E-07 1.65317E-10
2.43733E-07 1.67854E-10
2.43888E-07 2.43045E-11
2.44042E-07 -1.40339E-10
2.44196E-07 -1.82768E-10
2.44350E-07 -6.60896E-11
2.44504E-07 1.08085E-10
2.44658E-07 1.88118E-10
2.44812E-07 1.04352E-10
2.44966E-07 -7.02522E-11
2.45120E-07 -1.83655E-10
2.45274E-07 -1.37118E-10
2.45428E-07 2.88175E-11
2.45582E-07 1.69639E-10
2.45736E-07 1.62706E-10
2.45890E-07 1.40617E-11
2.46044E-07 -1.46822E-10
2.46199E-07 -1.79807E-10
2.46353E-07 -5.61612E-11
2.46507E-07 1.16407E-10
2.46661E-07 1.87560E-10
2.46815E-07 9.53042E-11
2.46969E-07 -7.99867E-11
2.47123E-07 -1.85584E-10
2.47277E-07 -1.29473E-10
2.47431E-07 3.94579E-11
2.47585E-07 1.74004E-10
2.47739E-07 1.56913E-10
2.47893E-07 3.07694E-12
2.48047E-07 -1.53437E-10
2.48201E-07 -1.76220E-10
2.48355E-07 -4.54164E-11
2.48510E-07 1.24963E-10
2.48664E-07 1.86413E-10
2.48818E-07 8.53755E-11
2.48972E-07 -9.00678E-11
2.49126E-07 -1.86982E-10
2.49280E-07 -1.20897E-10
2.49434E-07 5.05613E-11
2.49588E-07 1.77915E-10
2.49742E-07 1.50155E-10
2.49896E-07 -8.48900E-12
2.50050E-07 -1.59695E-10
2.50204E-07 -1.71653E-10
2.50358E-07 -3.39758E-11
2.50512E-07 1.33274E-10
2.50666E-07 1.84292E-10
2.50821E-07 7.46438E-11
2.50975E-07 -1.00028E-10
2.51129E-07 -1.87435E-10
2.51283E-07 -1.11422E-10
2.51437E-07 6.16778E-11
2.51591E-07 1.80932E-10
2.51745E-07 1.42419E-10
2.51899E-07 -2.02063E-11
2.52053E-07 -1.65129E-10
2.52207E-07 -1.66045E-10
2.52361E-07 -2.22452E-11
2.52515E-07 1.40852E-10
2.52669E-07 1.81091E-10
2.52823E-07 6.34878E-11
2.52977E-07 -1.09361E-10
2.53132E-07 -1.86789E-10
2.53286E-07 -1.01397E-10
2.53440E-07 7.22849E-11
2.53594E-07 1.82854E-10
2.53748E-07 1.34020E-10
2.53902E-07 -3.15416E-11
2.54056E-07 -1.69496E-10
2.54210E-07 -1.59680E-10
2.54364E-07 -1.07661E-11
2.54518E-07 1.47409E-10
2.54672E-07 1.77054E-10
2.54826E-07 5.24532E-11
2.54980E-07 -1.17738E-10
2.55134E-07 -1.85251E-10
2.55288E-07 -9.13682E-11
2.55443E-07 8.20186E-11
2.55597E-07 1.83850E-10
2.55751E-07 1.25502E-10
2.55905E-07 -4.20955E-11
2.56059E-07 -1.72923E-10
2.56213E-07 -1.53090E-10
2.56367E-07 3.26577E-14
2.56521E-07 1.53036E-10
2.56675E-07 1.72707E-10
2.56829E-07 4.19952E-11
2.56983E-07 -1.25216E-10
2.57137E-07 -1.83334E-10
2.57291E-07 -8.18140E-11
2.57445E-07 9.08966E-11
2.57599E-07 1.84417E-10
2.57754E-07 1.17360E-10
2.57908E-07 -5.18530E-11
2.58062E-07 -1.75894E-10
2.58216E-07 -1.46791E-10
2.58370E-07 1.01029E-11
2.58524E-07 1.58198E-10
2.58678E-07 1.68574E-10
2.58832E-07 3.21920E-11
2.58986E-07 -1.32236E-10
2.59140E-07 -1.81571E-10
2.59294E-07 -7.28392E-11
2.59448E-07 9.93432E-11
2.59602E-07 1.85096E-10
2.59756E-07 1.09728E-10
2.59910E-07 -6.12166E-11
2.60065E-07 -1.78951E-10
2.60219E-07 -1.40936E-10
2.60373E-07 1.98267E-11
2.60527E-07 1.63438E-10
2.60681E-07 1.64833E-10
2.60835E-07 2.26835E-11
2.60989E-07 -1.39343E-10
2.61143E-07 -1.80162E-10
2.61297E-07 -6.41074E-11
2.61451E-07 1.07901E-10
2.61605E-07 1.86107E-10
2.61759E-07 1.02290E-10
2.61913E-07 -7.07263E-11
2.62067E-07 -1.82335E-10
2.62221E-07 -1.35237E-10
2.62376E-07 2.97385E-11
2.62530E-07 1.69018E-10
2.62684E-07 1.61221E-10
2.62838E-07 1.29411E-11
2.62992E-07 -1.46820E-10
2.63146E-07 -1.78870E-10
2.63300E-07 -5.50969E-11
2.63454E-07 1.16870E-10
2.63608E-07 1.87240E-10
2.63762E-07 9.45336E-11
2.63916E-07 -8.07028E-11
2.64070E-07 -1.85867E-10
2.64224E-07 -1.29190E-10
2.64378E-07 4.01806E-11
2.64532E-07 1.74789E-10
2.64687E-07 1.57244E-10
2.64841E-07 2.60144E-12
2.64995E-07 -1.54549E-10
2.65149E-07 -1.77214E-10
2.65303E-07 -4.54232E-11
2.65457E-07 1.26171E-10
2.65611E-07 1.88031E-10
2.65765E-07 8.60538E-11
2.65919E-07 -9.11028E-11
2.66073E-07 -1.89097E-10
2.66227E-07 -1.22369E-10
2.66381E-07 5.11478E-11
2.66535E-07 1.80321E-10
2.66689E-07 1.52459E-10
2.66843E-07 -8.37033E-12
2.66998E-07 -1.62125E-10
2.67152E-07 -1.74733E-10
2.67306E-07 -3.50098E-11
2.67460E-07 1.35422E-10
2.67614E-07 1.88000E-10
2.67768E-07 7.67317E-11
2.67922E-07 -1.01573E-10
2.68076E-07 -1.91534E-10
2.68230E-07 -1.14613E-10
2.68384E-07 6.23178E-11
2.68538E-07 1.85114E-10
2.68692E-07 1.46661E-10
2.68846E-07 -1.96859E-11
2.69000E-07 -1.69037E-10
2.69154E-07 -1.71180E-10
2.69309E-07 -2.41082E-11
2.69463E-07 1.44109E-10
2.69617E-07 1.86861E-10
2.69771E-07 6.67800E-11
2.69925E-07 -1.11599E-10
2.70079E-07 -1.92851E-10
2.70233E-07 -1.06094E-10
2.70387E-07 7.31794E-11
2.70541E-07 1.88801E-10
2.70695E-07 1.39979E-10
2.70849E-07 -3.08404E-11
2.71003E-07 -1.74886E-10
2.71157E-07 -1.66641E-10
2.71311E-07 -1.32147E-11
2.71465E-07 1.51798E-10
2.71620E-07 1.84656E-10
2.71774E-07 5.66819E-11
2.71928E-07 -1.20716E-10
2.72082E-07 -1.93047E-10
2.72236E-07 -9.72789E-11
2.72390E-07 8.32419E-11
2.72544E-07 1.91339E-10
2.72698E-07 1.32863E-10
2.72852E-07 -4.13199E-11
2.73006E-07 -1.79585E-10
2.73160E-07 -1.61545E-10
2.73314E-07 -2.86141E-12
2.73468E-07 1.58366E-10
2.73622E-07 1.81792E-10
2.73776E-07 4.69855E-11
2.73931E-07 -1.28764E-10
2.74085E-07 -1.92506E-10
2.74239E-07 -8.87288E-11
2.74393E-07 9.23077E-11
2.74547E-07 1.93087E-10
2.74701E-07 1.25881E-10
2.74855E-07 -5.08941E-11
2.75009E-07 -1.83467E-10
2.75163E-07 -1.56466E-10
2.75317E-07 6.69035E-12
2.75471E-07 1.64116E-10
2.75625E-07 1.78843E-10
2.75779E-07 3.79797E-11
2.75933E-07 -1.36019E-10
2.76087E-07 -1.91800E-10
2.76242E-07 -8.07566E-11
2.76396E-07 1.00627E-10
2.76550E-07 1.94613E-10
2.76704E-07 1.19370E-10
2.76858E-07 -5.97869E-11
2.77012E-07 -1.87095E-10
2.77166E-07 -1.51759E-10
2.77320E-07 1.56377E-11
2.77474E-07 1.69604E-10
2.77628E-07 1.76185E-10
2.77782E-07 2.94939E-11
2.77936E-07 -1.43026E-10
2.78090E-07 -1.91319E-10
2.78244E-07 -7.32191E-11
2.78398E-07 1.08735E-10
2.78553E-07 1.96322E-10
2.78707E-07 1.13213E-10
2.78861E-07 -6.85177E-11
2.79015E-07 -1.90887E-10
2.79169E-07 -1.47337E-10
2.79323E-07 2.44850E-11
2.79477E-07 1.75260E-10
2.79631E-07 1.73755E-10
2.79785E-07 2.10407E-11
2.79939E-07 -1.50227E-10
2.80093E-07 -1.91032E-10
2.80247E-07 -6.56473E-11
2.80401E-07 1.17081E-10
2.80555E-07 1.98213E-10
2.80709E-07 1.06961E-10
2.80864E-07 -7.75466E-11
2.81018E-07 -1.94872E-10
2.81172E-07 -1.42771E-10
2.81326E-07 3.37005E-11
2.81480E-07 1.81143E-10
2.81634E-07 1.71151E-10
2.81788E-07 1.21446E-11
2.81942E-07 -1.57713E-10
2.82096E-07 -1.90562E-10
2.82250E-07 -5.75596E-11
2.82404E-07 1.25788E-10
2.82558E-07 1.99934E-10
2.82712E-07 1.00127E-10
2.82866E-07 -8.70310E-11
2.83020E-07 -1.98727E-10
2.83175E-07 -1.37572E-10
2.83329E-07 4.34755E-11
2.83483E-07 1.86963E-10
2.83637E-07 1.67881E-10
2.83791E-07 2.58059E-12
2.83945E-07 -1.65227E-10
2.84099E-07 -1.89414E-10
2.84253E-07 -4.86963E-11
2.84407E-07 1.34636E-10
2.84561E-07 2.00993E-10
2.84715E-07 9.24184E-11
2.84869E-07 -9.67858E-11
2.85023E-07 -2.01965E-10
2.85177E-07 -1.31411E-10
2.85331E-07 5.36642E-11
2.85486E-07 1.92239E-10
2.85640E-07 1.63584E-10
2.85794E-07 -7.54714E-12
2.85948E-07 -1.72297E-10
2.86102E-07 -1.87199E-10
2.86256E-07 -3.91199E-11
2.86410E-07 1.43166E-10
2.86564E-07 2.00972E-10
2.86718E-07 8.38537E-11
2.86872E-07 -1.06369E-10
2.87026E-07 -2.04139E-10
2.87180E-07 -1.24266E-10
2.87334E-07 6.38423E-11
2.87488E-07 1.96500E-10
2.87642E-07 1.58191E-10
2.87797E-07 -1.78351E-11
2.87951E-07 -1.78430E-10
2.88105E-07 -1.83803E-10
2.88259E-07 -2.92097E-11
2.88413E-07 1.50866E-10
2.88567E-07 1.99715E-10
2.88721E-07 7.47866E-11
2.88875E-07 -1.15252E-10
2.89029E-07 -2.05053E-10
2.89183E-07 -1.16461E-10
2.89337E-07 7.34685E-11
2.89491E-07 1.99507E-10
2.89645E-07 1.52000E-10
2.89799E-07 -2.77320E-11
2.89953E-07 -1.83349E-10
2.90108E-07 -1.79493E-10
2.90262E-07 -1.95243E-11
2.90416E-07 1.57419E-10
2.90570E-07 1.97454E-10
2.90724E-07 6.57794E-11
2.90878E-07 -1.23083E-10
2.91032E-07 -2.04905E-10
2.91186E-07 -1.08559E-10
2.91340E-07 8.21599E-11
2.91494E-07 2.01427E-10
2.91648E-07 1.45570E-10
2.91802E-07 -3.68257E-11
2.91956E-07 -1.87187E-10
2.92110E-07 -1.74821E-10
2.92264E-07 -1.05014E-11
2.92419E-07 1.62928E-10
2.92573E-07 1.94734E-10
2.92727E-07 5.72916E-11
2.92881E-07 -1.29933E-10
2.93035E-07 -2.04228E-10
2.93189E-07 -1.01038E-10
2.93343E-07 8.99540E-11
2.93497E-07 2.02778E-10
2.93651E-07 1.39394E-10
2.93805E-07 -4.51230E-11
2.93959E-07 -1.90445E-10
2.94113E-07 -1.70295E-10
2.94267E-07 -2.16441E-12
2.94421E-07 1.67874E-10
2.94575E-07 1.92073E-10
2.94730E-07 4.93766E-11
2.94884E-07 -1.36261E-10
2.95038E-07 -2.03548E-10
2.95192E-07 -9.39817E-11
2.95346E-07 9.72894E-11
2.95500E-07 2.04091E-10
2.95654E-07 1.33584E-10
2.95808E-07 -5.30382E-11
2.95962E-07 -1.93657E-10
2.96116E-07 -1.66051E-10
2.96270E-07 5.87565E-12
2.96424E-07 1.72792E-10
2.96578E-07 1.89633E-10
2.96732E-07 4.16721E-11
2.96886E-07 -1.42602E-10
2.97041E-07 -2.03053E-10
2.97195E-07 -8.70542E-11
2.97349E-07 1.04695E-10
2.97503E-07 2.05578E-10
2.97657E-07 1.27833E-10
2.97811E-07 -6.10955E-11
2.97965E-07 -1.97059E-10
2.98119E-07 -1.61816E-10
2.98273E-07 1.41358E-11
2.98427E-07 1.77942E-10
2.98581E-07 1.87173E-10
2.98735E-07 3.36695E-11
2.98889E-07 -1.49238E-10
2.99043E-07 -2.02533E-10
2.99197E-07 -7.97571E-11
2.99352E-07 1.12479E-10
2.99506E-07 2.07063E-10
2.99660E-07 1.21655E-10
2.99814E-07 -6.96254E-11
2.99968E-07 -2.00512E-10
3.00122E-07 -1.57115E-10
3.00276E-07 2.29690E-11
3.00430E-07 1.83219E-10
3.00584E-07 1.84230E-10
3.00738E-07 2.49936E-11
3.00892E-07 -1.56103E-10
3.01046E-07 -2.01543E-10
3.01200E-07 -7.16950E-11
3.01354E-07 1.20610E-10
3.01508E-07 2.08120E-10
3.01663E-07 1.14634E-10
3.01817E-07 -7.86347E-11
3.01971E-07 -2.03605E-10
3.02125E-07 -1.51512E-10
3.02279E-07 3.24213E-11
3.02433E-07 1.88236E-10
3.02587E-07 1.80353E-10
3.02741E-07 1.55594E-11
3.02895E-07 -1.62831E-10
3.03049E-07 -1.99615E-10
3.03203E-07 -6.27421E-11
3.03357E-07 1.28749E-10
3.03511E-07 2.08266E-10
3.03665E-07 1.06604E-10
3.03819E-07 -8.78129E-11
3.03974E-07 -2.05846E-10
3.04128E-07 -1.44802E-10
3.04282E-07 4.22118E-11
3.04436E-07 1.92488E-10
3.04590E-07 1.75296E-10
3.04744E-07 5.61585E-12
3.04898E-07 -1.68912E-10
3.05052E-07 -1.96462E-10
3.05206E-07 -5.31137E-11
3.05360E-07 1.36381E-10
3.05514E-07 2.07175E-10
3.05668E-07 9.77448E-11
3.05822E-07 -9.66415E-11
3.05976E-07 -2.06872E-10
3.06130E-07 -1.37128E-10
3.06285E-07 5.18223E-11
3.06439E-07 1.95579E-10
3.06593E-07 1.69165E-10
3.06747E-07 -4.32249E-12
3.06901E-07 -1.73913E-10
3.07055E-07 -1.92154E-10
3.07209E-07 -4.33183E-11
3.07363E-07 1.43043E-10
3.07517E-07 2.04878E-10
3.07671E-07 8.85553E-11
3.07825E-07 -1.04630E-10
3.07979E-07 -2.06674E-10
