0.00000E+00 0.00000E+00
1.54067E-10 0.00000E+00
3.08133E-10 4.69525E-12
4.62200E-10 2.05874E-11
6.16267E-10 4.76849E-11
7.70333E-10 7.46219E-11
9.24400E-10 8.41192E-11
1.07847E-09 6.64200E-11
1.23253E-09 2.99160E-11
1.38660E-09 -1.28893E-12
1.54067E-09 -3.11166E-12
1.69473E-09 3.07419E-11
1.84880E-09 8.32409E-11
2.00287E-09 1.26185E-10
2.15693E-09 1.41496E-10
2.31100E-09 1.35286E-10
2.46507E-09 1.33506E-10
2.61913E-09 1.62409E-10
2.77320E-09 2.29180E-10
2.92727E-09 3.18071E-10
3.08133E-09 4.04956E-10
3.23540E-09 4.78533E-10
3.38947E-09 5.51158E-10
3.54353E-09 6.50909E-10
3.69760E-09 8.01746E-10
3.85167E-09 1.00815E-09
4.00573E-09 1.25672E-09
4.15980E-09 1.53317E-09
4.31387E-09 1.84068E-09
4.46793E-09 2.20483E-09
4.62200E-09 2.66162E-09
4.77607E-09 3.23899E-09
4.93013E-09 3.94767E-09
5.08420E-09 4.78890E-09
5.23827E-09 5.77281E-09
5.39233E-09 6.93253E-09
5.54640E-09 8.32308E-09
5.70047E-09 1.00071E-08
5.85453E-09 1.20399E-08
6.00860E-09 1.44684E-08
6.16267E-09 1.73437E-08
6.31673E-09 2.07399E-08
6.47080E-09 2.47634E-08
6.62487E-09 2.95477E-08
6.77893E-09 3.52392E-08
6.93300E-09 4.19898E-08
7.08707E-09 4.99635E-08
7.24113E-09 5.93546E-08
7.39520E-09 7.04060E-08
7.54927E-09 8.34151E-08
7.70333E-09 9.87278E-08
7.85740E-09 1.16731E-07
8.01147E-09 1.37853E-07
8.16553E-09 1.62583E-07
8.31960E-09 1.91495E-07
8.47367E-09 2.25265E-07
8.62773E-09 2.64678E-07
8.78180E-09 3.10630E-07
8.93587E-09 3.64127E-07
9.08993E-09 4.26310E-07
9.24400E-09 4.98478E-07
9.39807E-09 5.82129E-07
9.55213E-09 6.78982E-07
9.70620E-09 7.90997E-07
9.86027E-09 9.20385E-07
1.00143E-08 1.06963E-06
1.01684E-08 1.24155E-06
1.03225E-08 1.43930E-06
1.04765E-08 1.66648E-06
1.06306E-08 1.92715E-06
1.07847E-08 2.22586E-06
1.09387E-08 2.56772E-06
1.10928E-08 2.95843E-06
1.12469E-08 3.40437E-06
1.14009E-08 3.91267E-06
1.15550E-08 4.49131E-06
1.17091E-08 5.14915E-06
1.18631E-08 5.89605E-06
1.20172E-08 6.74292E-06
1.21713E-08 7.70185E-06
1.23253E-08 8.78621E-06
1.24794E-08 1.00108E-05
1.26335E-08 1.13918E-05
1.27875E-08 1.29473E-05
1.29416E-08 1.46968E-05
1.30957E-08 1.66619E-05
1.32497E-08 1.88661E-05
1.34038E-08 2.13352E-05
1.35579E-08 2.40972E-05
1.37119E-08 2.71826E-05
1.38660E-08 3.06247E-05
1.40201E-08 3.44593E-05
1.41741E-08 3.87252E-05
1.43282E-08 4.34645E-05
1.44823E-08 4.87222E-05
1.46363E-08 5.45469E-05
1.47904E-08 6.09908E-05
1.49445E-08 6.81096E-05
1.50985E-08 7.59629E-05
1.52526E-08 8.46141E-05
1.54067E-08 9.41306E-05
1.55607E-08 1.04584E-04
1.57148E-08 1.16050E-04
1.58689E-08 1.28609E-04
1.60229E-08 1.42344E-04
1.61770E-08 1.57345E-04
1.63311E-08 1.73702E-04
1.64851E-08 1.91514E-04
1.66392E-08 2.10879E-04
1.67933E-08 2.31903E-04
1.69473E-08 2.54693E-04
1.71014E-08 2.79360E-04
1.72555E-08 3.06017E-04
1.74095E-08 3.34782E-04
1.75636E-08 3.65772E-04
1.77177E-08 3.99107E-04
1.78717E-08 4.34910E-04
1.80258E-08 4.73301E-04
1.81799E-08 5.14402E-04
1.83339E-08 5.58333E-04
1.84880E-08 6.05212E-04
1.86421E-08 6.55156E-04
1.87961E-08 7.08275E-04
1.89502E-08 7.64677E-04
1.91043E-08 8.24463E-04
1.92583E-08 8.87727E-04
1.94124E-08 9.54554E-04
1.95665E-08 1.02502E-03
1.97205E-08 1.09919E-03
1.98746E-08 1.17712E-03
2.00287E-08 1.25885E-03
2.01827E-08 1.34440E-03
2.03368E-08 1.43377E-03
2.04909E-08 1.52697E-03
2.06449E-08 1.62395E-03
2.07990E-08 1.72468E-03
2.09531E-08 1.82907E-03
2.11071E-08 1.93704E-03
2.12612E-08 2.04846E-03
2.14153E-08 2.16318E-03
2.15693E-08 2.28105E-03
2.17234E-08 2.40185E-03
2.18775E-08 2.52536E-03
2.20315E-08 2.65133E-03
2.21856E-08 2.77946E-03
2.23397E-08 2.90945E-03
2.24937E-08 3.04095E-03
2.26478E-08 3.17359E-03
2.28019E-08 3.30696E-03
2.29559E-08 3.44063E-03
2.31100E-08 3.57415E-03
2.32641E-08 3.70703E-03
2.34181E-08 3.83876E-03
2.35722E-08 3.96880E-03
2.37263E-08 4.09660E-03
2.38803E-08 4.22158E-03
2.40344E-08 4.34316E-03
2.41885E-08 4.46072E-03
2.43425E-08 4.57365E-03
2.44966E-08 4.68131E-03
2.46507E-08 4.78309E-03
2.48047E-08 4.87833E-03
2.49588E-08 4.96642E-03
2.51129E-08 5.04671E-03
2.52669E-08 5.11861E-03
2.54210E-08 5.18150E-03
2.55751E-08 5.23480E-03
2.57291E-08 5.27794E-03
2.58832E-08 5.31038E-03
2.60373E-08 5.33163E-03
2.61913E-08 5.34121E-03
2.63454E-08 5.33869E-03
2.64995E-08 5.32366E-03
2.66535E-08 5.29580E-03
2.68076E-08 5.25479E-03
2.69617E-08 5.20040E-03
2.71157E-08 5.13245E-03
2.72698E-08 5.05079E-03
2.74239E-08 4.95536E-03
2.75779E-08 4.84615E-03
2.77320E-08 4.72322E-03
2.78861E-08 4.58670E-03
2.80401E-08 4.43676E-03
2.81942E-08 4.27366E-03
2.83483E-08 4.09773E-03
2.85023E-08 3.90933E-03
2.86564E-08 3.70893E-03
2.88105E-08 3.49703E-03
2.89645E-08 3.27419E-03
2.91186E-08 3.04106E-03
2.92727E-08 2.79830E-03
2.94267E-08 2.54665E-03
2.95808E-08 2.28689E-03
2.97349E-08 2.01985E-03
2.98889E-08 1.74638E-03
3.00430E-08 1.46738E-03
3.01971E-08 1.18378E-03
3.03511E-08 8.96521E-04
3.05052E-08 6.06576E-04
3.06593E-08 3.14924E-04
3.08133E-08 2.25503E-05
3.09674E-08 -2.69555E-04
3.11215E-08 -5.60409E-04
3.12755E-08 -8.49035E-04
3.14296E-08 -1.13447E-03
3.15837E-08 -1.41579E-03
3.17377E-08 -1.69206E-03
3.18918E-08 -1.96241E-03
3.20459E-08 -2.22598E-03
3.21999E-08 -2.48198E-03
3.23540E-08 -2.72964E-03
3.25081E-08 -2.96823E-03
3.26621E-08 -3.19711E-03
3.28162E-08 -3.41564E-03
3.29703E-08 -3.62328E-03
3.31243E-08 -3.81952E-03
3.32784E-08 -4.00394E-03
3.34325E-08 -4.17615E-03
3.35865E-08 -4.33583E-03
3.37406E-08 -4.48275E-03
3.38947E-08 -4.61669E-03
3.40487E-08 -4.73755E-03
3.42028E-08 -4.84524E-03
3.43569E-08 -4.93975E-03
3.45109E-08 -5.02114E-03
3.46650E-08 -5.08952E-03
3.48191E-08 -5.14503E-03
3.49731E-08 -5.18788E-03
3.51272E-08 -5.21833E-03
3.52813E-08 -5.23669E-03
3.54353E-08 -5.24328E-03
3.55894E-08 -5.23850E-03
3.57435E-08 -5.22276E-03
3.58975E-08 -5.19650E-03
3.60516E-08 -5.16020E-03
3.62057E-08 -5.11435E-03
3.63597E-08 -5.05947E-03
3.65138E-08 -4.99610E-03
3.66679E-08 -4.92477E-03
3.68219E-08 -4.84604E-03
3.69760E-08 -4.76048E-03
3.71301E-08 -4.66865E-03
3.72841E-08 -4.57110E-03
3.74382E-08 -4.46840E-03
3.75923E-08 -4.36111E-03
3.77463E-08 -4.24975E-03
3.79004E-08 -4.13487E-03
3.80545E-08 -4.01698E-03
3.82085E-08 -3.89658E-03
3.83626E-08 -3.77416E-03
3.85167E-08 -3.65018E-03
3.86707E-08 -3.52509E-03
3.88248E-08 -3.39932E-03
3.89789E-08 -3.27325E-03
3.91329E-08 -3.14727E-03
3.92870E-08 -3.02173E-03
3.94411E-08 -2.89696E-03
3.95951E-08 -2.77327E-03
3.97492E-08 -2.65093E-03
3.99033E-08 -2.53019E-03
4.00573E-08 -2.41130E-03
4.02114E-08 -2.29445E-03
4.03655E-08 -2.17984E-03
4.05195E-08 -2.06761E-03
4.06736E-08 -1.95792E-03
4.08277E-08 -1.85088E-03
4.09817E-08 -1.74658E-03
4.11358E-08 -1.64511E-03
4.12899E-08 -1.54653E-03
4.14439E-08 -1.45088E-03
4.15980E-08 -1.35820E-03
4.17521E-08 -1.26848E-03
4.19061E-08 -1.18175E-03
4.20602E-08 -1.09797E-03
4.22143E-08 -1.01714E-03
4.23683E-08 -9.39207E-04
4.25224E-08 -8.64143E-04
4.26765E-08 -7.91894E-04
4.28305E-08 -7.22405E-04
4.29846E-08 -6.55613E-04
4.31387E-08 -5.91454E-04
4.32927E-08 -5.29860E-04
4.34468E-08 -4.70758E-04
4.36009E-08 -4.14077E-04
4.37549E-08 -3.59744E-04
4.39090E-08 -3.07687E-04
4.40631E-08 -2.57834E-04
4.42171E-08 -2.10116E-04
4.43712E-08 -1.64465E-04
4.45253E-08 -1.20817E-04
4.46793E-08 -7.91126E-05
4.48334E-08 -3.92934E-05
4.49875E-08 -1.30709E-06
4.51415E-08 3.48947E-05
4.52956E-08 6.93555E-05
4.54497E-08 1.02114E-04
4.56037E-08 1.33205E-04
4.57578E-08 1.62658E-04
4.59119E-08 1.90496E-04
4.60659E-08 2.16741E-04
4.62200E-08 2.41407E-04
4.63741E-08 2.64507E-04
4.65281E-08 2.86049E-04
4.66822E-08 3.06036E-04
4.68363E-08 3.24470E-04
4.69903E-08 3.41350E-04
4.71444E-08 3.56672E-04
4.72985E-08 3.70433E-04
4.74525E-08 3.82626E-04
4.76066E-08 3.93245E-04
4.77607E-08 4.02283E-04
4.79147E-08 4.09736E-04
4.80688E-08 4.15598E-04
4.82229E-08 4.19866E-04
4.83769E-08 4.22542E-04
4.85310E-08 4.23626E-04
4.86851E-08 4.23124E-04
4.88391E-08 4.21045E-04
4.89932E-08 4.17403E-04
4.91473E-08 4.12216E-04
4.93013E-08 4.05505E-04
4.94554E-08 3.97299E-04
4.96095E-08 3.87631E-04
4.97635E-08 3.76538E-04
4.99176E-08 3.64065E-04
5.00717E-08 3.50261E-04
5.02257E-08 3.35180E-04
5.03798E-08 3.18884E-04
5.05339E-08 3.01438E-04
5.06879E-08 2.82912E-04
5.08420E-08 2.63383E-04
5.09961E-08 2.42930E-04
5.11501E-08 2.21639E-04
5.13042E-08 1.99597E-04
5.14583E-08 1.76897E-04
5.16123E-08 1.53633E-04
5.17664E-08 1.29901E-04
5.19205E-08 1.05801E-04
5.20745E-08 8.14319E-05
5.22286E-08 5.68954E-05
5.23827E-08 3.22917E-05
5.25367E-08 7.72111E-06
5.26908E-08 -1.67173E-05
5.28449E-08 -4.09262E-05
5.29989E-08 -6.48105E-05
5.31530E-08 -8.82779E-05
5.33071E-08 -1.11240E-04
5.34611E-08 -1.33610E-04
5.36152E-08 -1.55310E-04
5.37693E-08 -1.76263E-04
5.39233E-08 -1.96398E-04
5.40774E-08 -2.15649E-04
5.42315E-08 -2.33959E-04
5.43855E-08 -2.51274E-04
5.45396E-08 -2.67546E-04
5.46937E-08 -2.82735E-04
5.48477E-08 -2.96808E-04
5.50018E-08 -3.09737E-04
5.51559E-08 -3.21502E-04
5.53099E-08 -3.32088E-04
5.54640E-08 -3.41487E-04
5.56181E-08 -3.49699E-04
5.57721E-08 -3.56728E-04
5.59262E-08 -3.62584E-04
5.60803E-08 -3.67285E-04
5.62343E-08 -3.70851E-04
5.63884E-08 -3.73309E-04
5.65425E-08 -3.74691E-04
5.66965E-08 -3.75032E-04
5.68506E-08 -3.74371E-04
5.70047E-08 -3.72753E-04
5.71587E-08 -3.70222E-04
5.73128E-08 -3.66827E-04
5.74669E-08 -3.62620E-04
5.76209E-08 -3.57654E-04
5.77750E-08 -3.51982E-04
5.79291E-08 -3.45660E-04
5.80831E-08 -3.38743E-04
5.82372E-08 -3.31288E-04
5.83913E-08 -3.23351E-04
5.85453E-08 -3.14987E-04
5.86994E-08 -3.06251E-04
5.88535E-08 -2.97196E-04
5.90075E-08 -2.87874E-04
5.91616E-08 -2.78337E-04
5.93157E-08 -2.68632E-04
5.94697E-08 -2.58808E-04
5.96238E-08 -2.48907E-04
5.97779E-08 -2.38973E-04
5.99319E-08 -2.29044E-04
6.00860E-08 -2.19160E-04
6.02401E-08 -2.09353E-04
6.03941E-08 -1.99655E-04
6.05482E-08 -1.90097E-04
6.07023E-08 -1.80705E-04
6.08563E-08 -1.71502E-04
6.10104E-08 -1.62509E-04
6.11645E-08 -1.53747E-04
6.13185E-08 -1.45230E-04
6.14726E-08 -1.36973E-04
6.16267E-08 -1.28987E-04
6.17807E-08 -1.21281E-04
6.19348E-08 -1.13863E-04
6.20889E-08 -1.06738E-04
6.22429E-08 -9.99097E-05
6.23970E-08 -9.33789E-05
6.25511E-08 -8.71461E-05
6.27051E-08 -8.12098E-05
6.28592E-08 -7.55673E-05
6.30133E-08 -7.02146E-05
6.31673E-08 -6.51466E-05
6.33214E-08 -6.03574E-05
6.34755E-08 -5.58401E-05
6.36295E-08 -5.15871E-05
6.37836E-08 -4.75904E-05
6.39377E-08 -4.38411E-05
6.40917E-08 -4.03303E-05
6.42458E-08 -3.70486E-05
6.43999E-08 -3.39862E-05
6.45539E-08 -3.11335E-05
6.47080E-08 -2.84807E-05
6.48621E-08 -2.60178E-05
6.50161E-08 -2.37350E-05
6.51702E-08 -2.16228E-05
6.53243E-08 -1.96715E-05
6.54783E-08 -1.78718E-05
6.56324E-08 -1.62146E-05
6.57865E-08 -1.46911E-05
6.59405E-08 -1.32926E-05
6.60946E-08 -1.20110E-05
6.62487E-08 -1.08383E-05
6.64027E-08 -9.76697E-06
6.65568E-08 -8.78967E-06
6.67109E-08 -7.89955E-06
6.68649E-08 -7.09008E-06
6.70190E-08 -6.35506E-06
6.71731E-08 -5.68866E-06
6.73271E-08 -5.08536E-06
6.74812E-08 -4.53999E-06
6.76353E-08 -4.04773E-06
6.77893E-08 -3.60407E-06
6.79434E-08 -3.20480E-06
6.80975E-08 -2.84602E-06
6.82515E-08 -2.52406E-06
6.84056E-08 -2.23558E-06
6.85597E-08 -1.97744E-06
6.87137E-08 -1.74682E-06
6.88678E-08 -1.54107E-06
6.90219E-08 -1.35777E-06
6.91759E-08 -1.19472E-06
6.93300E-08 -1.04986E-06
6.94841E-08 -9.21341E-07
6.96381E-08 -8.07488E-07
6.97922E-08 -7.06775E-07
6.99463E-08 -6.17819E-07
7.01003E-08 -5.39357E-07
7.02544E-08 -4.70239E-07
7.04085E-08 -4.09430E-07
7.05625E-08 -3.56003E-07
7.07166E-08 -3.09133E-07
7.08707E-08 -2.68082E-07
7.10247E-08 -2.32182E-07
7.11788E-08 -2.00826E-07
7.13329E-08 -1.73468E-07
7.14869E-08 -1.49627E-07
7.16410E-08 -1.28879E-07
7.17951E-08 -1.10858E-07
7.19491E-08 -9.52335E-08
7.21032E-08 -8.17078E-08
7.22573E-08 -7.00089E-08
7.24113E-08 -5.98961E-08
7.25654E-08 -5.11637E-08
7.27195E-08 -4.36389E-08
7.28735E-08 -3.71725E-08
7.30276E-08 -3.16290E-08
7.31817E-08 -2.68813E-08
7.33357E-08 -2.28134E-08
7.34898E-08 -1.93266E-08
7.36439E-08 -1.63426E-08
7.37979E-08 -1.37999E-08
7.39520E-08 -1.16442E-08
7.41061E-08 -9.82181E-09
7.42601E-08 -8.27843E-09
7.44142E-08 -6.96550E-09
7.45683E-08 -5.84647E-09
7.47223E-08 -4.89774E-09
7.48764E-08 -4.10267E-09
7.50305E-08 -3.44334E-09
7.51845E-08 -2.89649E-09
7.53386E-08 -2.43679E-09
7.54927E-08 -2.04415E-09
7.56467E-08 -1.70856E-09
7.58008E-08 -1.42813E-09
7.59549E-08 -1.20180E-09
7.61089E-08 -1.02263E-09
7.62630E-08 -8.77312E-10
7.64171E-08 -7.52047E-10
7.65711E-08 -6.39594E-10
7.67252E-08 -5.41472E-10
7.68793E-08 -4.63302E-10
7.70333E-08 -4.07226E-10
7.71874E-08 -3.67769E-10
7.73415E-08 -3.34563E-10
7.74955E-08 -2.99539E-10
7.76496E-08 -2.62386E-10
7.78037E-08 -2.29636E-10
7.79577E-08 -2.08136E-10
7.81118E-08 -1.98452E-10
7.82659E-08 -1.93790E-10
7.84199E-08 -1.85277E-10
7.85740E-08 -1.69080E-10
7.87281E-08 -1.49288E-10
7.88821E-08 -1.34117E-10
7.90362E-08 -1.28688E-10
7.91903E-08 -1.30520E-10
7.93443E-08 -1.31535E-10
7.94984E-08 -1.24841E-10
7.96525E-08 -1.10493E-10
7.98065E-08 -9.53487E-11
7.99606E-08 -8.71621E-11
8.01147E-08 -8.79582E-11
8.02687E-08 -9.23169E-11
8.04228E-08 -9.19963E-11
8.05769E-08 -8.29350E-11
8.07309E-08 -6.86745E-11
8.08850E-08 -5.73109E-11
8.10391E-08 -5.45947E-11
8.11931E-08 -5.90573E-11
8.13472E-08 -6.32919E-11
8.15013E-08 -6.02735E-11
8.16553E-08 -4.93240E-11
8.18094E-08 -3.66596E-11
8.19635E-08 -3.00795E-11
8.21175E-08 -3.23333E-11
8.22716E-08 -3.88075E-11
8.24257E-08 -4.14745E-11
8.25797E-08 -3.57238E-11
8.27338E-08 -2.42596E-11
8.28879E-08 -1.47679E-11
8.30419E-08 -1.33625E-11
8.31960E-08 -1.93947E-11
8.33501E-08 -2.60290E-11
8.35041E-08 -2.60698E-11
8.36582E-08 -1.80689E-11
8.38123E-08 -7.52468E-12
8.39663E-08 -2.17691E-12
8.41204E-08 -5.41828E-12
8.42745E-08 -1.34262E-11
8.44285E-08 -1.84343E-11
8.45826E-08 -1.53391E-11
8.47367E-08 -6.01701E-12
8.48907E-08 2.30455E-12
8.50448E-08 3.21238E-12
8.51989E-08 -3.44520E-12
8.53529E-08 -1.14517E-11
8.55070E-08 -1.35238E-11
8.56611E-08 -7.49624E-12
8.58151E-08 1.86606E-12
8.59692E-08 6.94712E-12
8.61233E-08 3.76238E-12
8.62773E-08 -4.67067E-12
8.64314E-08 -1.09216E-11
8.65855E-08 -9.47210E-12
8.67395E-08 -1.38996E-12
8.68936E-08 6.60843E-12
8.70477E-08 7.88717E-12
8.72017E-08 1.52625E-12
8.73558E-08 -6.92068E-12
8.75099E-08 -1.01678E-11
8.76639E-08 -5.38854E-12
8.78180E-08 3.40615E-12
8.79721E-08 8.80435E-12
8.81261E-08 6.30160E-12
8.82802E-08 -1.88730E-12
8.84343E-08 -8.73764E-12
8.85883E-08 -8.39889E-12
8.87424E-08 -1.15499E-12
8.88965E-08 6.84513E-12
8.90505E-08 8.83451E-12
8.92046E-08 3.17573E-12
8.93587E-08 -5.27220E-12
8.95127E-08 -9.30798E-12
8.96668E-08 -5.51134E-12
8.98209E-08 2.87155E-12
8.99749E-08 8.71484E-12
9.01290E-08 7.08021E-12
9.02831E-08 -6.01287E-13
9.04371E-08 -7.77373E-12
9.05912E-08 -8.34538E-12
9.07453E-08 -1.85740E-12
9.08993E-08 6.15353E-12
9.10534E-08 8.88382E-12
9.12075E-08 4.04447E-12
9.13615E-08 -4.21730E-12
9.15156E-08 -8.86954E-12
9.16697E-08 -5.97876E-12
9.18237E-08 1.96586E-12
9.19778E-08 8.19671E-12
9.21319E-08 7.43380E-12
9.22859E-08 3.60018E-13
9.24400E-08 -6.98761E-12
9.25941E-08 -8.36925E-12
9.27481E-08 -2.64077E-12
9.29022E-08 5.29978E-12
9.30563E-08 8.70026E-12
9.32103E-08 4.69632E-12
9.33644E-08 -3.27566E-12
9.35185E-08 -8.42717E-12
9.36725E-08 -6.39801E-12
9.38266E-08 1.05339E-12
9.39807E-08 7.57310E-12
9.41347E-08 7.62961E-12
9.42888E-08 1.20694E-12
9.44429E-08 -6.20887E-12
9.45969E-08 -8.31538E-12
9.47510E-08 -3.34988E-12
9.49051E-08 4.43586E-12
9.50591E-08 8.41587E-12
9.52132E-08 5.22874E-12
9.53673E-08 -2.38345E-12
9.55213E-08 -7.93382E-12
9.56754E-08 -6.71840E-12
9.58295E-08 1.97290E-13
9.59835E-08 6.91125E-12
9.61376E-08 7.72161E-12
9.62917E-08 1.96883E-12
9.64457E-08 -5.42841E-12
9.65998E-08 -8.17834E-12
9.67539E-08 -3.96738E-12
9.69079E-08 3.59359E-12
9.70620E-08 8.06509E-12
9.72161E-08 5.66312E-12
9.73701E-08 -1.53877E-12
9.75242E-08 -7.39894E-12
9.76783E-08 -6.94483E-12
9.78323E-08 -5.92153E-13
9.79864E-08 6.23362E-12
9.81405E-08 7.73054E-12
9.82945E-08 2.65161E-12
9.84486E-08 -4.65683E-12
9.86027E-08 -7.97420E-12
9.87567E-08 -4.50007E-12
9.89108E-08 2.78202E-12
9.90649E-08 7.66642E-12
9.92189E-08 6.01340E-12
9.93730E-08 -7.42408E-13
9.95271E-08 -6.83655E-12
9.96811E-08 -7.09306E-12
9.98352E-08 -1.32037E-12
9.99893E-08 5.54835E-12
1.00143E-07 7.67065E-12
1.00297E-07 3.26408E-12
1.00451E-07 -3.89708E-12
1.00606E-07 -7.71423E-12
1.00760E-07 -4.95793E-12
1.00914E-07 2.00013E-12
1.01068E-07 7.22748E-12
1.01222E-07 6.28867E-12
1.01376E-07 8.55196E-15
1.01530E-07 -6.25173E-12
1.01684E-07 -7.17112E-12
1.01838E-07 -1.99120E-12
1.01992E-07 4.85889E-12
1.02146E-07 7.54939E-12
1.02300E-07 3.81112E-12
1.02454E-07 -3.15096E-12
1.02608E-07 -7.40528E-12
1.02762E-07 -5.34704E-12
1.02917E-07 1.24751E-12
1.03071E-07 6.75367E-12
1.03225E-07 6.49557E-12
1.03379E-07 7.16772E-13
1.03533E-07 -5.64737E-12
1.03687E-07 -7.18454E-12
1.03841E-07 -2.60808E-12
1.03995E-07 4.16641E-12
1.04149E-07 7.37109E-12
1.04303E-07 4.29649E-12
1.04457E-07 -2.41794E-12
1.04611E-07 -7.04947E-12
1.04765E-07 -5.66946E-12
1.04919E-07 5.24484E-13
1.05073E-07 6.24743E-12
1.05228E-07 6.63633E-12
1.05382E-07 1.38221E-12
1.05536E-07 -5.02569E-12
1.05690E-07 -7.13549E-12
1.05844E-07 -3.17104E-12
1.05998E-07 3.47315E-12
1.06152E-07 7.13826E-12
1.06306E-07 4.72070E-12
1.06460E-07 -1.69995E-12
1.06614E-07 -6.64959E-12
1.06768E-07 -5.92658E-12
1.06922E-07 -1.68293E-13
1.07076E-07 5.71009E-12
1.07230E-07 6.71098E-12
1.07384E-07 2.00300E-12
1.07539E-07 -4.38894E-12
1.07693E-07 -7.02450E-12
1.07847E-07 -3.67825E-12
1.08001E-07 2.78141E-12
1.08155E-07 6.85087E-12
1.08309E-07 5.08031E-12
1.08463E-07 -1.00190E-12
1.08617E-07 -6.20825E-12
1.08771E-07 -6.11643E-12
1.08925E-07 -8.25579E-13
1.09079E-07 5.14594E-12
1.09233E-07 6.71911E-12
1.09387E-07 2.57405E-12
1.09541E-07 -3.74285E-12
1.09695E-07 -6.85304E-12
1.09850E-07 -4.12526E-12
1.10004E-07 2.09849E-12
1.10158E-07 6.51360E-12
1.10312E-07 5.37398E-12
1.10466E-07 -3.29513E-13
1.10620E-07 -5.73023E-12
1.10774E-07 -6.23816E-12
1.10928E-07 -1.44089E-12
1.11082E-07 4.56238E-12
1.11236E-07 6.66339E-12
1.11390E-07 3.09150E-12
1.11544E-07 -3.09431E-12
1.11698E-07 -6.62502E-12
1.11852E-07 -4.50962E-12
1.12006E-07 1.43113E-12
1.12161E-07 6.13158E-12
1.12315E-07 5.60058E-12
1.12469E-07 3.10224E-13
1.12623E-07 -5.22305E-12
1.12777E-07 -6.29413E-12
1.12931E-07 -2.01008E-12
1.13085E-07 3.96573E-12
1.13239E-07 6.54610E-12
1.13393E-07 3.55062E-12
1.13547E-07 -2.45197E-12
1.13701E-07 -6.34639E-12
1.13855E-07 -4.82984E-12
1.14009E-07 7.87053E-13
1.14163E-07 5.71259E-12
1.14317E-07 5.76166E-12
1.14472E-07 9.11691E-13
1.14626E-07 -4.69446E-12
1.14780E-07 -6.28718E-12
1.14934E-07 -2.52792E-12
1.15088E-07 3.36607E-12
1.15242E-07 6.37498E-12
1.15396E-07 3.95166E-12
1.15550E-07 -1.82217E-12
1.15704E-07 -6.02399E-12
1.15858E-07 -5.08706E-12
1.16012E-07 1.71982E-13
1.16166E-07 5.26447E-12
1.16320E-07 5.86070E-12
1.16474E-07 1.47098E-12
1.16628E-07 -4.15270E-12
1.16783E-07 -6.22347E-12
1.16937E-07 -2.99407E-12
1.17091E-07 2.76894E-12
1.17245E-07 6.15509E-12
1.17399E-07 4.29389E-12
1.17553E-07 -1.21189E-12
1.17707E-07 -5.66620E-12
1.17861E-07 -5.28500E-12
1.18015E-07 -4.10756E-13
1.18169E-07 4.79435E-12
1.18323E-07 5.90251E-12
1.18477E-07 1.98679E-12
1.18631E-07 -3.60375E-12
1.18785E-07 -6.10828E-12
1.18939E-07 -3.40842E-12
1.19094E-07 2.18012E-12
1.19248E-07 5.89352E-12
1.19402E-07 4.58055E-12
1.19556E-07 -6.23390E-13
1.19710E-07 -5.27783E-12
1.19864E-07 -5.42615E-12
1.20018E-07 -9.58896E-13
1.20172E-07 4.30732E-12
1.20326E-07 5.89041E-12
1.20480E-07 2.45745E-12
1.20634E-07 -3.05322E-12
1.20788E-07 -5.94684E-12
1.20942E-07 -3.77176E-12
1.21096E-07 1.60345E-12
1.21250E-07 5.59511E-12
1.21405E-07 4.81305E-12
1.21559E-07 -6.01191E-14
1.21713E-07 -4.86440E-12
1.21867E-07 -5.51347E-12
1.22021E-07 -1.47022E-12
1.22175E-07 3.80912E-12
1.22329E-07 5.82931E-12
1.22483E-07 2.88355E-12
1.22637E-07 -2.50460E-12
1.22791E-07 -5.74297E-12
1.22945E-07 -4.08446E-12
1.23099E-07 1.04271E-12
1.23253E-07 5.26471E-12
1.23407E-07 4.99317E-12
1.23561E-07 4.74942E-13
1.23716E-07 -4.43142E-12
1.23870E-07 -5.55075E-12
1.24024E-07 -1.94409E-12
1.24178E-07 3.30381E-12
1.24332E-07 5.72279E-12
1.24486E-07 3.26483E-12
1.24640E-07 -1.96210E-12
1.24794E-07 -5.50176E-12
1.24948E-07 -4.34873E-12
1.25102E-07 4.99848E-13
1.25256E-07 4.90638E-12
1.25410E-07 5.12363E-12
1.25564E-07 9.81248E-13
1.25718E-07 -3.98164E-12
1.25872E-07 -5.54003E-12
1.26027E-07 -2.37982E-12
1.26181E-07 2.79421E-12
1.26335E-07 5.57324E-12
1.26489E-07 3.60112E-12
1.26643E-07 -1.42812E-12
1.26797E-07 -5.22528E-12
1.26951E-07 -4.56391E-12
1.27105E-07 -2.17706E-14
1.27259E-07 4.52361E-12
1.27413E-07 5.20501E-12
1.27567E-07 1.45573E-12
1.27721E-07 -3.51942E-12
1.27875E-07 -5.48340E-12
1.28029E-07 -2.77534E-12
1.28183E-07 2.28505E-12
1.28338E-07 5.38441E-12
1.28492E-07 3.89229E-12
1.28646E-07 -9.06436E-13
1.28800E-07 -4.91784E-12
1.28954E-07 -4.73151E-12
1.29108E-07 -5.19976E-13
1.29262E-07 4.12001E-12
1.29416E-07 5.23910E-12
1.29570E-07 1.89681E-12
1.29724E-07 -3.04824E-12
1.29878E-07 -5.38317E-12
1.30032E-07 -3.12988E-12
1.30186E-07 1.77920E-12
1.30340E-07 5.15827E-12
1.30494E-07 4.13712E-12
1.30649E-07 -4.00932E-13
1.30803E-07 -4.58303E-12
1.30957E-07 -4.85190E-12
1.31111E-07 -9.91657E-13
1.31265E-07 3.69943E-12
1.31419E-07 5.22693E-12
1.31573E-07 2.30146E-12
1.31727E-07 -2.57306E-12
1.31881E-07 -5.24236E-12
1.32035E-07 -3.44216E-12
1.32189E-07 1.28120E-12
1.32343E-07 4.89897E-12
1.32497E-07 4.33624E-12
1.32651E-07 8.54389E-14
1.32805E-07 -4.22425E-12
1.32960E-07 -4.92524E-12
1.33114E-07 -1.43266E-12
1.33268E-07 3.26789E-12
1.33422E-07 5.17247E-12
1.33576E-07 2.66930E-12
1.33730E-07 -2.09733E-12
1.33884E-07 -5.06383E-12
1.34038E-07 -3.71152E-12
1.34192E-07 7.94950E-13
1.34346E-07 4.61048E-12
1.34500E-07 4.49024E-12
1.34654E-07 5.49118E-13
1.34808E-07 -3.84675E-12
1.34962E-07 -4.95493E-12
1.35116E-07 -1.84277E-12
1.35271E-07 2.82782E-12
1.35425E-07 5.07711E-12
1.35579E-07 2.99859E-12
1.35733E-07 -1.62510E-12
1.35887E-07 -4.85097E-12
1.36041E-07 -3.93811E-12
1.36195E-07 3.23404E-13
1.36349E-07 4.29612E-12
1.36503E-07 4.59987E-12
1.36657E-07 9.87689E-13
1.36811E-07 -3.45382E-12
1.36965E-07 -4.94195E-12
1.37119E-07 -2.21945E-12
1.37273E-07 2.38337E-12
1.37427E-07 4.94316E-12
1.37582E-07 3.28767E-12
1.37736E-07 -1.16087E-12
1.37890E-07 -4.60751E-12
1.38044E-07 -4.12186E-12
1.38198E-07 -1.29549E-13
1.38352E-07 3.96053E-12
1.38506E-07 4.66688E-12
1.38660E-07 1.39885E-12
1.38814E-07 -3.04961E-12
1.38968E-07 -4.88852E-12
1.39122E-07 -2.56077E-12
1.39276E-07 1.93941E-12
1.39430E-07 4.77488E-12
1.39584E-07 3.53733E-12
1.39738E-07 -7.07228E-13
1.39893E-07 -4.33655E-12
1.40047E-07 -4.26325E-12
1.40201E-07 -5.61128E-13
1.40355E-07 3.60733E-12
1.40509E-07 4.69235E-12
1.40663E-07 1.77969E-12
1.40817E-07 -2.63916E-12
1.40971E-07 -4.79817E-12
1.41125E-07 -2.86637E-12
1.41279E-07 1.49940E-12
1.41433E-07 4.57545E-12
1.41587E-07 3.74726E-12
1.41741E-07 -2.68311E-13
1.41895E-07 -4.04329E-12
1.42049E-07 -4.36489E-12
1.42204E-07 -9.69764E-13
1.42358E-07 3.24067E-12
1.42512E-07 4.67965E-12
1.42666E-07 2.13046E-12
1.42820E-07 -2.22492E-12
1.42974E-07 -4.67343E-12
1.43128E-07 -3.13637E-12
1.43282E-07 1.06590E-12
1.43436E-07 4.34814E-12
1.43590E-07 3.91905E-12
1.43744E-07 1.55068E-13
1.43898E-07 -3.72952E-12
1.44052E-07 -4.42742E-12
1.44206E-07 -1.35410E-12
1.44360E-07 2.86273E-12
1.44515E-07 4.62971E-12
1.44669E-07 2.44986E-12
1.44823E-07 -1.80926E-12
1.44977E-07 -4.51545E-12
1.45131E-07 -3.36936E-12
1.45285E-07 6.41879E-13
1.45439E-07 4.09481E-12
1.45593E-07 4.05136E-12
1.45747E-07 5.58828E-13
1.45901E-07 -3.39924E-12
1.46055E-07 -4.45173E-12
1.46209E-07 -1.71119E-12
1.46363E-07 2.47796E-12
1.46517E-07 4.54490E-12
1.46671E-07 2.73616E-12
1.46826E-07 -1.39688E-12
1.46980E-07 -4.32847E-12
1.47134E-07 -3.56614E-12
1.47288E-07 2.30254E-13
1.47442E-07 3.81954E-12
1.47596E-07 4.14635E-12
1.47750E-07 9.41948E-13
1.47904E-07 -3.05507E-12
1.48058E-07 -4.43923E-12
1.48212E-07 -2.03961E-12
1.48366E-07 2.08968E-12
1.48520E-07 4.42778E-12
1.48674E-07 2.98915E-12
1.48828E-07 -9.90357E-13
1.48982E-07 -4.11505E-12
1.49137E-07 -3.72689E-12
1.49291E-07 -1.66542E-13
1.49445E-07 3.52533E-12
1.49599E-07 4.20487E-12
1.49753E-07 1.30215E-12
1.49907E-07 -2.70097E-12
1.50061E-07 -4.39281E-12
1.50215E-07 -2.33949E-12
1.50369E-07 1.69989E-12
1.50523E-07 4.28024E-12
1.50677E-07 3.20871E-12
1.50831E-07 -5.91760E-13
1.50985E-07 -3.87728E-12
1.51139E-07 -3.85179E-12
1.51293E-07 -5.46570E-13
1.51448E-07 3.21454E-12
1.51602E-07 4.22764E-12
1.51756E-07 1.63796E-12
1.51910E-07 -2.33904E-12
1.52064E-07 -4.31293E-12
1.52218E-07 -2.60867E-12
1.52372E-07 1.31199E-12
1.52526E-07 4.10417E-12
1.52680E-07 3.39349E-12
1.52834E-07 -2.04917E-13
1.52988E-07 -3.61867E-12
1.53142E-07 -3.94138E-12
1.53296E-07 -9.07043E-13
1.53450E-07 2.89096E-12
1.53604E-07 4.21634E-12
1.53759E-07 1.94754E-12
1.53913E-07 -1.97325E-12
1.54067E-07 -4.20264E-12
1.54221E-07 -2.84704E-12
1.54375E-07 9.28984E-13
1.54529E-07 3.90308E-12
1.54683E-07 3.54494E-12
1.54837E-07 1.69007E-13
1.54991E-07 -3.34137E-12
1.55145E-07 -3.99653E-12
1.55299E-07 -1.24668E-12
1.55453E-07 2.55687E-12
1.55607E-07 4.17220E-12
1.55761E-07 2.23003E-12
1.55915E-07 -1.60564E-12
1.56070E-07 -4.06308E-12
1.56224E-07 -3.05354E-12
1.56378E-07 5.53405E-13
1.56532E-07 3.67876E-12
1.56686E-07 3.66240E-12
1.56840E-07 5.27167E-13
1.56994E-07 -3.04814E-12
1.57148E-07 -4.01755E-12
1.57302E-07 -1.56290E-12
1.57456E-07 2.21577E-12
1.57610E-07 4.09681E-12
1.57764E-07 2.48371E-12
1.57918E-07 -1.23992E-12
1.58072E-07 -3.89701E-12
1.58226E-07 -3.22778E-12
1.58381E-07 1.88475E-13
1.58535E-07 3.43466E-12
1.58689E-07 3.74674E-12
1.58843E-07 8.67188E-13
1.58997E-07 -2.74273E-12
1.59151E-07 -4.00668E-12
1.59305E-07 -1.85485E-12
1.59459E-07 1.87061E-12
1.59613E-07 3.99260E-12
1.59767E-07 2.70850E-12
1.59921E-07 -8.78540E-13
1.60075E-07 -3.70724E-12
1.60229E-07 -3.37077E-12
1.60383E-07 -1.64605E-13
1.60537E-07 3.17271E-12
1.60692E-07 3.79866E-12
1.60846E-07 1.18784E-12
1.61000E-07 -2.42712E-12
1.61154E-07 -3.96473E-12
1.61308E-07 -2.12136E-12
1.61462E-07 1.52355E-12
1.61616E-07 3.86074E-12
1.61770E-07 2.90340E-12
1.61924E-07 -5.23894E-13
1.62078E-07 -3.49534E-12
1.62232E-07 -3.48160E-12
1.62386E-07 -5.02788E-13
1.62540E-07 2.89579E-12
1.62694E-07 3.81850E-12
1.62848E-07 1.48644E-12
1.63003E-07 -2.10510E-12
1.63157E-07 -3.89376E-12
1.63311E-07 -2.36121E-12
1.63465E-07 1.17804E-12
1.63619E-07 3.70410E-12
1.63773E-07 3.06843E-12
1.63927E-07 -1.78755E-13
1.64081E-07 -3.26463E-12
1.64235E-07 -3.56150E-12
1.64389E-07 -8.24358E-13
1.64543E-07 2.60715E-12
1.64697E-07 3.80857E-12
1.64851E-07 1.76292E-12
1.65005E-07 -1.77844E-12
1.65159E-07 -3.79525E-12
1.65314E-07 -2.57412E-12
1.65468E-07 8.35815E-13
1.65622E-07 3.52422E-12
1.65776E-07 3.20344E-12
1.65930E-07 1.55160E-13
1.66084E-07 -3.01672E-12
1.66238E-07 -3.61034E-12
1.66392E-07 -1.12731E-12
1.66546E-07 2.30893E-12
1.66700E-07 3.76899E-12
1.66854E-07 2.01474E-12
1.67008E-07 -1.45082E-12
1.67162E-07 -3.67131E-12
1.67316E-07 -2.75897E-12
1.67470E-07 5.00483E-13
1.67625E-07 3.32448E-12
1.67779E-07 3.30904E-12
1.67933E-07 4.75220E-13
1.68087E-07 -2.75556E-12
1.68241E-07 -3.63053E-12
1.68395E-07 -1.41098E-12
1.68549E-07 2.00409E-12
1.68703E-07 3.70277E-12
1.68857E-07 2.24306E-12
1.69011E-07 -1.12301E-12
1.69165E-07 -3.52322E-12
1.69319E-07 -2.91599E-12
1.69473E-07 1.73155E-13
1.69627E-07 3.10627E-12
1.69781E-07 3.38562E-12
1.69936E-07 7.80633E-13
1.70090E-07 -2.48202E-12
1.70244E-07 -3.62173E-12
1.70398E-07 -1.67371E-12
1.70552E-07 1.69428E-12
1.70706E-07 3.60975E-12
1.70860E-07 2.44532E-12
1.71014E-07 -7.98650E-13
1.71168E-07 -3.35341E-12
1.71322E-07 -3.04488E-12
1.71476E-07 -1.43757E-13
1.71630E-07 2.87185E-12
1.71784E-07 3.43315E-12
1.71938E-07 1.06882E-12
1.72092E-07 -2.19936E-12
1.72247E-07 -3.58538E-12
1.72401E-07 -1.91398E-12
1.72555E-07 1.38282E-12
1.72709E-07 3.49260E-12
1.72863E-07 2.62172E-12
1.73017E-07 -4.79798E-13
1.73171E-07 -3.16417E-12
1.73325E-07 -3.14621E-12
1.73479E-07 -4.48683E-13
1.73633E-07 2.62350E-12
1.73787E-07 3.45269E-12
1.73941E-07 1.33889E-12
1.74095E-07 -1.90941E-12
1.74249E-07 -3.52244E-12
1.74403E-07 -2.13092E-12
1.74558E-07 1.07162E-12
1.74712E-07 3.35246E-12
1.74866E-07 2.77151E-12
1.75020E-07 -1.68475E-13
1.75174E-07 -2.95683E-12
1.75328E-07 -3.21894E-12
1.75482E-07 -7.38387E-13
1.75636E-07 2.36458E-12
1.75790E-07 3.44535E-12
1.75944E-07 1.58887E-12
1.76098E-07 -1.61572E-12
1.76252E-07 -3.43540E-12
1.76406E-07 -2.32420E-12
1.76560E-07 7.63382E-13
1.76714E-07 3.19217E-12
1.76869E-07 2.89534E-12
1.77023E-07 1.33198E-13
1.77177E-07 -2.73489E-12
1.77331E-07 -3.26578E-12
1.77485E-07 -1.01362E-12
1.77639E-07 2.09584E-12
1.77793E-07 3.41195E-12
1.77947E-07 1.81870E-12
1.78101E-07 -1.31896E-12
1.78255E-07 -3.32447E-12
1.78409E-07 -2.49286E-12
1.78563E-07 4.59773E-13
1.78717E-07 3.01279E-12
1.78871E-07 2.99282E-12
1.79025E-07 4.23902E-13
1.79180E-07 -2.49904E-12
1.79334E-07 -3.28554E-12
1.79488E-07 -1.27156E-12
1.79642E-07 1.81994E-12
1.79796E-07 3.35294E-12
1.79950E-07 2.02602E-12
1.80104E-07 -1.02288E-12
1.80258E-07 -3.19232E-12
1.80412E-07 -2.63696E-12
1.80566E-07 1.62765E-13
1.80720E-07 2.81621E-12
1.80874E-07 3.06383E-12
1.81028E-07 7.01302E-13
1.81182E-07 -2.25207E-12
1.81336E-07 -3.27923E-12
1.81491E-07 -1.51054E-12
1.81645E-07 1.54002E-12
1.81799E-07 3.27080E-12
1.81953E-07 2.21124E-12
1.82107E-07 -7.28676E-13
1.82261E-07 -3.03995E-12
1.82415E-07 -2.75577E-12
1.82569E-07 -1.25237E-13
1.82723E-07 2.60486E-12
1.82877E-07 3.10901E-12
1.83031E-07 9.63807E-13
1.83185E-07 -1.99652E-12
1.83339E-07 -3.24848E-12
1.83493E-07 -1.73039E-12
1.83647E-07 1.25731E-12
1.83802E-07 3.16603E-12
1.83956E-07 2.37304E-12
1.84110E-07 -4.38960E-13
1.84264E-07 -2.86953E-12
1.84418E-07 -2.84956E-12
1.84572E-07 -4.02663E-13
1.84726E-07 2.38057E-12
1.84880E-07 3.12870E-12
1.85034E-07 1.20994E-12
1.85188E-07 -1.73438E-12
1.85342E-07 -3.19382E-12
1.85496E-07 -1.92932E-12
1.85650E-07 9.74884E-13
1.85804E-07 3.04091E-12
1.85958E-07 2.51137E-12
1.86113E-07 -1.55827E-13
1.86267E-07 -2.68331E-12
1.86421E-07 -2.91877E-12
1.86575E-07 -6.67715E-13
1.86729E-07 2.14606E-12
1.86883E-07 3.12459E-12
1.87037E-07 1.43934E-12
1.87191E-07 -1.46732E-12
1.87345E-07 -3.11657E-12
1.87499E-07 -2.10710E-12
1.87653E-07 6.94286E-13
1.87807E-07 2.89694E-12
1.87961E-07 2.62647E-12
1.88115E-07 1.19816E-13
1.88269E-07 -2.48218E-12
1.88424E-07 -2.96316E-12
1.88578E-07 -9.19094E-13
1.88732E-07 1.90236E-12
1.88886E-07 3.09602E-12
1.89040E-07 1.64946E-12
1.89194E-07 -1.19838E-12
1.89348E-07 -3.01828E-12
1.89502E-07 -2.26283E-12
1.89656E-07 4.17892E-13
1.89810E-07 2.73572E-12
1.89964E-07 2.71748E-12
1.90118E-07 3.84739E-13
1.90272E-07 -2.26974E-12
1.90426E-07 -2.98433E-12
1.90580E-07 -1.15542E-12
1.90735E-07 1.65272E-12
1.90889E-07 3.04589E-12
1.91043E-07 1.84118E-12
1.91197E-07 -9.28669E-13
1.91351E-07 -2.90055E-12
1.91505E-07 -2.39708E-12
1.91659E-07 1.46601E-13
1.91813E-07 2.55885E-12
1.91967E-07 2.78554E-12
1.92121E-07 6.39265E-13
1.92275E-07 -2.04591E-12
1.92429E-07 -2.98169E-12
1.92583E-07 -1.37560E-12
1.92737E-07 1.39788E-12
1.92891E-07 2.97356E-12
1.93046E-07 2.01250E-12
1.93200E-07 -6.60243E-13
1.93354E-07 -2.76386E-12
1.93508E-07 -2.50805E-12
1.93662E-07 -1.16642E-13
1.93816E-07 2.36820E-12
1.93970E-07 2.82986E-12
1.94124E-07 8.80215E-13
1.94278E-07 -1.81417E-12
1.94432E-07 -2.95662E-12
1.94586E-07 -1.57805E-12
1.94740E-07 1.14104E-12
1.94894E-07 2.88138E-12
1.95048E-07 2.16315E-12
1.95202E-07 -3.95777E-13
1.95357E-07 -2.61130E-12
1.95511E-07 -2.59725E-12
1.95665E-07 -3.71096E-13
1.95819E-07 2.16563E-12
1.95973E-07 2.85159E-12
1.96127E-07 1.10706E-12
1.96281E-07 -1.57617E-12
1.96435E-07 -2.91051E-12
1.96589E-07 -1.76286E-12
1.96743E-07 8.83172E-13
1.96897E-07 2.77027E-12
1.97051E-07 2.29307E-12
1.97205E-07 -1.36140E-13
1.97359E-07 -2.44353E-12
1.97513E-07 -2.66413E-12
1.97668E-07 -6.15123E-13
1.97822E-07 1.95280E-12
1.97976E-07 2.85125E-12
1.98130E-07 1.31909E-12
1.98284E-07 -1.33281E-12
1.98438E-07 -2.84307E-12
1.98592E-07 -1.92819E-12
1.98746E-07 6.26697E-13
1.98900E-07 2.64154E-12
1.99054E-07 2.40155E-12
1.99208E-07 1.16593E-13
1.99362E-07 -2.26222E-12
1.99516E-07 -2.70851E-12
1.99670E-07 -8.46780E-13
1.99824E-07 1.73178E-12
1.99979E-07 2.82921E-12
2.00133E-07 1.51434E-12
2.00287E-07 -1.08716E-12
2.00441E-07 -2.75645E-12
2.00595E-07 -2.07396E-12
2.00749E-07 3.73403E-13
2.00903E-07 2.49691E-12
2.01057E-07 2.48860E-12
2.01211E-07 3.60584E-13
2.01365E-07 -2.06963E-12
2.01519E-07 -2.73135E-12
2.01673E-07 -1.06506E-12
2.01827E-07 1.50460E-12
2.01981E-07 2.78684E-12
2.02135E-07 1.69252E-12
2.02290E-07 -8.40760E-13
2.02444E-07 -2.65199E-12
2.02598E-07 -2.20017E-12
2.02752E-07 1.24575E-13
2.02906E-07 2.33776E-12
2.03060E-07 2.55453E-12
2.03214E-07 5.94837E-13
2.03368E-07 -1.86714E-12
2.03522E-07 -2.73323E-12
2.03676E-07 -1.26938E-12
2.03830E-07 1.27223E-12
2.03984E-07 2.72433E-12
2.04138E-07 1.85258E-12
2.04292E-07 -5.95176E-13
2.04446E-07 -2.53042E-12
2.04601E-07 -2.30595E-12
2.04755E-07 -1.17859E-13
2.04909E-07 2.16565E-12
2.05063E-07 2.59935E-12
2.05217E-07 8.18024E-13
2.05371E-07 -1.65601E-12
2.05525E-07 -2.71385E-12
2.05679E-07 -1.45764E-12
2.05833E-07 1.03738E-12
2.05987E-07 2.64319E-12
2.06141E-07 1.99398E-12
2.06295E-07 -3.52225E-13
2.06449E-07 -2.39311E-12
2.06603E-07 -2.39090E-12
2.06757E-07 -3.51991E-13
2.06912E-07 1.98237E-12
2.07066E-07 2.62310E-12
2.07220E-07 1.02816E-12
2.07374E-07 -1.43897E-12
2.07528E-07 -2.67486E-12
2.07682E-07 -1.62953E-12
2.07836E-07 8.01507E-13
2.07990E-07 2.54431E-12
2.08144E-07 2.11575E-12
2.08298E-07 -1.14408E-13
2.08452E-07 -2.24246E-12
2.08606E-07 -2.45574E-12
2.08760E-07 -5.76587E-13
2.08914E-07 1.78985E-12
2.09068E-07 2.62667E-12
2.09223E-07 1.22424E-12
2.09377E-07 -1.21811E-12
2.09531E-07 -2.61774E-12
2.09685E-07 -1.78462E-12
2.09839E-07 5.66873E-13
2.09993E-07 2.43047E-12
2.10147E-07 2.21978E-12
2.10301E-07 1.18746E-13
2.10455E-07 -2.07884E-12
2.10609E-07 -2.50074E-12
2.10763E-07 -7.91344E-13
2.10917E-07 1.58865E-12
2.11071E-07 2.61032E-12
2.11225E-07 1.40615E-12
2.11379E-07 -9.93436E-13
2.11534E-07 -2.54178E-12
2.11688E-07 -1.92163E-12
2.11842E-07 3.34210E-13
2.11996E-07 2.30061E-12
2.12150E-07 2.30299E-12
2.12304E-07 3.43337E-13
2.12458E-07 -1.90486E-12
2.12612E-07 -2.52572E-12
2.12766E-07 -9.93592E-13
2.12920E-07 1.38195E-12
2.13074E-07 2.57546E-12
2.13228E-07 1.57255E-12
2.13382E-07 -7.67983E-13
2.13536E-07 -2.44954E-12
2.13690E-07 -2.04092E-12
2.13845E-07 1.05532E-13
2.13999E-07 2.15773E-12
2.14153E-07 2.36755E-12
2.14307E-07 5.59954E-13
2.14461E-07 -1.72106E-12
2.14615E-07 -2.53128E-12
2.14769E-07 -1.18341E-12
2.14923E-07 1.16991E-12
2.15077E-07 2.52174E-12
2.15231E-07 1.72234E-12
2.15385E-07 -5.42984E-13
2.15539E-07 -2.34138E-12
2.15693E-07 -2.14158E-12
2.15847E-07 -1.17740E-13
2.16001E-07 2.00233E-12
2.16156E-07 2.41220E-12
2.16310E-07 7.66001E-13
2.16464E-07 -1.52973E-12
2.16618E-07 -2.51780E-12
2.16772E-07 -1.35894E-12
2.16926E-07 9.55386E-13
2.17080E-07 2.45118E-12
2.17234E-07 1.85565E-12
2.17388E-07 -3.19727E-13
2.17542E-07 -2.21847E-12
2.17696E-07 -2.22338E-12
2.17850E-07 -3.33958E-13
2.18004E-07 1.83628E-12
2.18158E-07 2.43767E-12
2.18312E-07 9.60791E-13
2.18467E-07 -1.33202E-12
2.18621E-07 -2.48560E-12
2.18775E-07 -1.51917E-12
2.18929E-07 7.39862E-13
2.19083E-07 2.36423E-12
2.19237E-07 1.97106E-12
2.19391E-07 -1.00917E-13
2.19545E-07 -2.08312E-12
2.19699E-07 -2.28676E-12
2.19853E-07 -5.41617E-13
2.20007E-07 1.66175E-12
2.20161E-07 2.44509E-12
2.20315E-07 1.14361E-12
2.20469E-07 -1.12984E-12
2.20623E-07 -2.43629E-12
2.20778E-07 -1.66432E-12
2.20932E-07 5.24419E-13
2.21086E-07 2.26225E-12
2.21240E-07 2.06911E-12
2.21394E-07 1.13028E-13
2.21548E-07 -1.93604E-12
2.21702E-07 -2.33190E-12
2.21856E-07 -7.40180E-13
2.22010E-07 1.47928E-12
2.22164E-07 2.43424E-12
2.22318E-07 1.31335E-12
2.22472E-07 -9.24449E-13
2.22626E-07 -2.37026E-12
2.22780E-07 -1.79356E-12
2.22934E-07 3.10484E-13
2.23089E-07 2.14613E-12
2.23243E-07 2.14961E-12
2.23397E-07 3.21286E-13
2.23551E-07 -1.77750E-12
2.23705E-07 -2.35773E-12
2.23859E-07 -9.27657E-13
2.24013E-07 1.29046E-12
2.24167E-07 2.40497E-12
2.24321E-07 1.46806E-12
2.24475E-07 -7.18193E-13
2.24629E-07 -2.28845E-12
2.24783E-07 -1.90559E-12
2.24937E-07 1.00716E-13
2.25091E-07 2.01786E-12
2.25245E-07 2.21218E-12
2.25400E-07 5.21030E-13
2.25554E-07 -1.61115E-12
2.25708E-07 -2.36660E-12
2.25862E-07 -1.10396E-12
2.26016E-07 1.09721E-12
2.26170E-07 2.35943E-12
2.26324E-07 1.60867E-12
2.26478E-07 -5.11696E-13
2.26632E-07 -2.19223E-12
2.26786E-07 -2.00146E-12
2.26940E-07 -1.05181E-13
2.27094E-07 1.87760E-12
2.27248E-07 2.25696E-12
2.27402E-07 7.12371E-13
2.27556E-07 -1.43648E-12
2.27711E-07 -2.35724E-12
2.27865E-07 -1.26735E-12
2.28019E-07 9.00794E-13
2.28173E-07 2.29746E-12
2.28327E-07 1.73363E-12
2.28481E-07 -3.06795E-13
2.28635E-07 -2.08226E-12
2.28789E-07 -2.08001E-12
2.28943E-07 -3.05000E-13
2.29097E-07 1.72693E-12
2.29251E-07 2.28355E-12
2.29405E-07 8.92961E-13
2.29559E-07 -1.25632E-12
2.29713E-07 -2.33116E-12
2.29867E-07 -1.41731E-12
2.30022E-07 7.02988E-13
2.30176E-07 2.22053E-12
2.30330E-07 1.84292E-12
2.30484E-07 -1.04787E-13
2.30638E-07 -1.95987E-12
2.30792E-07 -2.14137E-12
2.30946E-07 -4.97442E-13
2.31100E-07 1.56763E-12
2.31254E-07 2.29300E-12
2.31408E-07 1.06267E-12
2.31562E-07 -1.07138E-12
2.31716E-07 -2.28867E-12
2.31870E-07 -1.55317E-12
2.32024E-07 5.04934E-13
2.32178E-07 2.12919E-12
2.32333E-07 1.93588E-12
2.32487E-07 9.28504E-14
2.32641E-07 -1.82619E-12
2.32795E-07 -2.18537E-12
2.32949E-07 -6.81134E-13
2.33103E-07 1.40123E-12
2.33257E-07 2.28583E-12
2.33411E-07 1.22066E-12
2.33565E-07 -8.83039E-13
2.33719E-07 -2.23037E-12
2.33873E-07 -1.67418E-12
2.34027E-07 3.08215E-13
2.34181E-07 2.02456E-12
2.34335E-07 2.01223E-12
2.34489E-07 2.84569E-13
2.34644E-07 -1.68290E-12
2.34798E-07 -2.21269E-12
2.34952E-07 -8.55572E-13
2.35106E-07 1.22852E-12
2.35260E-07 2.26189E-12
2.35414E-07 1.36546E-12
2.35568E-07 -6.93398E-13
2.35722E-07 -2.15773E-12
2.35876E-07 -1.78033E-12
2.36030E-07 1.13976E-13
2.36184E-07 1.90787E-12
2.36338E-07 2.07234E-12
2.36492E-07 4.69959E-13
2.36646E-07 -1.53030E-12
2.36800E-07 -2.22259E-12
2.36955E-07 -1.01890E-12
2.37109E-07 1.05151E-12
2.37263E-07 2.22221E-12
2.37417E-07 1.49667E-12
2.37571E-07 -5.03523E-13
2.37725E-07 -2.07118E-12
2.37879E-07 -1.87065E-12
2.38033E-07 -7.57975E-14
2.38187E-07 1.78069E-12
2.38341E-07 2.11614E-12
2.38495E-07 6.47129E-13
2.38649E-07 -1.37103E-12
2.38803E-07 -2.21699E-12
2.38957E-07 -1.17156E-12
2.39111E-07 8.70884E-13
2.39266E-07 2.16753E-12
2.39420E-07 1.61425E-12
2.39574E-07 -3.14219E-13
2.39728E-07 -1.97161E-12
2.39882E-07 -1.94551E-12
2.40036E-07 -2.61051E-13
2.40190E-07 1.64297E-12
2.40344E-07 2.14304E-12
2.40498E-07 8.15275E-13
2.40652E-07 -1.20524E-12
2.40806E-07 -2.19475E-12
2.40960E-07 -1.31139E-12
2.41114E-07 6.88612E-13
2.41268E-07 2.09831E-12
2.41422E-07 1.71688E-12
2.41577E-07 -1.27529E-13
2.41731E-07 -1.86005E-12
2.41885E-07 -2.00386E-12
2.42039E-07 -4.39026E-13
2.42193E-07 1.49750E-12
2.42347E-07 2.15416E-12
2.42501E-07 9.73292E-13
2.42655E-07 -1.03527E-12
2.42809E-07 -2.15775E-12
2.42963E-07 -1.43872E-12
2.43117E-07 5.05686E-13
2.43271E-07 2.01567E-12
2.43425E-07 1.80464E-12
2.43579E-07 5.54040E-14
2.43733E-07 -1.73811E-12
2.43888E-07 -2.04679E-12
2.44042E-07 -6.09994E-13
2.44196E-07 1.34433E-12
2.44350E-07 2.14912E-12
2.44504E-07 1.12018E-12
2.44658E-07 -8.62129E-13
2.44812E-07 -2.10615E-12
2.44966E-07 -1.55252E-12
2.45120E-07 3.23709E-13
2.45274E-07 1.92071E-12
2.45428E-07 1.87746E-12
2.45582E-07 2.33668E-13
2.45736E-07 -1.60644E-12
2.45890E-07 -2.07368E-12
2.46044E-07 -7.72042E-13
2.46199E-07 1.18571E-12
2.46353E-07 2.12933E-12
2.46507E-07 1.25605E-12
2.46661E-07 -6.86463E-13
2.46815E-07 -2.04026E-12
2.46969E-07 -1.65215E-12
2.47123E-07 1.43923E-13
2.47277E-07 1.81421E-12
2.47431E-07 1.93484E-12
2.47585E-07 4.05608E-13
2.47739E-07 -1.46688E-12
2.47893E-07 -2.08560E-12
2.48047E-07 -9.25214E-13
2.48201E-07 1.02191E-12
2.48355E-07 2.09440E-12
2.48510E-07 1.37947E-12
2.48664E-07 -5.10179E-13
2.48818E-07 -1.96139E-12
2.48972E-07 -1.73770E-12
2.49126E-07 -3.28021E-14
2.49280E-07 1.69707E-12
2.49434E-07 1.97695E-12
2.49588E-07 5.70737E-13
2.49742E-07 -1.31971E-12
2.49896E-07 -2.08177E-12
2.50050E-07 -1.06769E-12
2.50204E-07 8.54828E-13
2.50358E-07 2.04512E-12
2.50512E-07 1.48969E-12
2.50666E-07 -3.34802E-13
2.50821E-07 -1.87057E-12
2.50975E-07 -1.80877E-12
2.51129E-07 -2.04964E-13
2.51283E-07 1.57072E-12
2.51437E-07 2.00405E-12
2.51591E-07 7.27987E-13
2.51745E-07 -1.16644E-12
2.51899E-07 -2.06294E-12
2.52053E-07 -1.19893E-12
2.52207E-07 6.85821E-13
2.52361E-07 1.98262E-12
2.52515E-07 1.58691E-12
2.52669E-07 -1.60873E-13
2.52823E-07 -1.76820E-12
2.52977E-07 -1.86500E-12
2.53132E-07 -3.71530E-13
2.53286E-07 1.43597E-12
2.53440E-07 2.01587E-12
2.53594E-07 8.75963E-13
2.53748E-07 -1.00876E-12
2.53902E-07 -2.03007E-12
2.54056E-07 -1.31876E-12
2.54210E-07 5.15606E-13
2.54364E-07 1.90710E-12
2.54518E-07 1.67023E-12
2.54672E-07 9.95214E-15
2.54826E-07 -1.65566E-12
2.54980E-07 -1.90660E-12
2.55134E-07 -5.31607E-13
2.55288E-07 1.29400E-12
2.55443E-07 2.01296E-12
2.55597E-07 1.01440E-12
2.55751E-07 -8.47080E-13
2.55905E-07 -1.98279E-12
2.56059E-07 -1.42580E-12
2.56213E-07 3.45845E-13
2.56367E-07 1.81938E-12
2.56521E-07 1.73902E-12
2.56675E-07 1.76133E-13
2.56829E-07 -1.53408E-12
2.56983E-07 -1.93329E-12
2.57137E-07 -6.83560E-13
2.57291E-07 1.14657E-12
2.57445E-07 1.99577E-12
2.57599E-07 1.14189E-12
2.57754E-07 -6.83888E-13
2.57908E-07 -1.92320E-12
2.58062E-07 -1.52062E-12
2.58216E-07 1.77492E-13
2.58370E-07 1.72095E-12
2.58524E-07 1.79419E-12
2.58678E-07 3.37598E-13
2.58832E-07 -1.40408E-12
2.58986E-07 -1.94542E-12
2.59140E-07 -8.27150E-13
2.59294E-07 9.94202E-13
2.59448E-07 1.96454E-12
2.59602E-07 1.25823E-12
2.59756E-07 -5.19380E-13
2.59910E-07 -1.85080E-12
2.60065E-07 -1.60184E-12
2.60219E-07 1.22022E-14
2.60373E-07 1.61269E-12
2.60527E-07 1.83522E-12
2.60681E-07 4.92796E-13
2.60835E-07 -1.26706E-12
2.60989E-07 -1.94315E-12
2.61143E-07 -9.61149E-13
2.61297E-07 8.38603E-13
2.61451E-07 1.92021E-12
2.61605E-07 1.36295E-12
2.61759E-07 -3.54975E-13
2.61913E-07 -1.76683E-12
2.62067E-07 -1.66965E-12
2.62221E-07 -1.49262E-13
2.62376E-07 1.49542E-12
2.62530E-07 1.86208E-12
2.62684E-07 6.40658E-13
2.62838E-07 -1.12445E-12
2.62992E-07 -1.92742E-12
2.63146E-07 -1.08560E-12
2.63300E-07 6.80146E-13
2.63454E-07 1.86275E-12
2.63608E-07 1.45521E-12
2.63762E-07 -1.91903E-13
2.63916E-07 -1.67203E-12
2.64070E-07 -1.72375E-12
2.64224E-07 -3.05845E-13
2.64378E-07 1.37001E-12
2.64532E-07 1.87464E-12
2.64687E-07 7.80139E-13
2.64841E-07 -9.77303E-13
2.64995E-07 -1.89821E-12
2.65149E-07 -1.19919E-12
2.65303E-07 5.20690E-13
2.65457E-07 1.79329E-12
2.65611E-07 1.53466E-12
2.65765E-07 -3.17121E-14
2.65919E-07 -1.56801E-12
2.66073E-07 -1.76474E-12
2.66227E-07 -4.56903E-13
2.66381E-07 1.23764E-12
2.66535E-07 1.87366E-12
2.66689E-07 9.11153E-13
2.66843E-07 -8.26173E-13
2.66998E-07 -1.85580E-12
2.67152E-07 -1.30147E-12
2.67306E-07 3.61088E-13
2.67460E-07 1.71244E-12
2.67614E-07 1.60131E-12
2.67768E-07 1.25381E-13
2.67922E-07 -1.45447E-12
2.68076E-07 -1.79135E-12
2.68230E-07 -6.00617E-13
2.68384E-07 1.09962E-12
2.68538E-07 1.85903E-12
2.68692E-07 1.03218E-12
2.68846E-07 -6.72911E-13
2.69000E-07 -1.80103E-12
2.69154E-07 -1.39174E-12
2.69309E-07 2.02989E-13
2.69463E-07 1.62141E-12
2.69617E-07 1.65484E-12
2.69771E-07 2.77574E-13
2.69925E-07 -1.33356E-12
2.70079E-07 -1.80479E-12
2.70233E-07 -7.36757E-13
2.70387E-07 9.57057E-13
2.70541E-07 1.83162E-12
2.70695E-07 1.14313E-12
2.70849E-07 -5.18403E-13
2.71003E-07 -1.73477E-12
2.71157E-07 -1.47007E-12
2.71311E-07 4.71068E-14
2.71465E-07 1.52110E-12
2.71620E-07 1.69568E-12
2.71774E-07 4.24712E-13
2.71928E-07 -1.20557E-12
2.72082E-07 -1.80491E-12
2.72236E-07 -8.64609E-13
2.72390E-07 8.10719E-13
2.72544E-07 1.79162E-12
2.72698E-07 1.24345E-12
2.72852E-07 -3.63469E-13
2.73006E-07 -1.65737E-12
2.73160E-07 -1.53609E-12
2.73314E-07 -1.05883E-13
2.73468E-07 1.41160E-12
2.73622E-07 1.72283E-12
2.73776E-07 5.64984E-13
2.73931E-07 -1.07212E-12
2.74085E-07 -1.79225E-12
2.74239E-07 -9.83547E-13
2.74393E-07 6.61602E-13
2.74547E-07 1.73938E-12
2.74701E-07 1.33243E-12
2.74855E-07 -2.09257E-13
2.75009E-07 -1.56933E-12
2.75163E-07 -1.58891E-12
2.75317E-07 -2.54021E-13
2.75471E-07 1.29490E-12
2.75625E-07 1.73728E-12
2.75779E-07 6.98343E-13
2.75933E-07 -9.33492E-13
2.76087E-07 -1.76630E-12
2.76242E-07 -1.09201E-12
2.76396E-07 5.11584E-13
2.76550E-07 1.67585E-12
2.76704E-07 1.40940E-12
2.76858E-07 -5.77817E-14
2.77012E-07 -1.47284E-12
2.77166E-07 -1.62986E-12
2.77320E-07 -3.97543E-13
2.77474E-07 1.17110E-12
2.77628E-07 1.73855E-12
2.77782E-07 8.23230E-13
2.77936E-07 -7.91824E-13
2.78090E-07 -1.72885E-12
2.78244E-07 -1.19071E-12
2.78398E-07 3.60959E-13
2.78553E-07 1.60174E-12
2.78707E-07 1.47489E-12
2.78861E-07 9.13191E-14
2.79015E-07 -1.36727E-12
2.79169E-07 -1.65765E-12
2.79323E-07 -5.34673E-13
2.79477E-07 1.04184E-12
2.79631E-07 1.72750E-12
2.79785E-07 9.39778E-13
2.79939E-07 -6.47096E-13
2.80093E-07 -1.67926E-12
2.80247E-07 -1.27830E-12
2.80401E-07 2.11128E-13
2.80555E-07 1.51754E-12
2.80709E-07 1.52801E-12
2.80864E-07 2.36240E-13
2.81018E-07 -1.25431E-12
2.81172E-07 -1.67304E-12
2.81326E-07 -6.65282E-13
2.81480E-07 9.07296E-13
2.81634E-07 1.70346E-12
2.81788E-07 1.04634E-12
2.81942E-07 -5.01136E-13
2.82096E-07 -1.61843E-12
2.82250E-07 -1.35426E-12
2.82404E-07 6.34918E-14
2.82558E-07 1.42432E-12
2.82712E-07 1.56864E-12
2.82866E-07 3.75854E-13
2.83020E-07 -1.13495E-12
2.83175E-07 -1.67565E-12
2.83329E-07 -7.87323E-13
2.83483E-07 7.70296E-13
2.83637E-07 1.66861E-12
2.83791E-07 1.14343E-12
2.83945E-07 -3.54967E-13
2.84099E-07 -1.54788E-12
2.84253E-07 -1.41942E-12
2.84407E-07 -8.16756E-14
2.84561E-07 1.32305E-12
2.84715E-07 1.59762E-12
2.84869E-07 5.10245E-13
2.85023E-07 -1.00986E-12
2.85177E-07 -1.66658E-12
2.85331E-07 -9.02004E-13
2.85486E-07 6.29596E-13
2.85640E-07 1.62165E-12
2.85794E-07 1.22990E-12
2.85948E-07 -2.09133E-13
2.86102E-07 -1.46717E-12
2.86256E-07 -1.47256E-12
2.86410E-07 -2.23112E-13
2.86564E-07 1.21411E-12
2.86718E-07 1.61408E-12
2.86872E-07 6.37953E-13
2.87026E-07 -8.79886E-13
2.87180E-07 -1.64508E-12
2.87334E-07 -1.00705E-12
2.87488E-07 4.87857E-13
2.87642E-07 1.56423E-12
2.87797E-07 1.30573E-12
2.87951E-07 -6.48122E-14
2.88105E-07 -1.37744E-12
2.88259E-07 -1.51378E-12
2.88413E-07 -3.59911E-13
2.88567E-07 1.09851E-12
2.88721E-07 1.61817E-12
2.88875E-07 7.58040E-13
2.89029E-07 -7.46376E-13
2.89183E-07 -1.61195E-12
2.89337E-07 -1.10230E-12
2.89491E-07 3.45726E-13
2.89645E-07 1.49651E-12
2.89799E-07 1.37000E-12
2.89953E-07 7.63123E-14
2.90108E-07 -1.28006E-12
2.90262E-07 -1.54323E-12
2.90416E-07 -4.90925E-13
2.90570E-07 9.77814E-13
2.90724E-07 1.61073E-12
2.90878E-07 8.70030E-13
2.91032E-07 -6.10694E-13
2.91186E-07 -1.56843E-12
2.91340E-07 -1.18807E-12
2.91494E-07 2.03848E-13
2.91648E-07 1.41949E-12
2.91802E-07 1.42337E-12
2.91956E-07 2.14395E-13
2.92110E-07 -1.17504E-12
2.92264E-07 -1.56065E-12
2.92419E-07 -6.15626E-13
2.92573E-07 8.52406E-13
2.92727E-07 1.59155E-12
2.92881E-07 9.73185E-13
2.93035E-07 -4.73464E-13
2.93189E-07 -1.51428E-12
2.93343E-07 -1.26306E-12
2.93497E-07 6.39688E-14
2.93651E-07 1.33425E-12
2.93805E-07 1.46551E-12
2.93959E-07 3.47836E-13
2.94113E-07 -1.06432E-12
2.94267E-07 -1.56722E-12
2.94421E-07 -7.33954E-13
2.94575E-07 7.23196E-13
2.94730E-07 1.56158E-12
2.94884E-07 1.06793E-12
2.95038E-07 -3.34802E-13
2.95192E-07 -1.44977E-12
2.95346E-07 -1.32736E-12
2.95500E-07 -7.39615E-14
2.95654E-07 1.24051E-12
2.95808E-07 1.49585E-12
2.95962E-07 4.76218E-13
2.96116E-07 -9.47485E-13
2.96270E-07 -1.56148E-12
2.96424E-07 -8.43937E-13
2.96578E-07 5.91508E-13
2.96732E-07 1.52051E-12
2.96886E-07 1.15227E-12
2.97041E-07 -1.97316E-13
2.97195E-07 -1.37663E-12
2.97349E-07 -1.38101E-12
2.97503E-07 -2.08565E-13
2.97657E-07 1.13977E-12
2.97811E-07 1.51479E-12
2.97965E-07 5.98456E-13
2.98119E-07 -8.26377E-13
2.98273E-07 -1.54480E-12
2.98427E-07 -9.45774E-13
2.98581E-07 4.58169E-13
2.98735E-07 1.46941E-12
2.98889E-07 1.22686E-12
2.99043E-07 -6.08414E-14
2.99197E-07 -1.29474E-12
2.99352E-07 -1.42342E-12
2.99506E-07 -3.38879E-13
2.99660E-07 1.03287E-12
2.99814E-07 1.52245E-12
2.99968E-07 7.13977E-13
3.00122E-07 -7.01714E-13
3.00276E-07 -1.51739E-12
3.00430E-07 -1.03891E-12
3.00584E-07 3.24032E-13
3.00738E-07 1.40871E-12
3.00892E-07 1.29126E-12
3.01046E-07 7.35986E-14
3.01200E-07 -1.20499E-12
3.01354E-07 -1.45484E-12
3.01508E-07 -4.64555E-13
3.01663E-07 9.20143E-13
3.01817E-07 1.51867E-12
3.01971E-07 8.22128E-13
3.02125E-07 -5.74044E-13
3.02279E-07 -1.47905E-12
3.02433E-07 -1.12238E-12
3.02587E-07 1.90200E-13
3.02741E-07 1.33876E-12
3.02895E-07 1.34477E-12
3.03049E-07 2.04744E-13
3.03203E-07 -1.10814E-12
3.03357E-07 -1.47479E-12
3.03511E-07 -5.84109E-13
3.03665E-07 8.03063E-13
3.03819E-07 1.50382E-12
3.03974E-07 9.21902E-13
3.04128E-07 -4.45001E-13
3.04282E-07 -1.43087E-12
3.04436E-07 -1.19601E-12
3.04590E-07 5.77932E-14
3.04744E-07 1.26063E-12
3.04898E-07 1.38746E-12
3.05052E-07 3.31647E-13
3.05206E-07 -1.00543E-12
3.05360E-07 -1.48387E-12
3.05514E-07 -6.97082E-13
3.05668E-07 6.82709E-13
3.05822E-07 1.47878E-12
3.05976E-07 1.01346E-12
3.06130E-07 -3.14981E-13
3.06285E-07 -1.37316E-12
3.06439E-07 -1.25952E-12
3.06593E-07 -7.23784E-14
3.06747E-07 1.17511E-12
3.06901E-07 1.41967E-12
3.07055E-07 4.54137E-13
3.07209E-07 -8.97007E-13
3.07363E-07 -1.48170E-12
3.07517E-07 -8.02588E-13
3.07671E-07 5.59865E-13
3.07825E-07 1.44348E-12
3.07979E-07 1.09564E-12
