0.00000E+00 0.00000E+00
1.54067E-10 0.00000E+00
3.08133E-10 0.00000E+00
4.62200E-10 0.00000E+00
6.16267E-10 0.00000E+00
7.70333E-10 0.00000E+00
9.24400E-10 0.00000E+00
1.07847E-09 0.00000E+00
1.23253E-09 0.00000E+00
1.38660E-09 0.00000E+00
1.54067E-09 0.00000E+00
1.69473E-09 0.00000E+00
1.84880E-09 0.00000E+00
2.00287E-09 0.00000E+00
2.15693E-09 0.00000E+00
2.31100E-09 0.00000E+00
2.46507E-09 0.00000E+00
2.61913E-09 0.00000E+00
2.77320E-09 -5.20325E-310
2.92727E-09 -1.46169E-297
3.08133E-09 -2.26661E-285
3.23540E-09 -1.94004E-273
3.38947E-09 -9.16484E-262
3.54353E-09 -2.38940E-250
3.69760E-09 -3.43768E-239
3.85167E-09 -2.72906E-228
4.00573E-09 -1.19533E-217
4.15980E-09 -2.88825E-207
4.31387E-09 -3.84945E-197
4.46793E-09 -2.82952E-187
4.62200E-09 -1.14684E-177
4.77607E-09 -2.56260E-168
4.93013E-09 -3.15608E-159
5.08420E-09 -2.14186E-150
5.23827E-09 -8.00703E-142
5.39233E-09 -1.64828E-133
5.54640E-09 -1.86758E-125
5.70047E-09 -1.16408E-117
5.85453E-09 -3.98902E-110
6.00860E-09 -7.50890E-103
6.16267E-09 -7.75669E-96
6.31673E-09 -4.39139E-89
6.47080E-09 -1.36024E-82
6.62487E-09 -2.29992E-76
6.77893E-09 -2.11592E-70
6.93300E-09 -1.05424E-64
7.08707E-09 -2.82422E-59
7.24113E-09 -4.01940E-54
7.39520E-09 -2.97225E-49
7.54927E-09 -1.08765E-44
7.70333E-09 -1.69801E-40
7.85740E-09 -2.42718E-37
8.01147E-09 2.11328E-32
8.16553E-09 2.24148E-28
8.31960E-09 9.51814E-25
8.47367E-09 1.96902E-21
8.62773E-09 2.10395E-18
8.78180E-09 1.19153E-15
8.93587E-09 3.62749E-13
9.08993E-09 5.99271E-11
9.24400E-09 5.41467E-09
9.39807E-09 2.69884E-07
9.55213E-09 7.50708E-06
9.70620E-09 1.18586E-04
9.86027E-09 1.09241E-03
1.00143E-08 6.09312E-03
1.01684E-08 2.15473E-02
1.03225E-08 5.04653E-02
1.04765E-08 7.97458E-02
1.06306E-08 7.97446E-02
1.07847E-08 2.73782E-02
1.09387E-08 -6.47526E-02
1.10928E-08 -1.44436E-01
1.12469E-08 -1.53161E-01
1.14009E-08 -7.38955E-02
1.15550E-08 4.73557E-02
1.17091E-08 1.29281E-01
1.18631E-08 1.14996E-01
1.20172E-08 1.72913E-02
1.21713E-08 -8.87035E-02
1.23253E-08 -1.22379E-01
1.24794E-08 -6.01351E-02
1.26335E-08 4.65110E-02
1.27875E-08 1.12352E-01
1.29416E-08 8.65441E-02
1.30957E-08 -7.47414E-03
1.32497E-08 -9.22274E-02
1.34038E-08 -9.97080E-02
1.35579E-08 -2.61413E-02
1.37119E-08 6.63858E-02
1.38660E-08 1.01942E-01
1.40201E-08 5.30398E-02
1.41741E-08 -3.79762E-02
1.43282E-08 -9.52459E-02
1.44823E-08 -7.25034E-02
1.46363E-08 9.48518E-03
1.47904E-08 8.15388E-02
1.49445E-08 8.42891E-02
1.50985E-08 1.71007E-02
1.52526E-08 -6.26477E-02
1.54067E-08 -8.83794E-02
1.55607E-08 -3.97945E-02
1.57148E-08 4.12216E-02
1.58689E-08 8.67483E-02
1.60229E-08 5.99685E-02
1.61770E-08 -1.47193E-02
1.63311E-08 -7.32646E-02
1.64851E-08 -6.63077E-02
1.66392E-08 -3.50068E-04
1.67933E-08 6.84289E-02
1.69473E-08 8.17636E-02
1.71014E-08 2.78589E-02
1.72555E-08 -4.96278E-02
1.74095E-08 -8.89022E-02
1.75636E-08 -6.15183E-02
1.77177E-08 5.33263E-03
1.78717E-08 5.37404E-02
1.80258E-08 4.51475E-02
1.81799E-08 -7.32185E-03
1.83339E-08 -5.14960E-02
1.84880E-08 -4.24628E-02
1.86421E-08 1.73184E-02
1.87961E-08 7.85635E-02
1.89502E-08 8.62601E-02
1.91043E-08 2.68097E-02
1.92583E-08 -5.85465E-02
1.94124E-08 -1.05651E-01
1.95665E-08 -7.85881E-02
1.97205E-08 1.84761E-03
1.98746E-08 7.52420E-02
2.00287E-08 8.95350E-02
2.01827E-08 4.04728E-02
2.03368E-08 -2.86180E-02
2.04909E-08 -6.44397E-02
2.06449E-08 -4.61842E-02
2.07990E-08 1.82262E-03
2.09531E-08 3.53426E-02
2.11071E-08 2.94087E-02
2.12612E-08 -2.65666E-03
2.14153E-08 -2.52584E-02
2.15693E-08 -1.53070E-02
2.17234E-08 1.62949E-02
2.18775E-08 3.56440E-02
2.20315E-08 1.88459E-02
2.21856E-08 -2.34754E-02
2.23397E-08 -5.33652E-02
2.24937E-08 -3.92534E-02
2.26478E-08 1.34335E-02
2.28019E-08 6.30480E-02
2.29559E-08 6.54541E-02
2.31100E-08 1.29452E-02
2.32641E-08 -5.56550E-02
2.34181E-08 -8.44742E-02
2.35722E-08 -4.67212E-02
2.37263E-08 3.09578E-02
2.38803E-08 8.76284E-02
2.40344E-08 7.66623E-02
2.41885E-08 4.49097E-03
2.43425E-08 -7.28836E-02
2.44966E-08 -9.39593E-02
2.46507E-08 -4.12425E-02
2.48047E-08 4.40694E-02
2.49588E-08 9.46068E-02
2.51129E-08 7.06030E-02
2.52669E-08 -8.41830E-03
2.54210E-08 -7.95474E-02
2.55751E-08 -8.69664E-02
2.57291E-08 -2.61832E-02
2.58832E-08 5.33443E-02
2.60373E-08 8.86122E-02
2.61913E-08 5.33439E-02
2.63454E-08 -2.22626E-02
2.64995E-08 -7.72720E-02
2.66535E-08 -6.93471E-02
2.68076E-08 -7.54845E-03
2.69617E-08 5.69787E-02
2.71157E-08 7.33808E-02
2.72698E-08 3.13626E-02
2.74239E-08 -3.26963E-02
2.75779E-08 -6.70610E-02
2.77320E-08 -4.65362E-02
2.78861E-08 9.09347E-03
2.80401E-08 5.35429E-02
2.81942E-08 5.25244E-02
2.83483E-08 1.02267E-02
2.85023E-08 -3.67132E-02
2.86564E-08 -5.08005E-02
2.88105E-08 -2.37099E-02
2.89645E-08 1.93280E-02
2.91186E-08 4.24698E-02
2.92727E-08 2.89395E-02
2.94267E-08 -7.12303E-03
2.95808E-08 -3.48458E-02
2.97349E-08 -3.31372E-02
2.98889E-08 -6.79868E-03
3.00430E-08 2.00884E-02
3.01971E-08 2.60257E-02
3.03511E-08 9.68701E-03
3.05052E-08 -1.10776E-02
3.06593E-08 -1.63285E-02
3.08133E-08 -1.34315E-03
3.09674E-08 2.05765E-02
3.11215E-08 3.09028E-02
3.12755E-08 2.19121E-02
3.14296E-08 1.84729E-03
3.15837E-08 -1.41793E-02
3.17377E-08 -1.80587E-02
3.18918E-08 -1.43565E-02
3.20459E-08 -1.32882E-02
3.21999E-08 -1.86606E-02
3.23540E-08 -2.29788E-02
3.25081E-08 -1.48195E-02
3.26621E-08 8.38804E-03
3.28162E-08 3.46664E-02
3.29703E-08 4.52978E-02
3.31243E-08 3.01823E-02
3.32784E-08 -2.61245E-03
3.34325E-08 -3.19668E-02
3.35865E-08 -3.97065E-02
3.37406E-08 -2.41210E-02
3.38947E-08 2.53942E-04
3.40487E-08 1.58461E-02
3.42028E-08 1.62690E-02
3.43569E-08 9.16870E-03
3.45109E-08 6.04463E-03
3.46650E-08 9.48893E-03
3.48191E-08 1.05708E-02
3.49731E-08 -7.33973E-04
3.51272E-08 -2.21893E-02
3.52813E-08 -3.70510E-02
3.54353E-08 -2.73713E-02
3.55894E-08 7.72558E-03
3.57435E-08 4.60162E-02
3.58975E-08 5.66751E-02
3.60516E-08 2.56407E-02
3.62057E-08 -2.92321E-02
3.63597E-08 -6.81372E-02
3.65138E-08 -5.91662E-02
3.66679E-08 -5.06049E-03
3.68219E-08 5.58063E-02
3.69760E-08 7.72696E-02
3.71301E-08 4.13872E-02
3.72841E-08 -2.61011E-02
3.74382E-08 -7.43649E-02
3.75923E-08 -6.65635E-02
3.77463E-08 -8.79509E-03
3.79004E-08 5.43688E-02
3.80545E-08 7.46538E-02
3.82085E-08 3.77135E-02
3.83626E-08 -2.62469E-02
3.85167E-08 -6.70659E-02
3.86707E-08 -5.44140E-02
3.88248E-08 -8.55287E-04
3.89789E-08 4.97530E-02
3.91329E-08 5.82318E-02
3.92870E-08 2.08219E-02
3.94411E-08 -2.97547E-02
3.95951E-08 -5.25182E-02
3.97492E-08 -3.16014E-02
3.99033E-08 1.25663E-02
4.00573E-08 4.22702E-02
4.02114E-08 3.45461E-02
4.03655E-08 -9.00409E-04
4.05195E-08 -3.20276E-02
4.06736E-08 -3.28948E-02
4.08277E-08 -5.27498E-03
4.09817E-08 2.45923E-02
4.11358E-08 3.01629E-02
4.12899E-08 7.88114E-03
4.14439E-08 -2.06640E-02
4.15980E-08 -2.89388E-02
4.17521E-08 -9.57112E-03
4.19061E-08 1.91929E-02
4.20602E-08 3.02863E-02
4.22143E-08 1.26793E-02
4.23683E-08 -1.81372E-02
4.25224E-08 -3.37307E-02
4.26765E-08 -1.85203E-02
4.28305E-08 1.53137E-02
4.29846E-08 3.76723E-02
4.31387E-08 2.71265E-02
4.32927E-08 -9.09184E-03
4.34468E-08 -3.99887E-02
4.36009E-08 -3.73401E-02
4.37549E-08 -1.15358E-03
4.39090E-08 3.86806E-02
4.40631E-08 4.71791E-02
4.42171E-08 1.48706E-02
4.43712E-08 -3.24611E-02
4.45253E-08 -5.44493E-02
4.46793E-08 -3.05856E-02
4.48334E-08 2.09599E-02
4.49875E-08 5.71944E-02
4.51415E-08 4.62539E-02
4.52956E-08 -4.67797E-03
4.54497E-08 -5.38680E-02
4.56037E-08 -5.93540E-02
4.57578E-08 -1.47775E-02
4.59119E-08 4.38816E-02
4.60659E-08 6.74334E-02
4.62200E-08 3.48238E-02
4.63741E-08 -2.81108E-02
4.65281E-08 -6.91131E-02
4.66822E-08 -5.29682E-02
4.68363E-08 8.24801E-03
4.69903E-08 6.41105E-02
4.71444E-08 6.74212E-02
4.72985E-08 1.40884E-02
4.74525E-08 -5.24040E-02
4.76066E-08 -7.65115E-02
4.77607E-08 -3.70674E-02
4.79147E-08 3.42279E-02
4.80688E-08 7.83681E-02
4.82229E-08 5.79921E-02
4.83769E-08 -1.09670E-02
4.85310E-08 -7.17713E-02
4.86851E-08 -7.37090E-02
4.88391E-08 -1.45205E-02
4.89932E-08 5.71577E-02
4.91473E-08 8.18510E-02
4.93013E-08 3.87549E-02
4.94554E-08 -3.66181E-02
4.96095E-08 -8.16873E-02
4.97635E-08 -5.88603E-02
4.99176E-08 1.29709E-02
5.00717E-08 7.39690E-02
5.02257E-08 7.31952E-02
5.03798E-08 1.12286E-02
5.05339E-08 -6.01550E-02
5.06879E-08 -8.11739E-02
5.08420E-08 -3.41033E-02
5.09961E-08 4.17249E-02
5.11501E-08 8.27135E-02
5.13042E-08 5.42844E-02
5.14583E-08 -1.99668E-02
5.16123E-08 -7.78255E-02
5.17664E-08 -7.05357E-02
5.19205E-08 -3.83134E-03
5.20745E-08 6.65838E-02
5.22286E-08 8.15441E-02
5.23827E-08 2.80898E-02
5.25367E-08 -4.93785E-02
5.26908E-08 -8.60188E-02
5.28449E-08 -5.08173E-02
5.29989E-08 2.72153E-02
5.31530E-08 8.30164E-02
5.33071E-08 6.97629E-02
5.34611E-08 -1.85271E-03
5.36152E-08 -7.23026E-02
5.37693E-08 -8.27771E-02
5.39233E-08 -2.43112E-02
5.40774E-08 5.45794E-02
5.42315E-08 8.82337E-02
5.43855E-08 4.85643E-02
5.45396E-08 -3.14894E-02
5.46937E-08 -8.53665E-02
5.48477E-08 -6.83096E-02
5.50018E-08 5.40346E-03
5.51559E-08 7.44274E-02
5.53099E-08 8.14746E-02
5.54640E-08 2.09355E-02
5.56181E-08 -5.66428E-02
5.57721E-08 -8.68055E-02
5.59262E-08 -4.48181E-02
5.60803E-08 3.40021E-02
5.62343E-08 8.39994E-02
5.63884E-08 6.39322E-02
5.65425E-08 -8.94321E-03
5.66965E-08 -7.36738E-02
5.68506E-08 -7.66264E-02
5.70047E-08 -1.59912E-02
5.71587E-08 5.72057E-02
5.73128E-08 8.20445E-02
5.74669E-08 3.84655E-02
5.76209E-08 -3.64907E-02
5.77750E-08 -8.01351E-02
5.79291E-08 -5.65892E-02
5.80831E-08 1.36725E-02
5.82372E-08 7.15588E-02
5.83913E-08 6.90611E-02
5.85453E-08 9.11041E-03
5.86994E-08 -5.75292E-02
5.88535E-08 -7.52223E-02
5.90075E-08 -2.99348E-02
5.91616E-08 3.96216E-02
5.93157E-08 7.50329E-02
5.94697E-08 4.72436E-02
5.96238E-08 -1.95771E-02
5.97779E-08 -6.89875E-02
5.99319E-08 -5.99322E-02
6.00860E-08 -8.73942E-04
6.02401E-08 5.79932E-02
6.03941E-08 6.73711E-02
6.05482E-08 2.01476E-02
6.07023E-08 -4.32393E-02
6.08563E-08 -6.93838E-02
6.10104E-08 -3.68996E-02
6.11645E-08 2.60773E-02
6.13185E-08 6.62034E-02
6.14726E-08 5.00895E-02
6.16267E-08 -7.91010E-03
6.17807E-08 -5.84143E-02
6.19348E-08 -5.90252E-02
6.20889E-08 -9.91651E-03
6.22429E-08 4.68694E-02
6.23970E-08 6.33738E-02
6.25511E-08 2.62090E-02
6.27051E-08 -3.25882E-02
6.28592E-08 -6.31307E-02
6.30133E-08 -3.99826E-02
6.31673E-08 1.66638E-02
6.33214E-08 5.85631E-02
6.34755E-08 5.04774E-02
6.36295E-08 -2.00888E-04
6.37836E-08 -5.01595E-02
6.39377E-08 -5.71560E-02
6.40917E-08 -1.57188E-02
6.42458E-08 3.86016E-02
6.43999E-08 5.97116E-02
6.45539E-08 3.00700E-02
6.47080E-08 -2.47456E-02
6.48621E-08 -5.80924E-02
6.50161E-08 -4.19362E-02
6.51702E-08 9.58803E-03
6.53243E-08 5.25238E-02
6.54783E-08 5.05798E-02
6.56324E-08 5.79873E-03
6.57865E-08 -4.35035E-02
6.59405E-08 -5.55073E-02
6.60946E-08 -2.03542E-02
6.62487E-08 3.17609E-02
6.64027E-08 5.65085E-02
6.65568E-08 3.31201E-02
6.67109E-08 -1.81839E-02
6.68649E-08 -5.36563E-02
6.70190E-08 -4.33105E-02
6.71731E-08 3.73572E-03
6.73271E-08 4.72746E-02
6.74812E-08 5.03521E-02
6.76353E-08 1.06209E-02
6.77893E-08 -3.78879E-02
6.79434E-08 -5.38944E-02
6.80975E-08 -2.39804E-02
6.82515E-08 2.61687E-02
6.84056E-08 5.38033E-02
6.85597E-08 3.55314E-02
6.87137E-08 -1.28937E-02
6.88678E-08 -5.01478E-02
6.90219E-08 -4.45819E-02
6.91759E-08 -1.09152E-03
6.93300E-08 4.31889E-02
6.94841E-08 5.05810E-02
6.96381E-08 1.49034E-02
6.97922E-08 -3.33726E-02
6.99463E-08 -5.31440E-02
7.01003E-08 -2.76552E-02
7.02544E-08 2.13192E-02
7.04085E-08 5.20804E-02
7.05625E-08 3.84993E-02
7.07166E-08 -7.80645E-03
7.08707E-08 -4.74216E-02
7.10247E-08 -4.66810E-02
7.11788E-08 -6.26436E-03
7.13329E-08 3.94393E-02
7.14869E-08 5.15971E-02
7.16410E-08 1.99189E-02
7.17951E-08 -2.86483E-02
7.19491E-08 -5.28534E-02
7.21032E-08 -3.21768E-02
7.22573E-08 1.57861E-02
7.24113E-08 5.03115E-02
7.25654E-08 4.21294E-02
7.27195E-08 -1.76859E-03
7.28735E-08 -4.41161E-02
7.30276E-08 -4.90181E-02
7.31817E-08 -1.23755E-02
7.33357E-08 3.46976E-02
7.34898E-08 5.23054E-02
7.36439E-08 2.55872E-02
7.37979E-08 -2.27460E-02
7.39520E-08 -5.17275E-02
7.41061E-08 -3.68655E-02
7.42601E-08 9.15960E-03
7.44142E-08 4.73231E-02
7.45683E-08 4.53544E-02
7.47223E-08 5.02826E-03
7.48764E-08 -3.94343E-02
7.50305E-08 -5.04158E-02
7.51845E-08 -1.87352E-02
7.53386E-08 2.86789E-02
7.54927E-08 5.16846E-02
7.56467E-08 3.09206E-02
7.58008E-08 -1.58979E-02
7.59549E-08 -4.90969E-02
7.61089E-08 -4.06718E-02
7.62630E-08 2.08453E-03
7.64171E-08 4.28929E-02
7.65711E-08 4.72778E-02
7.67252E-08 1.16996E-02
7.68793E-08 -3.35928E-02
7.70333E-08 -5.02842E-02
7.71874E-08 -2.44127E-02
7.73415E-08 2.19486E-02
7.74955E-08 4.95246E-02
7.76496E-08 3.51161E-02
7.78037E-08 -8.87797E-03
7.79577E-08 -4.51265E-02
7.81118E-08 -4.30470E-02
7.82659E-08 -4.61378E-03
7.84199E-08 3.74916E-02
7.85740E-08 4.76721E-02
7.87281E-08 1.75150E-02
7.88821E-08 -2.72558E-02
7.90362E-08 -4.87207E-02
7.91903E-08 -2.88850E-02
7.93443E-08 1.52322E-02
7.94984E-08 4.61960E-02
7.96525E-08 3.79224E-02
7.98065E-08 -2.34453E-03
7.99606E-08 -4.03651E-02
8.01147E-08 -4.40189E-02
8.02687E-08 -1.04441E-02
8.04228E-08 3.17316E-02
8.05769E-08 4.67988E-02
8.07309E-08 2.22036E-02
8.08850E-08 -2.09913E-02
8.10391E-08 -4.61398E-02
8.11931E-08 -3.21038E-02
8.13472E-08 8.97622E-03
8.15013E-08 4.21745E-02
8.16553E-08 3.94733E-02
8.18094E-08 3.41151E-03
8.19635E-08 -3.52742E-02
8.21175E-08 -4.38450E-02
8.22716E-08 -1.52683E-02
8.24257E-08 2.60134E-02
8.25797E-08 4.49841E-02
8.27338E-08 2.57566E-02
8.28879E-08 -1.51203E-02
8.30419E-08 -4.28977E-02
8.31960E-08 -3.41649E-02
8.33501E-08 3.41752E-03
8.35041E-08 3.78252E-02
8.36582E-08 3.99549E-02
8.38123E-08 8.24258E-03
8.39663E-08 -3.02106E-02
8.41204E-08 -4.27933E-02
8.42745E-08 -1.90405E-02
8.44285E-08 2.06621E-02
8.45826E-08 4.25666E-02
8.47367E-08 2.82466E-02
8.48907E-08 -9.90089E-03
8.50448E-08 -3.93783E-02
8.51989E-08 -3.52674E-02
8.53529E-08 -1.29373E-03
8.55070E-08 3.35319E-02
8.56611E-08 3.96801E-02
8.58151E-08 1.21399E-02
8.59692E-08 -2.55014E-02
8.61233E-08 -4.12528E-02
8.62773E-08 -2.19054E-02
8.64314E-08 1.58919E-02
8.65855E-08 3.99516E-02
8.67395E-08 2.99532E-02
8.68936E-08 -5.39585E-03
8.70477E-08 -3.59353E-02
8.72017E-08 -3.57794E-02
8.73558E-08 -5.25560E-03
8.75099E-08 2.95378E-02
8.76639E-08 3.90402E-02
8.78180E-08 1.53398E-02
8.79721E-08 -2.12419E-02
8.81261E-08 -3.95692E-02
8.82802E-08 -2.41882E-02
8.84343E-08 1.16449E-02
8.85883E-08 3.73840E-02
8.87424E-08 3.12277E-02
8.88965E-08 -1.41763E-03
8.90505E-08 -3.26803E-02
8.92046E-08 -3.60150E-02
8.93587E-08 -8.73900E-03
8.95127E-08 2.58174E-02
8.96668E-08 3.82629E-02
8.98209E-08 1.81396E-02
8.99749E-08 -1.72924E-02
9.01290E-08 -3.78570E-02
9.02831E-08 -2.61584E-02
9.04371E-08 7.70677E-03
9.05912E-08 3.48616E-02
9.07453E-08 3.22695E-02
9.08993E-08 2.27388E-03
9.10534E-08 -2.95139E-02
9.12075E-08 -3.60807E-02
9.13615E-08 -1.19642E-02
9.15156E-08 2.22075E-02
9.16697E-08 3.73593E-02
9.18237E-08 2.07050E-02
9.19778E-08 -1.34653E-02
9.21319E-08 -3.60466E-02
9.22859E-08 -2.79075E-02
9.24400E-08 3.90360E-03
9.25941E-08 3.22615E-02
9.27481E-08 3.30929E-02
9.29022E-08 5.81027E-03
9.30563E-08 -2.62917E-02
9.32103E-08 -3.59255E-02
9.33644E-08 -1.50040E-02
9.35185E-08 1.85732E-02
9.36725E-08 3.62344E-02
9.38266E-08 2.30469E-02
9.39807E-08 -9.65910E-03
9.41347E-08 -3.40251E-02
9.42888E-08 -2.93933E-02
9.44429E-08 1.80924E-04
9.45969E-08 2.94781E-02
9.47510E-08 3.36206E-02
9.49051E-08 9.19620E-03
9.50591E-08 -2.29350E-02
9.52132E-08 -3.54572E-02
9.53673E-08 -1.78202E-02
9.55213E-08 1.48736E-02
9.56754E-08 3.48016E-02
9.58295E-08 2.50979E-02
9.59835E-08 -5.87331E-03
9.61376E-08 -3.17271E-02
9.62917E-08 -3.05358E-02
9.64457E-08 -3.42623E-03
9.65998E-08 2.64762E-02
9.67539E-08 3.37747E-02
9.69079E-08 1.23708E-02
9.70620E-08 -1.94419E-02
9.72161E-08 -3.46134E-02
9.73701E-08 -2.03379E-02
9.75242E-08 1.11382E-02
9.76783E-08 3.30220E-02
9.78323E-08 2.67807E-02
9.79864E-08 -2.16333E-03
9.81405E-08 -2.91422E-02
9.82945E-08 -3.12662E-02
9.84486E-08 -6.84434E-03
9.86027E-08 2.32757E-02
9.87567E-08 3.35046E-02
9.89108E-08 1.52518E-02
9.90649E-08 -1.58609E-02
9.92189E-08 -3.33690E-02
9.93730E-08 -2.24767E-02
9.95271E-08 7.43962E-03
9.96811E-08 3.09017E-02
9.98352E-08 2.80282E-02
9.99893E-08 1.38246E-03
1.00143E-07 -2.63094E-02
1.00297E-07 -3.15411E-02
1.00451E-07 -9.98042E-03
1.00606E-07 1.99457E-02
1.00760E-07 3.27993E-02
1.00914E-07 1.77548E-02
1.01068E-07 -1.22838E-02
1.01222E-07 -3.17495E-02
1.01376E-07 -2.41738E-02
1.01530E-07 3.88033E-03
1.01684E-07 2.85015E-02
1.01838E-07 2.88101E-02
1.01992E-07 4.66524E-03
1.02146E-07 -2.33178E-02
1.02300E-07 -3.13687E-02
1.02454E-07 -1.27541E-02
1.02608E-07 1.65919E-02
1.02762E-07 3.17057E-02
1.02917E-07 1.98300E-02
1.03071E-07 -8.81783E-03
1.03225E-07 -2.98346E-02
1.03379E-07 -2.54179E-02
1.03533E-07 5.53739E-04
1.03687E-07 2.59226E-02
1.03841E-07 2.91547E-02
1.03995E-07 7.61854E-03
1.04149E-07 -2.02757E-02
1.04303E-07 -3.08128E-02
1.04457E-07 -1.51344E-02
1.04611E-07 1.33142E-02
1.04765E-07 3.03126E-02
1.04919E-07 2.14851E-02
1.05073E-07 -5.54161E-03
1.05228E-07 -2.77252E-02
1.05382E-07 -2.62519E-02
1.05536E-07 -2.49215E-03
1.05690E-07 2.32640E-02
1.05844E-07 2.91325E-02
1.05998E-07 1.02291E-02
1.06152E-07 -1.72673E-02
1.06306E-07 -2.99599E-02
1.06460E-07 -1.71417E-02
1.06614E-07 1.01729E-02
1.06768E-07 2.87107E-02
1.06922E-07 2.27682E-02
1.07076E-07 -2.48609E-03
1.07230E-07 -2.55042E-02
1.07384E-07 -2.67429E-02
1.07539E-07 -5.25621E-03
1.07693E-07 2.05914E-02
1.07847E-07 2.88193E-02
1.08001E-07 1.25222E-02
1.08155E-07 -1.43358E-02
1.08309E-07 -2.88845E-02
1.08463E-07 -1.88211E-02
1.08617E-07 7.18658E-03
1.08771E-07 2.69645E-02
1.08925E-07 2.37364E-02
1.09079E-07 3.53397E-04
1.09233E-07 -2.32204E-02
1.09387E-07 -2.69519E-02
1.09541E-07 -7.76223E-03
1.09695E-07 1.79353E-02
1.09850E-07 2.82724E-02
1.10004E-07 1.45348E-02
1.10158E-07 -1.14927E-02
1.10312E-07 -2.76345E-02
1.10466E-07 -2.02169E-02
1.10620E-07 4.34977E-03
1.10774E-07 2.51093E-02
1.10928E-07 2.44348E-02
1.11082E-07 2.99523E-03
1.11236E-07 -2.08952E-02
1.11390E-07 -2.69200E-02
1.11544E-07 -1.00371E-02
1.11698E-07 1.53033E-02
1.11852E-07 2.75255E-02
1.12006E-07 1.62980E-02
1.12161E-07 -8.73437E-03
1.12315E-07 -2.62346E-02
1.12469E-07 -2.13597E-02
1.12623E-07 1.65061E-03
1.12777E-07 2.31598E-02
1.12931E-07 2.48910E-02
1.13085E-07 5.45644E-03
1.13239E-07 -1.85344E-02
1.13393E-07 -2.66692E-02
1.13547E-07 -1.20997E-02
1.13701E-07 1.26944E-02
1.13855E-07 2.65943E-02
1.14009E-07 1.78297E-02
1.14163E-07 -6.05502E-03
1.14317E-07 -2.46940E-02
1.14472E-07 -2.22647E-02
1.14626E-07 -9.18881E-04
1.14780E-07 2.11205E-02
1.14934E-07 2.51160E-02
1.15088E-07 7.74483E-03
1.15242E-07 -1.61392E-02
1.15396E-07 -2.62068E-02
1.15550E-07 -1.39560E-02
1.15704E-07 1.01087E-02
1.15858E-07 2.54831E-02
1.16012E-07 1.91332E-02
1.16166E-07 -3.45551E-03
1.16320E-07 -2.30159E-02
1.16474E-07 -2.29328E-02
1.16628E-07 -3.35577E-03
1.16783E-07 1.89953E-02
1.16937E-07 2.51097E-02
1.17091E-07 9.85503E-03
1.17245E-07 -1.37159E-02
1.17399E-07 -2.55333E-02
1.17553E-07 -1.55989E-02
1.17707E-07 7.55564E-03
1.17861E-07 2.41951E-02
1.18015E-07 2.02012E-02
1.18169E-07 -9.48745E-04
1.18323E-07 -2.12078E-02
1.18477E-07 -2.33585E-02
1.18631E-07 -5.64482E-03
1.18785E-07 1.67965E-02
1.18939E-07 2.48706E-02
1.19094E-07 1.17714E-02
1.19248E-07 -1.12818E-02
1.19402E-07 -2.46530E-02
1.19556E-07 -1.70147E-02
1.19710E-07 5.05644E-03
1.19864E-07 2.27414E-02
1.20018E-07 2.10245E-02
1.20172E-07 1.44253E-03
1.20326E-07 -1.92875E-02
1.20480E-07 -2.35394E-02
1.20634E-07 -7.76445E-03
1.20788E-07 1.45478E-02
1.20942E-07 2.44044E-02
1.21096E-07 1.34763E-02
1.21250E-07 -8.86397E-03
1.21405E-07 -2.35801E-02
1.21559E-07 -1.81926E-02
1.21713E-07 2.63865E-03
1.21867E-07 2.11436E-02
1.22021E-07 2.16008E-02
1.22175E-07 3.69333E-03
1.22329E-07 -1.72824E-02
1.22483E-07 -2.34825E-02
1.22637E-07 -9.69518E-03
1.22791E-07 1.22793E-02
1.22945E-07 2.37272E-02
1.23099E-07 1.49583E-02
1.23253E-07 -6.49226E-03
1.23407E-07 -2.23381E-02
1.23561E-07 -1.91301E-02
1.23716E-07 3.28700E-04
1.23870E-07 1.94307E-02
1.24024E-07 2.19374E-02
1.24178E-07 5.78339E-03
1.24332E-07 -1.52235E-02
1.24486E-07 -2.32041E-02
1.24640E-07 -1.14250E-02
1.24794E-07 1.00212E-02
1.24948E-07 2.28623E-02
1.25102E-07 1.62146E-02
1.25256E-07 -4.19319E-03
1.25410E-07 -2.09552E-02
1.25564E-07 -1.98340E-02
1.25718E-07 -1.85309E-03
1.25872E-07 1.76328E-02
1.26027E-07 2.20494E-02
1.26181E-07 7.70034E-03
1.26335E-07 -1.31401E-02
1.26489E-07 -2.27260E-02
1.26643E-07 -1.29502E-02
1.26797E-07 7.79940E-03
1.26951E-07 2.18361E-02
1.27105E-07 1.72501E-02
1.27259E-07 -1.98680E-03
1.27413E-07 -1.94597E-02
1.27567E-07 -2.03171E-02
1.27721E-07 -3.89390E-03
1.27875E-07 1.57773E-02
1.28029E-07 2.19559E-02
1.28183E-07 9.43926E-03
1.28338E-07 -1.10567E-02
1.28492E-07 -2.20714E-02
1.28646E-07 -1.42737E-02
1.28800E-07 5.63325E-03
1.28954E-07 2.06737E-02
1.29108E-07 1.80749E-02
1.29262E-07 1.13758E-04
1.29416E-07 -1.78763E-02
1.29570E-07 -2.05950E-02
1.29724E-07 -5.78743E-03
1.29878E-07 1.38868E-02
1.30032E-07 2.16764E-02
1.30186E-07 1.10006E-02
1.30340E-07 -8.99169E-03
1.30494E-07 -2.12619E-02
1.30649E-07 -1.54023E-02
1.30803E-07 3.53610E-03
1.30957E-07 1.93968E-02
1.31111E-07 1.87007E-02
1.31265E-07 2.10074E-03
1.31419E-07 -1.62252E-02
1.31573E-07 -2.06829E-02
1.31727E-07 -7.53153E-03
1.31881E-07 1.19783E-02
1.32035E-07 2.12283E-02
1.32189E-07 1.23875E-02
1.32343E-07 -6.95846E-03
1.32497E-07 -2.03154E-02
1.32651E-07 -1.63431E-02
1.32805E-07 1.51714E-03
1.32960E-07 1.80227E-02
1.33114E-07 1.91380E-02
1.33268E-07 3.96925E-03
1.33422E-07 -1.45219E-02
1.33576E-07 -2.05938E-02
1.33730E-07 -9.12538E-03
1.33884E-07 1.00653E-02
1.34038E-07 2.06256E-02
1.34192E-07 1.36025E-02
1.34346E-07 -4.96761E-03
1.34500E-07 -1.92465E-02
1.34654E-07 -1.71020E-02
1.34808E-07 -4.16024E-04
1.34962E-07 1.65656E-02
1.35116E-07 1.93951E-02
1.35271E-07 5.71474E-03
1.35425E-07 -1.27799E-02
1.35579E-07 -2.03380E-02
1.35733E-07 -1.05674E-02
1.35887E-07 8.15963E-03
1.36041E-07 1.98802E-02
1.36195E-07 1.46471E-02
1.36349E-07 -3.02925E-03
1.36503E-07 -1.80677E-02
1.36657E-07 -1.76831E-02
1.36811E-07 -2.25541E-03
1.36965E-07 1.50384E-02
1.37119E-07 1.94788E-02
1.37273E-07 7.33165E-03
1.37427E-07 -1.10119E-02
1.37582E-07 -1.99242E-02
1.37736E-07 -1.18548E-02
1.37890E-07 6.27349E-03
1.38044E-07 1.90029E-02
1.38198E-07 1.55213E-02
1.38352E-07 -1.15428E-03
1.38506E-07 -1.67916E-02
1.38660E-07 -1.80896E-02
1.38814E-07 -3.99205E-03
1.38968E-07 1.34548E-02
1.39122E-07 1.93953E-02
1.39276E-07 8.81357E-03
1.39430E-07 -9.23172E-03
1.39584E-07 -1.93619E-02
1.39738E-07 -1.29842E-02
1.39893E-07 4.42002E-03
1.40047E-07 1.80054E-02
1.40201E-07 1.62254E-02
1.40355E-07 6.45628E-04
1.40509E-07 -1.54318E-02
1.40663E-07 -1.83254E-02
1.40817E-07 -5.61659E-03
1.40971E-07 1.18292E-02
1.41125E-07 1.91520E-02
1.41279E-07 1.01542E-02
1.41433E-07 -7.45405E-03
1.41587E-07 -1.86616E-02
1.41741E-07 -1.39530E-02
1.41895E-07 2.61295E-03
1.42049E-07 1.69010E-02
1.42204E-07 1.67607E-02
1.42358E-07 2.35877E-03
1.42512E-07 -1.40032E-02
1.42666E-07 -1.83957E-02
1.42820E-07 -7.12029E-03
1.42974E-07 1.01773E-02
1.43128E-07 1.87580E-02
1.43282E-07 1.13486E-02
1.43436E-07 -5.69392E-03
1.43590E-07 -1.78356E-02
1.43744E-07 -1.47603E-02
1.43898E-07 8.65670E-04
1.44052E-07 1.57042E-02
1.44206E-07 1.71306E-02
1.44360E-07 3.97444E-03
1.44515E-07 -1.25214E-02
1.44669E-07 -1.83082E-02
1.44823E-07 -8.49596E-03
1.44977E-07 8.51473E-03
1.45131E-07 1.82244E-02
1.45285E-07 1.23935E-02
1.45439E-07 -3.96582E-03
1.45593E-07 -1.68975E-02
1.45747E-07 -1.54073E-02
1.45901E-07 -8.09642E-04
1.46055E-07 1.44303E-02
1.46209E-07 1.73405E-02
1.46363E-07 5.48369E-03
1.46517E-07 -1.10022E-02
1.46671E-07 -1.80719E-02
1.46826E-07 -9.73853E-03
1.46980E-07 6.85653E-03
1.47134E-07 1.75633E-02
1.47288E-07 1.32881E-02
1.47442E-07 -2.28292E-03
1.47596E-07 -1.58616E-02
1.47750E-07 -1.58974E-02
1.47904E-07 -2.40263E-03
1.48058E-07 1.30944E-02
1.48212E-07 1.73976E-02
1.48366E-07 6.87966E-03
1.48520E-07 -9.46062E-03
1.48674E-07 -1.76972E-02
1.48828E-07 -1.08450E-02
1.48982E-07 5.21632E-03
1.49137E-07 1.67874E-02
1.49291E-07 1.40335E-02
1.49445E-07 -6.56580E-04
1.49599E-07 -1.47419E-02
1.49753E-07 -1.62353E-02
1.49907E-07 -3.90493E-03
1.50061E-07 1.17109E-02
1.50215E-07 1.73100E-02
1.50369E-07 8.15746E-03
1.50523E-07 -7.91025E-03
1.50677E-07 -1.71949E-02
1.50831E-07 -1.18143E-02
1.50985E-07 3.60614E-03
1.51139E-07 1.59093E-02
1.51293E-07 1.46321E-02
1.51448E-07 9.03570E-04
1.51602E-07 -1.35519E-02
1.51756E-07 -1.64270E-02
1.51910E-07 -5.30986E-03
1.52064E-07 1.02931E-02
1.52218E-07 1.70862E-02
1.52372E-07 9.31373E-03
1.52526E-07 -6.36345E-03
1.52680E-07 -1.65757E-02
1.52834E-07 -1.26464E-02
1.52988E-07 2.03656E-03
1.53142E-07 1.49411E-02
1.53296E-07 1.50872E-02
1.53450E-07 2.38931E-03
1.53604E-07 -1.23041E-02
1.53759E-07 -1.64785E-02
1.53913E-07 -6.61203E-03
1.54067E-07 8.85342E-03
1.54221E-07 1.67351E-02
1.54375E-07 1.03461E-02
1.54529E-07 -4.83145E-03
1.54683E-07 -1.58501E-02
1.54837E-07 -1.33420E-02
1.54991E-07 5.17089E-04
1.55145E-07 1.38943E-02
1.55299E-07 1.54026E-02
1.55453E-07 3.79343E-03
1.55607E-07 -1.10104E-02
1.55761E-07 -1.63962E-02
1.55915E-07 -7.80688E-03
1.56070E-07 7.40325E-03
1.56224E-07 1.62651E-02
1.56378E-07 1.12530E-02
1.56532E-07 -3.32468E-03
1.56686E-07 -1.50284E-02
1.56840E-07 -1.39024E-02
1.56994E-07 -9.43547E-04
1.57148E-07 1.27801E-02
1.57302E-07 1.55822E-02
1.57456E-07 5.10942E-03
1.57610E-07 -9.68245E-03
1.57764E-07 -1.61869E-02
1.57918E-07 -8.89053E-03
1.58072E-07 5.95368E-03
1.58226E-07 1.56850E-02
1.58381E-07 1.20332E-02
1.58535E-07 -1.85307E-03
1.58689E-07 -1.41206E-02
1.58843E-07 -1.43294E-02
1.58997E-07 -2.33719E-03
1.59151E-07 1.16097E-02
1.59305E-07 1.56307E-02
1.59459E-07 6.33139E-03
1.59613E-07 -8.33138E-03
1.59767E-07 -1.58574E-02
1.59921E-07 -9.85970E-03
1.60075E-07 4.51543E-03
1.60229E-07 1.50038E-02
1.60383E-07 1.26864E-02
1.60537E-07 -4.26073E-04
1.60692E-07 -1.31374E-02
1.60846E-07 -1.46256E-02
1.61000E-07 -3.65626E-03
1.61154E-07 1.03942E-02
1.61308E-07 1.55533E-02
1.61462E-07 7.45412E-03
1.61616E-07 -6.96837E-03
1.61770E-07 -1.54154E-02
1.61924E-07 -1.07119E-02
1.62078E-07 3.09889E-03
1.62232E-07 1.42308E-02
1.62386E-07 1.32130E-02
1.62540E-07 9.47354E-04
1.62694E-07 -1.20892E-02
1.62848E-07 -1.47940E-02
1.63003E-07 -4.89382E-03
1.63157E-07 9.14470E-03
1.63311E-07 1.53557E-02
1.63465E-07 8.47319E-03
1.63619E-07 -5.60435E-03
1.63773E-07 -1.48689E-02
1.63927E-07 -1.14455E-02
1.64081E-07 1.71402E-03
1.64235E-07 1.33759E-02
1.64389E-07 1.36141E-02
1.64543E-07 2.25891E-03
1.64697E-07 -1.09870E-02
1.64851E-07 -1.48388E-02
1.65005E-07 -6.04378E-03
1.65159E-07 7.87234E-03
1.65314E-07 1.50447E-02
1.65468E-07 9.38515E-03
1.65622E-07 -4.24989E-03
1.65776E-07 -1.42266E-02
1.65930E-07 -1.20599E-02
1.66084E-07 3.70146E-04
1.66238E-07 1.24492E-02
1.66392E-07 1.38922E-02
1.66546E-07 3.50112E-03
1.66700E-07 -9.84148E-03
1.66854E-07 -1.47650E-02
1.67008E-07 -7.10105E-03
1.67162E-07 6.58789E-03
1.67316E-07 1.46274E-02
1.67470E-07 1.01876E-02
1.67625E-07 -2.91500E-03
1.67779E-07 -1.34976E-02
1.67933E-07 -1.25555E-02
1.68087E-07 -9.24154E-04
1.68241E-07 1.14608E-02
1.68395E-07 1.40504E-02
1.68549E-07 4.66743E-03
1.68703E-07 -8.66334E-03
1.68857E-07 -1.45783E-02
1.69011E-07 -8.06152E-03
1.69165E-07 5.30171E-03
1.69319E-07 1.41117E-02
1.69473E-07 1.08790E-02
1.69627E-07 -1.60902E-03
1.69781E-07 -1.26911E-02
1.69936E-07 -1.29337E-02
1.70090E-07 -2.16117E-03
1.70244E-07 1.04210E-02
1.70398E-07 1.40926E-02
1.70552E-07 5.75228E-03
1.70706E-07 -7.46291E-03
1.70860E-07 -1.42848E-02
1.71014E-07 -8.92209E-03
1.71168E-07 4.02358E-03
1.71322E-07 1.35057E-02
1.71476E-07 1.14591E-02
1.71630E-07 -3.40564E-04
1.71784E-07 -1.18165E-02
1.71938E-07 -1.31965E-02
1.72092E-07 -3.33406E-03
1.72247E-07 9.33972E-03
1.72401E-07 1.40234E-02
1.72555E-07 6.75098E-03
1.72709E-07 -6.25013E-03
1.72863E-07 -1.38914E-02
1.73017E-07 -9.68054E-03
1.73171E-07 2.76270E-03
1.73325E-07 1.28177E-02
1.73479E-07 1.19281E-02
1.73633E-07 8.82506E-04
1.73787E-07 -1.08833E-02
1.73941E-07 -1.33470E-02
1.74095E-07 -4.43678E-03
1.74249E-07 8.22674E-03
1.74403E-07 1.38480E-02
1.74558E-07 7.65972E-03
1.74712E-07 -5.03447E-03
1.74866E-07 -1.34051E-02
1.75020E-07 -1.03355E-02
1.75174E-07 1.52768E-03
1.75328E-07 1.20562E-02
1.75482E-07 1.22872E-02
1.75636E-07 2.05302E-03
1.75790E-07 -9.90064E-03
1.75944E-07 -1.33885E-02
1.76098E-07 -5.46405E-03
1.76252E-07 7.09154E-03
1.76406E-07 1.35720E-02
1.76560E-07 8.47543E-03
1.76714E-07 -3.82501E-03
1.76869E-07 -1.28331E-02
1.77023E-07 -1.08862E-02
1.77177E-07 3.26578E-04
1.77331E-07 1.12296E-02
1.77485E-07 1.25380E-02
1.77639E-07 3.16446E-03
1.77793E-07 -8.87773E-03
1.77947E-07 -1.33251E-02
1.78101E-07 -6.41131E-03
1.78255E-07 5.94332E-03
1.78409E-07 1.32014E-02
1.78563E-07 9.19576E-03
1.78717E-07 -2.63039E-03
1.78871E-07 -1.21830E-02
1.79025E-07 -1.13328E-02
1.79180E-07 -8.33116E-04
1.79334E-07 1.03466E-02
1.79488E-07 1.26830E-02
1.79642E-07 4.21095E-03
1.79796E-07 -7.82363E-03
1.79950E-07 -1.31612E-02
1.80104E-07 -7.27467E-03
1.80258E-07 4.79102E-03
1.80412E-07 1.27424E-02
1.80566E-07 9.81908E-03
1.80720E-07 -1.45880E-03
1.80874E-07 -1.14626E-02
1.81028E-07 -1.16759E-02
1.81182E-07 -1.94445E-03
1.81336E-07 9.41582E-03
1.81491E-07 1.27250E-02
1.81645E-07 5.18725E-03
1.81799E-07 -6.74728E-03
1.81953E-07 -1.29019E-02
1.82107E-07 -8.05095E-03
1.82261E-07 3.64328E-03
1.82415E-07 1.22019E-02
1.82569E-07 1.03444E-02
1.82723E-07 -3.18017E-04
1.82877E-07 -1.06798E-02
1.83031E-07 -1.19169E-02
1.83185E-07 -3.00105E-03
1.83339E-07 8.44586E-03
1.83493E-07 1.26676E-02
1.83647E-07 6.08880E-03
1.83802E-07 -5.65744E-03
1.83956E-07 -1.25526E-02
1.84110E-07 -8.73768E-03
1.84264E-07 2.50836E-03
1.84418E-07 1.15868E-02
1.84572E-07 1.07716E-02
1.84726E-07 7.84710E-04
1.84880E-07 -9.84276E-03
1.85034E-07 -1.20577E-02
1.85188E-07 -3.99717E-03
1.85342E-07 7.44535E-03
1.85496E-07 1.25150E-02
1.85650E-07 6.91172E-03
1.85804E-07 -4.56262E-03
1.85958E-07 -1.21192E-02
1.86113E-07 -9.33310E-03
1.86267E-07 1.39417E-03
1.86421E-07 1.09043E-02
1.86575E-07 1.11011E-02
1.86729E-07 1.84266E-03
1.86883E-07 -8.95952E-03
1.87037E-07 -1.21011E-02
1.87191E-07 -4.92770E-03
1.87345E-07 6.42277E-03
1.87499E-07 1.22717E-02
1.87653E-07 7.65286E-03
1.87807E-07 -3.47107E-03
1.87961E-07 -1.16081E-02
1.88115E-07 -9.83620E-03
1.88269E-07 3.08128E-04
1.88424E-07 1.01621E-02
1.88578E-07 1.13340E-02
1.88732E-07 2.84971E-03
1.88886E-07 -8.03833E-03
1.89040E-07 -1.20503E-02
1.89194E-07 -5.78821E-03
1.89348E-07 5.38643E-03
1.89502E-07 1.19429E-02
1.89656E-07 8.30976E-03
1.89810E-07 -2.39068E-03
1.89964E-07 -1.10257E-02
1.90118E-07 -1.02467E-02
1.90272E-07 -7.42824E-04
1.90426E-07 9.36767E-03
1.90580E-07 1.14722E-02
1.90735E-07 3.80032E-03
1.90889E-07 -7.08731E-03
1.91043E-07 -1.19091E-02
1.91197E-07 -6.57494E-03
1.91351E-07 4.34444E-03
1.91505E-07 1.15340E-02
1.91659E-07 8.88067E-03
1.91813E-07 -1.32896E-03
1.91967E-07 -1.03790E-02
1.92121E-07 -1.05648E-02
1.92275E-07 -1.75227E-03
1.92429E-07 8.52875E-03
1.92583E-07 1.15181E-02
1.92737E-07 4.68959E-03
1.92891E-07 -6.11448E-03
1.93046E-07 -1.16817E-02
1.93200E-07 -7.28480E-03
1.93354E-07 3.30459E-03
1.93508E-07 1.10509E-02
1.93662E-07 9.36450E-03
1.93816E-07 -2.92970E-04
1.93970E-07 -9.67491E-03
1.94124E-07 -1.07917E-02
1.94278E-07 -2.71433E-03
1.94432E-07 7.65303E-03
1.94586E-07 1.14746E-02
1.94740E-07 5.51322E-03
1.94894E-07 -5.12770E-03
1.95048E-07 -1.13729E-02
1.95202E-07 -7.91535E-03
1.95357E-07 2.27437E-03
1.95511E-07 1.04998E-02
1.95665E-07 9.76081E-03
1.95819E-07 7.10662E-04
1.95973E-07 -8.92062E-03
1.96127E-07 -1.09287E-02
1.96281E-07 -3.62369E-03
1.96435E-07 6.74816E-03
1.96589E-07 1.13452E-02
1.96743E-07 6.26752E-03
1.96897E-07 -4.13462E-03
1.97051E-07 -1.09878E-02
1.97205E-07 -8.46477E-03
1.97359E-07 1.26091E-03
1.97513E-07 9.88701E-03
1.97668E-07 1.00698E-02
1.97822E-07 1.67579E-03
1.97976E-07 -8.12332E-03
1.98130E-07 -1.09782E-02
1.98284E-07 -4.47559E-03
1.98438E-07 5.82169E-03
1.98592E-07 1.11337E-02
1.98746E-07 6.94943E-03
1.98900E-07 -3.14262E-03
1.99054E-07 -1.05318E-02
1.99208E-07 -8.93188E-03
1.99362E-07 2.70969E-04
1.99516E-07 9.21905E-03
1.99670E-07 1.02921E-02
1.99824E-07 2.59675E-03
1.99979E-07 -7.29022E-03
2.00133E-07 -1.09426E-02
2.00287E-07 -5.26582E-03
2.00441E-07 4.88105E-03
2.00595E-07 1.08445E-02
2.00749E-07 7.55649E-03
2.00903E-07 -2.15884E-03
2.01057E-07 -1.00105E-02
2.01211E-07 -9.31609E-03
2.01365E-07 -6.89107E-04
2.01519E-07 8.50262E-03
2.01673E-07 1.04292E-02
2.01827E-07 3.46839E-03
2.01981E-07 -6.42857E-03
2.02135E-07 -1.08251E-02
2.02290E-07 -5.99076E-03
2.02444E-07 3.93350E-03
2.02598E-07 1.04824E-02
2.02752E-07 8.08682E-03
2.02906E-07 -1.19010E-03
2.03060E-07 -9.42988E-03
2.03214E-07 -9.61742E-03
2.03368E-07 -1.61339E-03
2.03522E-07 7.74452E-03
2.03676E-07 1.04828E-02
2.03830E-07 4.28607E-03
2.03984E-07 -5.54551E-03
2.04138E-07 -1.06293E-02
2.04292E-07 -6.64736E-03
2.04446E-07 2.98612E-03
2.04601E-07 1.00522E-02
2.04755E-07 8.53916E-03
2.04909E-07 -2.42895E-04
2.05063E-07 -8.79617E-03
2.05217E-07 -9.83644E-03
2.05371E-07 -2.49640E-03
2.05525E-07 6.95159E-03
2.05679E-07 1.04555E-02
2.05833E-07 5.04569E-03
2.05987E-07 -4.64814E-03
2.06141E-07 -1.03592E-02
2.06295E-07 -7.23315E-03
2.06449E-07 2.04572E-03
2.06603E-07 9.55941E-03
2.06757E-07 8.91282E-03
2.06912E-07 6.76662E-04
2.07066E-07 -8.11565E-03
2.07220E-07 -9.97427E-03
2.07374E-07 -3.33313E-03
2.07528E-07 6.13071E-03
2.07682E-07 1.03499E-02
2.07836E-07 5.74365E-03
2.07990E-07 -3.74340E-03
2.08144E-07 -1.00192E-02
2.08298E-07 -7.74621E-03
2.08452E-07 1.11886E-03
2.08606E-07 9.00961E-03
2.08760E-07 9.20766E-03
2.08914E-07 1.56284E-03
2.09068E-07 -7.39476E-03
2.09223E-07 -1.00326E-02
2.09377E-07 -4.11905E-03
2.09531E-07 5.28869E-03
2.09685E-07 1.01695E-02
2.09839E-07 6.37695E-03
2.09993E-07 -2.83803E-03
2.10147E-07 -9.61391E-03
2.10301E-07 -8.18521E-03
2.10455E-07 2.11780E-04
2.10609E-07 8.40858E-03
2.10763E-07 9.42413E-03
2.10917E-07 2.41034E-03
2.11071E-07 -6.63999E-03
2.11225E-07 -1.00135E-02
2.11379E-07 -4.85015E-03
2.11534E-07 4.43228E-03
2.11688E-07 9.91787E-03
2.11842E-07 6.94310E-03
2.11996E-07 -1.93858E-03
2.12150E-07 -9.14847E-03
2.12304E-07 -8.54937E-03
2.12458E-07 -6.69633E-04
2.12612E-07 7.76230E-03
2.12766E-07 9.56317E-03
2.12920E-07 3.21430E-03
2.13074E-07 -5.85784E-03
2.13228E-07 -9.91967E-03
2.13382E-07 -5.52292E-03
2.13536E-07 3.56809E-03
2.13690E-07 9.59918E-03
2.13845E-07 7.44018E-03
2.13999E-07 -1.05132E-03
2.14153E-07 -8.62809E-03
2.14307E-07 -8.83846E-03
2.14461E-07 -1.51987E-03
2.14615E-07 7.07684E-03
2.14769E-07 9.62623E-03
2.14923E-07 3.97035E-03
2.15077E-07 -5.05480E-03
2.15231E-07 -9.75410E-03
2.15385E-07 -6.13438E-03
2.15539E-07 2.70256E-03
2.15693E-07 9.21779E-03
2.15847E-07 7.86680E-03
2.16001E-07 -1.82213E-04
2.16156E-07 -8.05822E-03
2.16310E-07 -9.05275E-03
2.16464E-07 -2.33382E-03
2.16618E-07 6.35834E-03
2.16772E-07 9.61526E-03
2.16926E-07 4.67455E-03
2.17080E-07 -4.23726E-03
2.17234E-07 -9.52022E-03
2.17388E-07 -6.68207E-03
2.17542E-07 1.84193E-03
2.17696E-07 8.77842E-03
2.17850E-07 8.22211E-03
2.18004E-07 6.63075E-04
2.18158E-07 -7.44450E-03
2.18312E-07 -9.19306E-03
2.18467E-07 -3.10678E-03
2.18621E-07 5.61297E-03
2.18775E-07 9.53264E-03
2.18929E-07 5.32350E-03
2.19083E-07 -3.41155E-03
2.19237E-07 -9.22185E-03
2.19391E-07 -7.16405E-03
2.19545E-07 9.92207E-04
2.19699E-07 8.28599E-03
2.19853E-07 8.50577E-03
2.20007E-07 1.47923E-03
2.20161E-07 -6.79267E-03
2.20315E-07 -9.26067E-03
2.20469E-07 -3.83448E-03
2.20623E-07 4.84691E-03
2.20778E-07 9.38117E-03
2.20932E-07 5.91424E-03
2.21086E-07 -2.58381E-03
2.21240E-07 -8.86310E-03
2.21394E-07 -7.57890E-03
2.21548E-07 1.59150E-04
2.21702E-07 7.74567E-03
2.21856E-07 8.71797E-03
2.22010E-07 2.26130E-03
2.22164E-07 -6.10858E-03
2.22318E-07 -9.25732E-03
2.22472E-07 -4.51311E-03
2.22626E-07 4.06628E-03
2.22780E-07 9.16405E-03
2.22934E-07 6.44432E-03
2.23089E-07 -1.76005E-03
2.23243E-07 -8.44839E-03
2.23397E-07 -7.92569E-03
2.23551E-07 -6.51784E-04
2.23705E-07 7.16279E-03
2.23859E-07 8.85934E-03
2.24013E-07 3.00473E-03
2.24167E-07 -5.39810E-03
2.24321E-07 -9.18519E-03
2.24475E-07 -5.13928E-03
2.24629E-07 3.27710E-03
2.24783E-07 8.88481E-03
2.24937E-07 6.91177E-03
2.25091E-07 -9.46048E-04
2.25245E-07 -7.98237E-03
2.25400E-07 -8.20398E-03
2.25554E-07 -1.43545E-03
2.25708E-07 6.54280E-03
2.25862E-07 8.93101E-03
2.26016E-07 3.70534E-03
2.26170E-07 -4.66711E-03
2.26324E-07 -9.04686E-03
2.26478E-07 -5.71009E-03
2.26632E-07 2.48529E-03
2.26786E-07 8.54731E-03
2.26940E-07 7.31513E-03
2.27094E-07 -1.47333E-04
2.27248E-07 -7.46991E-03
2.27402E-07 -8.41383E-03
2.27556E-07 -2.18706E-03
2.27711E-07 5.89125E-03
2.27865E-07 8.93453E-03
2.28019E-07 4.35939E-03
2.28173E-07 -3.92146E-03
2.28327E-07 -8.84528E-03
2.28481E-07 -6.22309E-03
2.28635E-07 1.69659E-03
2.28789E-07 8.15569E-03
2.28943E-07 7.65341E-03
2.29097E-07 6.30830E-04
2.29251E-07 -6.91605E-03
2.29405E-07 -8.55575E-03
2.29559E-07 -2.90218E-03
2.29713E-07 5.21372E-03
2.29867E-07 8.87190E-03
2.30022E-07 4.96358E-03
2.30176E-07 -3.16691E-03
2.30330E-07 -8.58376E-03
2.30484E-07 -6.67630E-03
2.30638E-07 9.16538E-04
2.30792E-07 7.71434E-03
2.30946E-07 7.92608E-03
2.31100E-07 1.38348E-03
2.31254E-07 -6.32597E-03
2.31408E-07 -8.63072E-03
2.31562E-07 -3.57676E-03
2.31716E-07 4.51581E-03
2.31870E-07 8.74548E-03
2.32024E-07 5.51505E-03
2.32178E-07 -2.40910E-03
2.32333E-07 -8.26590E-03
2.32487E-07 -7.06825E-03
2.32641E-07 1.50468E-04
2.32795E-07 7.22786E-03
2.32949E-07 8.13313E-03
2.33103E-07 2.10598E-03
2.33257E-07 -5.70492E-03
2.33411E-07 -8.64015E-03
2.33565E-07 -4.20716E-03
2.33719E-07 3.80311E-03
2.33873E-07 8.55804E-03
2.34027E-07 6.01138E-03
2.34181E-07 -1.65356E-03
2.34335E-07 -7.89562E-03
2.34489E-07 -7.39789E-03
2.34644E-07 -5.96552E-04
2.34798E-07 6.70104E-03
2.34952E-07 8.27495E-03
2.35106E-07 2.79404E-03
2.35260E-07 -5.05826E-03
2.35414E-07 -8.58587E-03
2.35568E-07 -4.79015E-03
2.35722E-07 3.08114E-03
2.35876E-07 8.31267E-03
2.36030E-07 6.45061E-03
2.36184E-07 -9.05616E-04
2.36338E-07 -7.47707E-03
2.36492E-07 -7.66466E-03
2.36646E-07 -1.31972E-03
2.36800E-07 6.13880E-03
2.36955E-07 8.35241E-03
2.37109E-07 3.44372E-03
2.37263E-07 -4.39133E-03
2.37417E-07 -8.47008E-03
2.37571E-07 -5.32291E-03
2.37725E-07 2.35534E-03
2.37879E-07 8.01278E-03
2.38033E-07 6.83123E-03
2.38187E-07 -1.70410E-04
2.38341E-07 -7.01462E-03
2.38495E-07 -7.86844E-03
2.38649E-07 -2.01455E-03
2.38803E-07 5.54617E-03
2.38957E-07 8.36677E-03
2.39111E-07 4.05144E-03
2.39266E-07 -3.70948E-03
2.39420E-07 -8.29534E-03
2.39574E-07 -5.80303E-03
2.39728E-07 1.63099E-03
2.39882E-07 7.66205E-03
2.40036E-07 7.15214E-03
2.40190E-07 5.47155E-04
2.40344E-07 -6.51281E-03
2.40498E-07 -8.00952E-03
2.40652E-07 -2.67684E-03
2.40806E-07 4.92824E-03
2.40960E-07 8.31968E-03
2.41114E-07 4.61405E-03
2.41268E-07 -3.01801E-03
2.41422E-07 -8.06454E-03
2.41577E-07 -6.22856E-03
2.41731E-07 9.13250E-04
2.41885E-07 7.26439E-03
2.42039E-07 7.41273E-03
2.42193E-07 1.24243E-03
2.42347E-07 -5.97630E-03
2.42501E-07 -8.08863E-03
2.42655E-07 -3.30277E-03
2.42809E-07 4.29012E-03
2.42963E-07 8.21319E-03
2.43117E-07 5.12875E-03
2.43271E-07 -2.32212E-03
2.43425E-07 -7.78089E-03
2.43579E-07 -6.59794E-03
2.43733E-07 2.07062E-04
2.43888E-07 6.82394E-03
2.44042E-07 7.61277E-03
2.44196E-07 1.91107E-03
2.44350E-07 -5.40990E-03
2.44504E-07 -8.10691E-03
2.44658E-07 -3.88886E-03
2.44812E-07 3.63692E-03
2.44966E-07 8.04968E-03
2.45120E-07 5.59317E-03
2.45274E-07 -1.62691E-03
2.45428E-07 -7.44784E-03
2.45582E-07 -6.91007E-03
2.45736E-07 -4.82843E-04
2.45890E-07 6.34501E-03
2.46044E-07 7.75248E-03
2.46199E-07 2.54901E-03
2.46353E-07 -4.81846E-03
2.46507E-07 -8.06588E-03
2.46661E-07 -4.43200E-03
2.46815E-07 2.97373E-03
2.46969E-07 7.83185E-03
2.47123E-07 6.00536E-03
2.47277E-07 -9.37319E-04
2.47431E-07 -7.06911E-03
2.47585E-07 -7.16427E-03
2.47739E-07 -1.15198E-03
2.47893E-07 5.83205E-03
2.48047E-07 7.83249E-03
2.48201E-07 3.15253E-03
2.48355E-07 -4.20687E-03
2.48510E-07 -7.96741E-03
2.48664E-07 -4.92947E-03
2.48818E-07 2.30554E-03
2.48972E-07 7.56272E-03
2.49126E-07 6.36378E-03
2.49280E-07 -2.58128E-04
2.49434E-07 -6.64863E-03
2.49588E-07 -7.36026E-03
2.49742E-07 -1.79612E-03
2.49896E-07 5.28965E-03
2.50050E-07 7.85383E-03
2.50204E-07 3.71823E-03
2.50358E-07 -3.58004E-03
2.50512E-07 -7.81375E-03
2.50666E-07 -5.37893E-03
2.50821E-07 1.63726E-03
2.50975E-07 7.24557E-03
2.51129E-07 6.66730E-03
2.51283E-07 4.06088E-04
2.51437E-07 -6.19050E-03
2.51591E-07 -7.49820E-03
2.51745E-07 -2.41132E-03
2.51899E-07 4.72245E-03
2.52053E-07 7.81789E-03
2.52207E-07 4.24307E-03
2.52361E-07 -2.94285E-03
2.52515E-07 -7.60745E-03
2.52669E-07 -5.77842E-03
2.52823E-07 9.73673E-04
2.52977E-07 6.88394E-03
2.53132E-07 6.91518E-03
2.53286E-07 1.05097E-03
2.53440E-07 -5.69899E-03
2.53594E-07 -7.57861E-03
2.53748E-07 -2.99394E-03
2.53902E-07 4.13515E-03
2.54056E-07 7.72642E-03
2.54210E-07 4.72436E-03
2.54364E-07 -2.30013E-03
2.54518E-07 -7.35135E-03
2.54672E-07 -6.12640E-03
2.54826E-07 3.19397E-04
2.54980E-07 6.48156E-03
2.55134E-07 7.10709E-03
2.55288E-07 1.67242E-03
2.55443E-07 -5.17848E-03
2.55597E-07 -7.60241E-03
2.55751E-07 -3.54067E-03
2.55905E-07 3.53247E-03
2.56059E-07 7.58150E-03
2.56213E-07 5.15978E-03
2.56367E-07 -1.65661E-03
2.56521E-07 -7.04856E-03
2.56675E-07 -6.42170E-03
2.56829E-07 -3.21134E-04
2.56983E-07 6.04235E-03
2.57137E-07 7.24309E-03
2.57291E-07 2.26659E-03
2.57445E-07 -4.63341E-03
2.57599E-07 -7.57086E-03
2.57754E-07 -4.04850E-03
2.57908E-07 2.91911E-03
2.58062E-07 7.38553E-03
2.58216E-07 5.54739E-03
2.58370E-07 -1.01690E-03
2.58524E-07 -6.70242E-03
2.58678E-07 -6.66353E-03
2.58832E-07 -9.43698E-04
2.58986E-07 5.57037E-03
2.59140E-07 7.32363E-03
2.59294E-07 2.82993E-03
2.59448E-07 -4.06830E-03
2.59602E-07 -7.48558E-03
2.59756E-07 -4.51480E-03
2.59910E-07 2.29969E-03
2.60065E-07 7.14118E-03
2.60219E-07 5.88562E-03
2.60373E-07 -3.85460E-04
2.60527E-07 -6.31647E-03
2.60681E-07 -6.85152E-03
2.60835E-07 -1.54431E-03
2.60989E-07 5.06979E-03
2.61143E-07 7.34951E-03
2.61297E-07 3.35921E-03
2.61451E-07 -3.48766E-03
2.61605E-07 -7.34852E-03
2.61759E-07 -4.93729E-03
2.61913E-07 1.67878E-03
2.62067E-07 6.85140E-03
2.62221E-07 6.17330E-03
2.62376E-07 2.33420E-04
2.62530E-07 -5.89446E-03
2.62684E-07 -6.98567E-03
2.62838E-07 -2.11925E-03
2.62992E-07 4.54489E-03
2.63146E-07 7.32190E-03
2.63300E-07 3.85149E-03
2.63454E-07 -2.89601E-03
2.63608E-07 -7.16194E-03
2.63762E-07 -5.31404E-03
2.63916E-07 1.06084E-03
2.64070E-07 6.51936E-03
2.64224E-07 6.40963E-03
2.64378E-07 8.35647E-04
2.64532E-07 -5.44027E-03
2.64687E-07 -7.06635E-03
2.64841E-07 -2.66504E-03
2.64995E-07 4.00000E-03
2.65149E-07 7.24232E-03
2.65303E-07 4.30419E-03
2.65457E-07 -2.29783E-03
2.65611E-07 -6.92836E-03
2.65765E-07 -5.64348E-03
2.65919E-07 4.50182E-04
2.66073E-07 6.14847E-03
2.66227E-07 6.59418E-03
2.66381E-07 1.41734E-03
2.66535E-07 -4.95793E-03
2.66689E-07 -7.09428E-03
2.66843E-07 -3.17853E-03
2.66998E-07 3.43948E-03
2.67152E-07 7.11258E-03
2.67306E-07 4.71505E-03
2.67460E-07 -1.69752E-03
2.67614E-07 -6.65061E-03
2.67768E-07 -5.92443E-03
2.67922E-07 -1.49024E-04
2.68076E-07 5.74229E-03
2.68230E-07 6.72688E-03
2.68384E-07 1.97487E-03
2.68538E-07 -4.45153E-03
2.68692E-07 -7.07053E-03
2.68846E-07 -3.65683E-03
2.69000E-07 2.86769E-03
2.69154E-07 6.93483E-03
2.69309E-07 5.08215E-03
2.69463E-07 -1.09942E-03
2.69617E-07 -6.33169E-03
2.69771E-07 -6.15605E-03
2.69925E-07 -7.32791E-04
2.70079E-07 5.30455E-03
2.70233E-07 6.80803E-03
2.70387E-07 2.50484E-03
2.70541E-07 -3.92524E-03
2.70695E-07 -6.99651E-03
2.70849E-07 -4.09738E-03
2.71003E-07 2.28896E-03
2.71157E-07 6.71145E-03
2.71311E-07 5.40391E-03
2.71465E-07 -5.07711E-04
2.71620E-07 -5.97485E-03
2.71774E-07 -6.33784E-03
2.71928E-07 -1.29734E-03
2.72082E-07 4.83911E-03
2.72236E-07 6.83826E-03
2.72390E-07 3.00413E-03
2.72544E-07 -3.38327E-03
2.72698E-07 -6.87390E-03
2.72852E-07 -4.49794E-03
2.73006E-07 1.70755E-03
2.73160E-07 6.44509E-03
2.73314E-07 5.67911E-03
2.73468E-07 7.35601E-05
2.73622E-07 -5.58350E-03
2.73776E-07 -6.46968E-03
2.73931E-07 -1.83912E-03
2.74085E-07 4.34990E-03
2.74239E-07 6.81854E-03
2.74393E-07 3.46993E-03
2.74547E-07 -2.82982E-03
2.74701E-07 -6.70472E-03
2.74855E-07 -4.85660E-03
2.75009E-07 1.12765E-03
2.75163E-07 6.13863E-03
2.75317E-07 5.90689E-03
2.75471E-07 6.40525E-04
2.75625E-07 -5.16121E-03
2.75779E-07 -6.55180E-03
2.75933E-07 -2.35482E-03
2.76087E-07 3.84093E-03
2.76242E-07 6.75016E-03
2.76396E-07 3.89971E-03
2.76550E-07 -2.26905E-03
2.76704E-07 -6.49121E-03
2.76858E-07 -5.17180E-03
2.77012E-07 5.53300E-04
2.77166E-07 5.79517E-03
2.77320E-07 6.08672E-03
2.77474E-07 1.18951E-03
2.77628E-07 -4.71166E-03
2.77782E-07 -6.58476E-03
2.77936E-07 -2.84141E-03
2.78090E-07 3.31625E-03
2.78244E-07 6.63473E-03
2.78398E-07 4.29128E-03
2.78553E-07 -1.70510E-03
2.78707E-07 -6.23591E-03
2.78861E-07 -5.44230E-03
2.79015E-07 -1.15584E-05
2.79169E-07 5.41796E-03
2.79323E-07 6.21843E-03
2.79477E-07 1.71705E-03
2.79631E-07 -4.23865E-03
2.79785E-07 -6.56944E-03
2.79939E-07 -3.29611E-03
2.80093E-07 2.77990E-03
2.80247E-07 6.47412E-03
2.80401E-07 4.64272E-03
2.80555E-07 -1.14202E-03
2.80709E-07 -5.94157E-03
2.80864E-07 -5.66721E-03
2.81018E-07 -5.63161E-04
2.81172E-07 5.01043E-03
2.81326E-07 6.30219E-03
2.81480E-07 2.21991E-03
2.81634E-07 -3.74605E-03
2.81788E-07 -6.50705E-03
2.81942E-07 -3.71644E-03
2.82096E-07 2.23595E-03
2.82250E-07 6.27048E-03
2.82404E-07 4.95249E-03
2.82558E-07 -5.83754E-04
2.82712E-07 -5.61114E-03
2.82866E-07 -5.84597E-03
2.83020E-07 -1.09792E-03
2.83175E-07 4.57615E-03
2.83329E-07 6.33848E-03
2.83483E-07 2.69510E-03
2.83637E-07 -3.23778E-03
2.83791E-07 -6.39907E-03
2.83945E-07 -4.10021E-03
2.84099E-07 1.68840E-03
2.84253E-07 6.02623E-03
2.84407E-07 5.21931E-03
2.84561E-07 -3.41325E-05
2.84715E-07 -5.24776E-03
2.84869E-07 -5.97835E-03
2.85023E-07 -1.61243E-03
2.85177E-07 4.11876E-03
2.85331E-07 6.32810E-03
2.85486E-07 3.13989E-03
2.85640E-07 -2.71775E-03
2.85794E-07 -6.24730E-03
2.85948E-07 -4.44553E-03
2.86102E-07 1.14118E-03
2.86256E-07 5.74397E-03
2.86410E-07 5.44227E-03
2.86564E-07 5.03167E-04
2.86718E-07 -4.85471E-03
2.86872E-07 -6.06445E-03
2.87026E-07 -2.10354E-03
2.87180E-07 3.64200E-03
2.87334E-07 6.27215E-03
2.87488E-07 3.55181E-03
2.87642E-07 -2.18988E-03
2.87797E-07 -6.05374E-03
2.87951E-07 -4.75080E-03
2.88105E-07 5.98122E-04
2.88259E-07 5.42653E-03
2.88413E-07 5.62075E-03
2.88567E-07 1.02464E-03
2.88721E-07 -4.43540E-03
2.88875E-07 -6.10467E-03
2.89029E-07 -2.56829E-03
2.89183E-07 3.14963E-03
2.89337E-07 6.17202E-03
2.89491E-07 3.92870E-03
2.89645E-07 -1.65805E-03
2.89799E-07 -5.82067E-03
2.89953E-07 -5.01477E-03
2.90108E-07 6.29520E-05
2.90262E-07 5.07688E-03
2.90416E-07 5.75448E-03
2.90570E-07 1.52698E-03
2.90724E-07 -3.99333E-03
2.90878E-07 -6.09972E-03
2.91032E-07 -3.00401E-03
2.91186E-07 2.64543E-03
2.91340E-07 6.02937E-03
2.91494E-07 4.26868E-03
2.91648E-07 -1.12607E-03
2.91802E-07 -5.55059E-03
2.91956E-07 -5.23648E-03
2.92110E-07 -4.60757E-04
2.92264E-07 4.69819E-03
2.92419E-07 5.84349E-03
2.92573E-07 2.00708E-03
2.92727E-07 -3.53211E-03
2.92881E-07 -6.05063E-03
2.93035E-07 -3.40829E-03
2.93189E-07 2.13320E-03
2.93343E-07 5.84612E-03
2.93497E-07 4.57017E-03
2.93651E-07 -5.97664E-04
2.93805E-07 -5.24618E-03
2.93959E-07 -5.41530E-03
2.94113E-07 -9.69589E-04
2.94267E-07 4.29374E-03
2.94421E-07 5.88813E-03
2.94575E-07 2.46207E-03
2.94730E-07 -3.05537E-03
2.94884E-07 -5.95869E-03
2.95038E-07 -3.77896E-03
2.95192E-07 1.61670E-03
2.95346E-07 5.62445E-03
2.95500E-07 4.83190E-03
2.95654E-07 -7.64503E-05
2.95808E-07 -4.91033E-03
2.95962E-07 -5.55091E-03
2.96116E-07 -1.46031E-03
2.96270E-07 3.86690E-03
2.96424E-07 5.88905E-03
2.96578E-07 2.88931E-03
2.96732E-07 -2.56678E-03
2.96886E-07 -5.82548E-03
2.97041E-07 -4.11417E-03
2.97195E-07 1.09963E-03
2.97349E-07 5.36672E-03
2.97503E-07 5.05288E-03
2.97657E-07 4.34077E-04
2.97811E-07 -4.54605E-03
2.97965E-07 -5.64328E-03
2.98119E-07 -1.92986E-03
2.98273E-07 3.42115E-03
2.98427E-07 5.84718E-03
2.98581E-07 3.28640E-03
2.98735E-07 -2.07003E-03
2.98889E-07 -5.65281E-03
2.99043E-07 -4.41234E-03
2.99197E-07 5.85619E-04
2.99352E-07 5.07551E-03
2.99506E-07 5.23246E-03
2.99660E-07 9.30572E-04
2.99814E-07 -4.15651E-03
2.99968E-07 -5.69271E-03
3.00122E-07 -2.37543E-03
3.00276E-07 2.96001E-03
3.00430E-07 5.76373E-03
3.00584E-07 3.65120E-03
3.00738E-07 -1.56875E-03
3.00892E-07 -5.44274E-03
3.01046E-07 -4.67215E-03
3.01200E-07 7.82040E-05
3.01354E-07 4.75358E-03
3.01508E-07 5.37024E-03
3.01663E-07 1.40986E-03
3.01817E-07 -3.74496E-03
3.01971E-07 -5.69974E-03
3.02125E-07 -2.79439E-03
3.02279E-07 2.48704E-03
3.02433E-07 5.64016E-03
3.02587E-07 3.98186E-03
3.02741E-07 -1.06654E-03
3.02895E-07 -5.19751E-03
3.03049E-07 -4.89261E-03
3.03203E-07 -4.19211E-04
3.03357E-07 4.40381E-03
3.03511E-07 5.46616E-03
3.03665E-07 1.86896E-03
3.03819E-07 -3.31475E-03
3.03974E-07 -5.66524E-03
3.04128E-07 -3.18438E-03
3.04282E-07 2.00579E-03
3.04436E-07 5.47817E-03
3.04590E-07 4.27678E-03
3.04744E-07 -5.66945E-04
3.04898E-07 -4.91958E-03
3.05052E-07 -5.07301E-03
3.05206E-07 -9.03368E-04
3.05360E-07 4.02924E-03
3.05514E-07 5.52042E-03
3.05668E-07 2.30509E-03
3.05822E-07 -2.86926E-03
3.05976E-07 -5.59030E-03
3.06130E-07 -3.54331E-03
3.06285E-07 1.51977E-03
3.06439E-07 5.27972E-03
3.06593E-07 4.53465E-03
3.06747E-07 -7.33747E-05
3.06901E-07 -4.61159E-03
3.07055E-07 -5.21293E-03
3.07209E-07 -1.37117E-03
3.07363E-07 3.63301E-03
3.07517E-07 5.53352E-03
3.07671E-07 2.71570E-03
3.07825E-07 -2.41194E-03
3.07979E-07 -5.47631E-03
