0.00000E+00 0.00000E+00
1.54067E-10 0.00000E+00
3.08133E-10 0.00000E+00
4.62200E-10 0.00000E+00
6.16267E-10 0.00000E+00
7.70333E-10 0.00000E+00
9.24400E-10 0.00000E+00
1.07847E-09 0.00000E+00
1.23253E-09 0.00000E+00
1.38660E-09 0.00000E+00
1.54067E-09 0.00000E+00
1.69473E-09 0.00000E+00
1.84880E-09 0.00000E+00
2.00287E-09 0.00000E+00
2.15693E-09 0.00000E+00
2.31100E-09 0.00000E+00
2.46507E-09 0.00000E+00
2.61913E-09 0.00000E+00
2.77320E-09 0.00000E+00
2.92727E-09 0.00000E+00
3.08133E-09 0.00000E+00
3.23540E-09 0.00000E+00
3.38947E-09 0.00000E+00
3.54353E-09 0.00000E+00
3.69760E-09 0.00000E+00
3.85167E-09 0.00000E+00
4.00573E-09 0.00000E+00
4.15980E-09 0.00000E+00
4.31387E-09 0.00000E+00
4.46793E-09 0.00000E+00
4.62200E-09 0.00000E+00
4.77607E-09 0.00000E+00
4.93013E-09 0.00000E+00
5.08420E-09 0.00000E+00
5.23827E-09 0.00000E+00
5.39233E-09 0.00000E+00
5.54640E-09 0.00000E+00
5.70047E-09 0.00000E+00
5.85453E-09 0.00000E+00
6.00860E-09 0.00000E+00
6.16267E-09 0.00000E+00
6.31673E-09 0.00000E+00
6.47080E-09 0.00000E+00
6.62487E-09 0.00000E+00
6.77893E-09 0.00000E+00
6.93300E-09 0.00000E+00
7.08707E-09 0.00000E+00
7.24113E-09 0.00000E+00
7.39520E-09 0.00000E+00
7.54927E-09 0.00000E+00
7.70333E-09 0.00000E+00
7.85740E-09 0.00000E+00
8.01147E-09 7.04953E-319
8.16553E-09 6.15001E-307
8.31960E-09 2.94928E-295
8.47367E-09 7.81339E-284
8.62773E-09 1.14353E-272
8.78180E-09 9.24567E-262
8.93587E-09 4.12966E-251
9.08993E-09 1.01900E-240
9.24400E-09 1.38904E-230
9.39807E-09 1.04603E-220
9.55213E-09 4.35165E-211
9.70620E-09 1.00011E-201
9.86027E-09 1.26978E-192
1.00143E-08 8.90615E-184
1.01684E-08 3.45093E-175
1.03225E-08 7.38698E-167
1.04765E-08 8.73538E-159
1.06306E-08 5.70665E-151
1.07847E-08 2.05952E-143
1.09387E-08 4.10617E-136
1.10928E-08 4.52269E-129
1.12469E-08 2.75200E-122
1.14009E-08 9.25122E-116
1.15550E-08 1.71815E-109
1.17091E-08 1.76302E-103
1.18631E-08 9.99598E-98
1.20172E-08 3.13213E-92
1.21713E-08 5.42540E-87
1.23253E-08 5.19800E-82
1.24794E-08 2.75728E-77
1.26335E-08 8.11199E-73
1.27875E-08 1.32781E-68
1.29416E-08 1.21590E-64
1.30957E-08 6.28791E-61
1.32497E-08 1.86520E-57
1.34038E-08 3.25091E-54
1.35579E-08 3.44311E-51
1.37119E-08 2.30863E-48
1.38660E-08 1.02254E-45
1.40201E-08 3.10853E-43
1.41741E-08 6.69693E-41
1.43282E-08 1.05012E-38
1.44823E-08 1.22693E-36
1.46363E-08 1.09157E-34
1.47904E-08 7.54889E-33
1.49445E-08 4.13792E-31
1.50985E-08 1.83080E-29
1.52526E-08 6.64781E-28
1.54067E-08 2.01101E-26
1.55607E-08 5.13679E-25
1.57148E-08 1.12131E-23
1.58689E-08 2.11432E-22
1.60229E-08 3.47691E-21
1.61770E-08 5.02939E-20
1.63311E-08 6.44881E-19
1.64851E-08 7.38055E-18
1.66392E-08 7.58663E-17
1.67933E-08 7.04376E-16
1.69473E-08 5.93701E-15
1.71014E-08 4.56399E-14
1.72555E-08 3.21336E-13
1.74095E-08 2.08005E-12
1.75636E-08 1.24222E-11
1.77177E-08 6.86627E-11
1.78717E-08 3.52292E-10
1.80258E-08 1.68229E-09
1.81799E-08 7.49499E-09
1.83339E-08 3.12236E-08
1.84880E-08 1.21877E-07
1.86421E-08 4.46569E-07
1.87961E-08 1.53858E-06
1.89502E-08 4.99206E-06
1.91043E-08 1.52743E-05
1.92583E-08 4.41264E-05
1.94124E-08 1.20491E-04
1.95665E-08 3.11269E-04
1.97205E-08 7.61329E-04
1.98746E-08 1.76413E-03
2.00287E-08 3.87437E-03
2.01827E-08 8.06656E-03
2.03368E-08 1.59223E-02
2.04909E-08 2.97890E-02
2.06449E-08 5.27976E-02
2.07990E-08 8.85710E-02
2.09531E-08 1.40442E-01
2.11071E-08 2.10071E-01
2.12612E-08 2.95574E-01
2.14153E-08 3.89602E-01
2.15693E-08 4.78222E-01
2.17234E-08 5.41662E-01
2.18775E-08 5.57789E-01
2.20315E-08 5.08427E-01
2.21856E-08 3.87221E-01
2.23397E-08 2.06364E-01
2.24937E-08 -1.35028E-03
2.26478E-08 -1.87994E-01
2.28019E-08 -3.03857E-01
2.29559E-08 -3.15334E-01
2.31100E-08 -2.20594E-01
2.32641E-08 -5.52033E-02
2.34181E-08 1.17338E-01
2.35722E-08 2.28939E-01
2.37263E-08 2.35603E-01
2.38803E-08 1.38406E-01
2.40344E-08 -1.47609E-02
2.41885E-08 -1.50014E-01
2.43425E-08 -2.02702E-01
2.44966E-08 -1.50009E-01
2.46507E-08 -2.33622E-02
2.48047E-08 1.07547E-01
2.49588E-08 1.72092E-01
2.51129E-08 1.37581E-01
2.52669E-08 2.75466E-02
2.54210E-08 -9.19417E-02
2.55751E-08 -1.50985E-01
2.57291E-08 -1.17179E-01
2.58832E-08 -1.46258E-02
2.60373E-08 9.14459E-02
2.61913E-08 1.35460E-01
2.63454E-08 9.24045E-02
2.64995E-08 -7.06504E-03
2.66535E-08 -9.71785E-02
2.68076E-08 -1.20114E-01
2.69617E-08 -6.34929E-02
2.71157E-08 3.24032E-02
2.72698E-08 1.02431E-01
2.74239E-08 1.00667E-01
2.75779E-08 3.09352E-02
2.77320E-08 -5.68879E-02
2.78861E-08 -1.02017E-01
2.80401E-08 -7.48542E-02
2.81942E-08 3.21618E-03
2.83483E-08 7.59232E-02
2.85023E-08 9.23917E-02
2.86564E-08 4.28998E-02
2.88105E-08 -3.52002E-02
2.89645E-08 -8.52242E-02
2.91186E-08 -7.22203E-02
2.92727E-08 -7.60439E-03
2.94267E-08 6.02004E-02
2.95808E-08 8.18085E-02
2.97349E-08 4.29015E-02
2.98889E-08 -2.61283E-02
3.00430E-08 -7.35784E-02
3.01971E-08 -6.50767E-02
3.03511E-08 -8.60882E-03
3.05052E-08 5.24179E-02
3.06593E-08 7.23565E-02
3.08133E-08 3.74925E-02
3.09674E-08 -2.44259E-02
3.11215E-08 -6.60251E-02
3.12755E-08 -5.64878E-02
3.14296E-08 -4.46914E-03
3.15837E-08 4.93807E-02
3.17377E-08 6.40514E-02
3.18918E-08 2.94270E-02
3.20459E-08 -2.66948E-02
3.21999E-08 -6.07462E-02
3.23540E-08 -4.71709E-02
3.25081E-08 2.33343E-03
3.26621E-08 4.86642E-02
3.28162E-08 5.61138E-02
3.29703E-08 1.99145E-02
3.31243E-08 -3.07511E-02
3.32784E-08 -5.61547E-02
3.34325E-08 -3.71536E-02
3.35865E-08 1.03410E-02
3.37406E-08 4.85384E-02
3.38947E-08 4.77779E-02
3.40487E-08 9.57526E-03
3.42028E-08 -3.52317E-02
3.43569E-08 -5.13189E-02
3.45109E-08 -2.67440E-02
3.46650E-08 1.81524E-02
3.48191E-08 4.74804E-02
3.49731E-08 3.84861E-02
3.51272E-08 -7.14984E-04
3.52813E-08 -3.82032E-02
3.54353E-08 -4.40797E-02
3.55894E-08 -1.42222E-02
3.57435E-08 2.68748E-02
3.58975E-08 4.60877E-02
3.60516E-08 2.81973E-02
3.62057E-08 -1.22639E-02
3.63597E-08 -4.30349E-02
3.65138E-08 -4.00312E-02
3.66679E-08 -6.25625E-03
3.68219E-08 3.11907E-02
3.69760E-08 4.31585E-02
3.71301E-08 2.15354E-02
3.72841E-08 -1.50550E-02
3.74382E-08 -3.70449E-02
3.75923E-08 -2.79501E-02
3.77463E-08 2.92273E-03
3.79004E-08 2.90391E-02
3.80545E-08 2.89503E-02
3.82085E-08 3.81221E-03
3.83626E-08 -2.41584E-02
3.85167E-08 -3.06839E-02
3.86707E-08 -9.92363E-03
3.88248E-08 2.05786E-02
3.89789E-08 3.45797E-02
3.91329E-08 1.92530E-02
3.92870E-08 -1.36656E-02
3.94411E-08 -3.71121E-02
3.95951E-08 -3.09194E-02
3.97492E-08 1.18321E-03
3.99033E-08 3.39324E-02
4.00573E-08 4.06625E-02
4.02114E-08 1.50327E-02
4.03655E-08 -2.33422E-02
4.05195E-08 -4.41749E-02
4.06736E-08 -3.06240E-02
4.08277E-08 7.07740E-03
4.09817E-08 3.95015E-02
4.11358E-08 4.12330E-02
4.12899E-08 1.09504E-02
4.14439E-08 -2.75771E-02
4.15980E-08 -4.43030E-02
4.17521E-08 -2.65236E-02
4.19061E-08 1.13873E-02
4.20602E-08 3.96350E-02
4.22143E-08 3.65608E-02
4.23683E-08 5.37139E-03
4.25224E-08 -2.89622E-02
4.26765E-08 -3.97557E-02
4.28305E-08 -1.94601E-02
4.29846E-08 1.50615E-02
4.31387E-08 3.65054E-02
4.32927E-08 2.87870E-02
4.34468E-08 -8.47831E-04
4.36009E-08 -2.84124E-02
4.37549E-08 -3.25990E-02
4.39090E-08 -1.12944E-02
4.40631E-08 1.76475E-02
4.42171E-08 3.13044E-02
4.43712E-08 1.98596E-02
4.45253E-08 -6.37891E-03
4.46793E-08 -2.61001E-02
4.48334E-08 -2.42822E-02
4.49875E-08 -3.62940E-03
4.51415E-08 1.85521E-02
4.52956E-08 2.47964E-02
4.54497E-08 1.12234E-02
4.56037E-08 -1.02290E-02
4.57578E-08 -2.21889E-02
4.59119E-08 -1.58948E-02
4.60659E-08 2.44140E-03
4.62200E-08 1.75269E-02
4.63741E-08 1.76954E-02
4.65281E-08 3.90080E-03
4.66822E-08 -1.19159E-02
4.68363E-08 -1.70832E-02
4.69903E-08 -8.32533E-03
4.71444E-08 6.31897E-03
4.72985E-08 1.47458E-02
4.74525E-08 1.07551E-02
4.76066E-08 -1.44833E-03
4.77607E-08 -1.14363E-02
4.79147E-08 -1.14152E-02
4.80688E-08 -2.27386E-03
4.82229E-08 7.84635E-03
4.83769E-08 1.07227E-02
4.85310E-08 4.70325E-03
4.86851E-08 -4.52075E-03
4.88391E-08 -9.17814E-03
4.89932E-08 -5.92933E-03
4.91473E-08 1.80464E-03
4.93013E-08 7.25913E-03
4.94554E-08 6.19373E-03
4.96095E-08 1.56043E-04
4.97635E-08 -5.34347E-03
4.99176E-08 -5.79211E-03
5.00717E-08 -1.35530E-03
5.02257E-08 3.70674E-03
5.03798E-08 5.03284E-03
5.05339E-08 1.88829E-03
5.06879E-08 -2.53688E-03
5.08420E-08 -4.24078E-03
5.09961E-08 -1.97556E-03
5.11501E-08 1.87477E-03
5.13042E-08 3.68691E-03
5.14583E-08 1.93389E-03
5.16123E-08 -1.55955E-03
5.17664E-08 -3.45309E-03
5.19205E-08 -2.01805E-03
5.20745E-08 1.32676E-03
5.22286E-08 3.41030E-03
5.23827E-08 2.27996E-03
5.25367E-08 -1.00405E-03
5.26908E-08 -3.37514E-03
5.28449E-08 -2.61183E-03
5.29989E-08 5.98696E-04
5.31530E-08 3.28251E-03
5.33071E-08 2.92106E-03
5.34611E-08 -1.99277E-04
5.36152E-08 -3.20311E-03
5.37693E-08 -3.24913E-03
5.39233E-08 -1.86046E-04
5.40774E-08 3.21375E-03
5.42315E-08 3.73177E-03
5.43855E-08 6.95728E-04
5.45396E-08 -3.25843E-03
5.46937E-08 -4.45598E-03
5.48477E-08 -1.53946E-03
5.50018E-08 3.11705E-03
5.51559E-08 5.33793E-03
5.53099E-08 2.85100E-03
5.54640E-08 -2.49599E-03
5.56181E-08 -6.10512E-03
5.57721E-08 -4.57188E-03
5.59262E-08 1.17432E-03
5.60803E-08 6.38487E-03
5.62343E-08 6.42849E-03
5.63884E-08 8.76907E-04
5.65425E-08 -5.84418E-03
5.66965E-08 -8.00386E-03
5.68506E-08 -3.45374E-03
5.70047E-08 4.31460E-03
5.71587E-08 8.86302E-03
5.73128E-08 6.16271E-03
5.74669E-08 -1.85723E-03
5.76209E-08 -8.67949E-03
5.77750E-08 -8.52157E-03
5.79291E-08 -1.24486E-03
5.80831E-08 7.32260E-03
5.82372E-08 1.00777E-02
5.83913E-08 4.55298E-03
5.85453E-08 -4.88711E-03
5.86994E-08 -1.05087E-02
5.88535E-08 -7.57050E-03
5.90075E-08 1.66755E-03
5.91616E-08 9.68396E-03
5.93157E-08 9.84308E-03
5.94697E-08 1.90726E-03
5.96238E-08 -7.67891E-03
5.97779E-08 -1.10389E-02
5.99319E-08 -5.35818E-03
6.00860E-08 4.74912E-03
6.02401E-08 1.09964E-02
6.03941E-08 8.23858E-03
6.05482E-08 -1.27530E-03
6.07023E-08 -9.73650E-03
6.08563E-08 -1.02009E-02
6.10104E-08 -2.30511E-03
6.11645E-08 7.44344E-03
6.13185E-08 1.10385E-02
6.14726E-08 5.56600E-03
6.16267E-08 -4.42354E-03
6.17807E-08 -1.07010E-02
6.19348E-08 -8.14971E-03
6.20889E-08 1.05179E-03
6.22429E-08 9.28493E-03
6.23970E-08 9.80660E-03
6.25511E-08 2.28351E-03
6.27051E-08 -7.00624E-03
6.28592E-08 -1.04147E-02
6.30133E-08 -5.23016E-03
6.31673E-08 4.16050E-03
6.33214E-08 9.98046E-03
6.34755E-08 7.50991E-03
6.36295E-08 -1.07941E-03
6.37836E-08 -8.62275E-03
6.39377E-08 -8.94157E-03
6.40917E-08 -1.91081E-03
6.42458E-08 6.54708E-03
6.43999E-08 9.44972E-03
6.45539E-08 4.52415E-03
6.47080E-08 -4.01350E-03
6.48621E-08 -9.06099E-03
6.50161E-08 -6.54082E-03
6.51702E-08 1.30303E-03
6.53243E-08 7.89011E-03
6.54783E-08 7.82371E-03
6.56324E-08 1.31519E-03
6.57865E-08 -6.11710E-03
6.59405E-08 -8.32309E-03
6.60946E-08 -3.61164E-03
6.62487E-08 3.95873E-03
6.64027E-08 8.06905E-03
6.65568E-08 5.41418E-03
6.67109E-08 -1.64055E-03
6.68649E-08 -7.15501E-03
6.70190E-08 -6.61411E-03
6.71731E-08 -6.24470E-04
6.73271E-08 5.71904E-03
6.74812E-08 7.16395E-03
6.76353E-08 2.64932E-03
6.77893E-08 -3.92829E-03
6.79434E-08 -7.07302E-03
6.80975E-08 -4.28189E-03
6.82515E-08 1.96643E-03
6.84056E-08 6.40375E-03
6.85597E-08 5.41396E-03
6.87137E-08 -2.02786E-05
6.88678E-08 -5.26684E-03
6.90219E-08 -5.99071E-03
6.91759E-08 -1.73720E-03
6.93300E-08 3.81098E-03
6.94841E-08 6.01701E-03
6.96381E-08 3.16631E-03
6.97922E-08 -2.20513E-03
6.99463E-08 -5.55568E-03
7.01003E-08 -4.17734E-03
7.02544E-08 6.15249E-04
7.04085E-08 4.71542E-03
7.05625E-08 4.73904E-03
7.07166E-08 8.18696E-04
7.08707E-08 -3.63016E-03
7.10247E-08 -4.87575E-03
7.11788E-08 -1.99945E-03
7.13329E-08 2.43541E-03
7.14869E-08 4.65405E-03
7.16410E-08 2.87892E-03
7.17951E-08 -1.24749E-03
7.19491E-08 -4.16334E-03
7.21032E-08 -3.45381E-03
7.22573E-08 1.50453E-04
7.24113E-08 3.49567E-03
7.25654E-08 3.75323E-03
7.27195E-08 8.07435E-04
7.28735E-08 -2.72997E-03
7.30276E-08 -3.82263E-03
7.31817E-08 -1.60867E-03
7.33357E-08 1.92343E-03
7.34898E-08 3.70876E-03
7.36439E-08 2.25602E-03
7.37979E-08 -1.11059E-03
7.39520E-08 -3.44902E-03
7.41061E-08 -2.76035E-03
7.42601E-08 3.08623E-04
7.44142E-08 3.06686E-03
7.45683E-08 3.13009E-03
7.47223E-08 4.73891E-04
7.48764E-08 -2.57311E-03
7.50305E-08 -3.36493E-03
7.51845E-08 -1.22776E-03
7.53386E-08 1.97163E-03
7.54927E-08 3.45432E-03
7.56467E-08 1.93600E-03
7.58008E-08 -1.26711E-03
7.59549E-08 -3.38062E-03
7.61089E-08 -2.57036E-03
7.62630E-08 4.72671E-04
7.64171E-08 3.12541E-03
7.65711E-08 3.09197E-03
7.67252E-08 3.84829E-04
7.68793E-08 -2.67719E-03
7.70333E-08 -3.45588E-03
7.71874E-08 -1.26270E-03
7.73415E-08 2.03845E-03
7.74955E-08 3.61801E-03
7.76496E-08 2.10420E-03
7.78037E-08 -1.23069E-03
7.79577E-08 -3.54329E-03
7.81118E-08 -2.84359E-03
7.82659E-08 2.96235E-04
7.84199E-08 3.21317E-03
7.85740E-08 3.41368E-03
7.87281E-08 7.03394E-04
7.88821E-08 -2.63121E-03
7.90362E-08 -3.75441E-03
7.91903E-08 -1.69237E-03
7.93443E-08 1.82588E-03
7.94984E-08 3.82121E-03
7.96525E-08 2.58798E-03
7.98065E-08 -8.49919E-04
7.99606E-08 -3.59185E-03
8.01147E-08 -3.30955E-03
8.02687E-08 -2.23448E-04
8.04228E-08 3.07076E-03
8.05769E-08 3.78755E-03
8.07309E-08 1.30726E-03
8.08850E-08 -2.29019E-03
8.10391E-08 -3.97170E-03
8.11931E-08 -2.30934E-03
8.13472E-08 1.30799E-03
8.15013E-08 3.83694E-03
8.16553E-08 3.14162E-03
8.18094E-08 -2.02586E-04
8.19635E-08 -3.38659E-03
8.21175E-08 -3.72886E-03
8.22716E-08 -9.34277E-04
8.24257E-08 2.65258E-03
8.25797E-08 4.01610E-03
8.27338E-08 2.00595E-03
8.28879E-08 -1.69293E-03
8.30419E-08 -3.97407E-03
8.31960E-08 -2.91972E-03
8.33501E-08 5.86844E-04
8.35041E-08 3.60234E-03
8.36582E-08 3.59539E-03
8.38123E-08 5.72088E-04
8.39663E-08 -2.92994E-03
8.41204E-08 -3.97288E-03
8.42745E-08 -1.68427E-03
8.44285E-08 2.01329E-03
8.45826E-08 4.01835E-03
8.47367E-08 2.65331E-03
8.48907E-08 -9.31471E-04
8.50448E-08 -3.72782E-03
8.51989E-08 -3.39535E-03
8.53529E-08 -2.21134E-04
8.55070E-08 3.12807E-03
8.56611E-08 3.84735E-03
8.58151E-08 1.34391E-03
8.59692E-08 -2.27406E-03
8.61233E-08 -3.97336E-03
8.62773E-08 -2.34000E-03
8.64314E-08 1.24336E-03
8.65855E-08 3.76782E-03
8.67395E-08 3.12583E-03
8.68936E-08 -1.28117E-04
8.70477E-08 -3.25549E-03
8.72017E-08 -3.63907E-03
8.73558E-08 -9.74491E-04
8.75099E-08 2.48801E-03
8.76639E-08 3.84389E-03
8.78180E-08 1.97185E-03
8.79721E-08 -1.53774E-03
8.81261E-08 -3.73318E-03
8.82802E-08 -2.78454E-03
8.84343E-08 4.89799E-04
8.85883E-08 3.32757E-03
8.87424E-08 3.35292E-03
8.88965E-08 5.66640E-04
8.90505E-08 -2.67167E-03
8.92046E-08 -3.64119E-03
8.93587E-08 -1.54666E-03
8.95127E-08 1.82829E-03
8.96668E-08 3.63871E-03
8.98209E-08 2.37667E-03
8.99749E-08 -8.71615E-04
9.01290E-08 -3.35880E-03
9.02831E-08 -2.99962E-03
9.04371E-08 -1.20036E-04
9.05912E-08 2.83553E-03
9.07453E-08 3.37818E-03
9.08993E-08 1.07080E-03
9.10534E-08 -2.11915E-03
9.12075E-08 -3.49577E-03
9.13615E-08 -1.91289E-03
9.15156E-08 1.27071E-03
9.16697E-08 3.35590E-03
9.18237E-08 2.59082E-03
9.19778E-08 -3.56690E-04
9.21319E-08 -2.97997E-03
9.22859E-08 -3.06412E-03
9.24400E-08 -5.56186E-04
9.25941E-08 2.40419E-03
9.27481E-08 3.30872E-03
9.29022E-08 1.40533E-03
9.30563E-08 -1.67586E-03
9.32103E-08 -3.31702E-03
9.33644E-08 -2.13592E-03
9.35185E-08 8.49516E-04
9.36725E-08 3.09697E-03
9.38266E-08 2.70355E-03
9.39807E-08 1.68884E-05
9.41347E-08 -2.67049E-03
9.42888E-08 -3.07608E-03
9.44429E-08 -8.65552E-04
9.45969E-08 2.07124E-03
9.47510E-08 3.23466E-03
9.49051E-08 1.64202E-03
9.50591E-08 -1.34212E-03
9.52132E-08 -3.17399E-03
9.53673E-08 -2.29797E-03
9.55213E-08 5.32530E-04
9.56754E-08 2.90212E-03
9.58295E-08 2.79355E-03
9.59835E-08 3.04517E-04
9.61376E-08 -2.43952E-03
9.62917E-08 -3.09932E-03
9.64457E-08 -1.11530E-03
9.65998E-08 1.81773E-03
9.67539E-08 3.19755E-03
9.69079E-08 1.84832E-03
9.70620E-08 -1.07754E-03
9.72161E-08 -3.08314E-03
9.73701E-08 -2.45707E-03
9.75242E-08 2.66679E-04
9.76783E-08 2.76388E-03
9.78323E-08 2.90264E-03
9.79864E-08 5.62793E-04
9.81405E-08 -2.26004E-03
9.82945E-08 -3.15594E-03
9.84486E-08 -1.35740E-03
9.86027E-08 1.60339E-03
9.87567E-08 3.19953E-03
9.89108E-08 2.06532E-03
9.90649E-08 -8.35597E-04
9.92189E-08 -3.02889E-03
9.93730E-08 -2.63948E-03
9.95271E-08 5.93216E-06
9.96811E-08 2.65300E-03
9.98352E-08 3.04051E-03
9.99893E-08 8.31451E-04
1.00143E-07 -2.09425E-03
1.00297E-07 -3.23947E-03
1.00451E-07 -1.62077E-03
1.00606E-07 1.38748E-03
1.00760E-07 3.22008E-03
1.00914E-07 2.30813E-03
1.01068E-07 -5.78205E-04
1.01222E-07 -2.98029E-03
1.01376E-07 -2.84522E-03
1.01530E-07 -2.80008E-04
1.01684E-07 2.53299E-03
1.01838E-07 3.19278E-03
1.01992E-07 1.12891E-03
1.02146E-07 -1.90572E-03
1.02300E-07 -3.32378E-03
1.02454E-07 -1.90949E-03
1.02608E-07 1.13928E-03
1.02762E-07 3.22576E-03
1.02917E-07 2.56622E-03
1.03071E-07 -2.85229E-04
1.03225E-07 -2.90228E-03
1.03379E-07 -3.05122E-03
1.03533E-07 -5.97537E-04
1.03687E-07 2.37314E-03
1.03841E-07 3.32808E-03
1.03995E-07 1.44700E-03
1.04149E-07 -1.67335E-03
1.04303E-07 -3.37482E-03
1.04457E-07 -2.20260E-03
1.04611E-07 8.50771E-04
1.04765E-07 3.18591E-03
1.04919E-07 2.80982E-03
1.05073E-07 3.71903E-05
1.05228E-07 -2.77287E-03
1.05382E-07 -3.22441E-03
1.05536E-07 -9.27870E-04
1.05690E-07 2.16370E-03
1.05844E-07 3.41583E-03
1.05998E-07 1.75801E-03
1.06152E-07 -1.40079E-03
1.06306E-07 -3.36967E-03
1.06460E-07 -2.46854E-03
1.06614E-07 5.37815E-04
1.06768E-07 3.08871E-03
1.06922E-07 3.00899E-03
1.07076E-07 3.64297E-04
1.07230E-07 -2.59270E-03
1.07384E-07 -3.34126E-03
1.07539E-07 -1.24193E-03
1.07693E-07 1.91684E-03
1.07847E-07 3.44235E-03
1.08001E-07 2.03351E-03
1.08155E-07 -1.10901E-03
1.08309E-07 -3.30591E-03
1.08463E-07 -2.68399E-03
1.08617E-07 2.26147E-04
1.08771E-07 2.94252E-03
1.08925E-07 3.14878E-03
1.09079E-07 6.69978E-04
1.09233E-07 -2.37868E-03
1.09387E-07 -3.39681E-03
1.09541E-07 -1.51730E-03
1.09695E-07 1.65469E-03
1.09850E-07 3.41250E-03
1.10004E-07 2.25788E-03
1.10158E-07 -8.21501E-04
1.10312E-07 -3.19663E-03
1.10466E-07 -2.84188E-03
1.10620E-07 -6.30074E-05
1.10774E-07 2.76596E-03
1.10928E-07 3.23095E-03
1.11082E-07 9.38236E-04
1.11236E-07 -2.15173E-03
1.11390E-07 -3.40058E-03
1.11544E-07 -1.74508E-03
1.11698E-07 1.39721E-03
1.11852E-07 3.34155E-03
1.12006E-07 2.42996E-03
1.12161E-07 -5.54539E-04
1.12315E-07 -3.06020E-03
1.12469E-07 -2.94831E-03
1.12623E-07 -3.19036E-04
1.12777E-07 2.57768E-03
1.12931E-07 3.26738E-03
1.13085E-07 1.16509E-03
1.13239E-07 -1.92821E-03
1.13393E-07 -3.36821E-03
1.13547E-07 -1.92791E-03
1.13701E-07 1.15653E-03
1.13855E-07 3.24650E-03
1.14009E-07 2.55815E-03
1.14163E-07 -3.14748E-04
1.14317E-07 -2.91267E-03
1.14472E-07 -3.01588E-03
1.14626E-07 -5.41228E-04
1.14780E-07 2.39082E-03
1.14934E-07 3.27300E-03
1.15088E-07 1.35537E-03
1.15242E-07 -1.71693E-03
1.15396E-07 -3.31482E-03
1.15550E-07 -2.07513E-03
1.15704E-07 9.36321E-04
1.15858E-07 3.14078E-03
1.16012E-07 2.65474E-03
1.16166E-07 -1.00624E-04
1.16320E-07 -2.76419E-03
1.16474E-07 -3.05803E-03
1.16628E-07 -7.35623E-04
1.16783E-07 2.21122E-03
1.16937E-07 3.26051E-03
1.17091E-07 1.51845E-03
1.17245E-07 -1.51907E-03
1.17399E-07 -3.25083E-03
1.17553E-07 -2.19785E-03
1.17707E-07 7.33434E-04
1.17861E-07 3.03130E-03
1.18015E-07 2.73090E-03
1.18169E-07 9.43867E-05
1.18323E-07 -2.61764E-03
1.18477E-07 -3.08436E-03
1.18631E-07 -9.10826E-04
1.18785E-07 2.03783E-03
1.18939E-07 3.23677E-03
1.19094E-07 1.66343E-03
1.19248E-07 -1.33031E-03
1.19402E-07 -3.17964E-03
1.19556E-07 -2.30418E-03
1.19710E-07 5.41448E-04
1.19864E-07 2.91799E-03
1.20018E-07 2.79251E-03
1.20172E-07 2.77421E-04
1.20326E-07 -2.46996E-03
1.20480E-07 -3.09789E-03
1.20634E-07 -1.07332E-03
1.20788E-07 1.86558E-03
1.20942E-07 3.20173E-03
1.21096E-07 1.79502E-03
1.21250E-07 -1.14481E-03
1.21405E-07 -3.09855E-03
1.21559E-07 -2.39635E-03
1.21713E-07 3.54964E-04
1.21867E-07 2.79630E-03
1.22021E-07 2.83917E-03
1.22175E-07 4.52417E-04
1.22329E-07 -2.31583E-03
1.22483E-07 -3.09582E-03
1.22637E-07 -1.22492E-03
1.22791E-07 1.68944E-03
1.22945E-07 3.15092E-03
1.23099E-07 1.91270E-03
1.23253E-07 -9.58773E-04
1.23407E-07 -3.00233E-03
1.23561E-07 -2.47173E-03
1.23716E-07 1.72035E-04
1.23870E-07 2.66122E-03
1.24024E-07 2.86669E-03
1.24178E-07 6.19231E-04
1.24332E-07 -2.15129E-03
1.24486E-07 -3.07324E-03
1.24640E-07 -1.36355E-03
1.24794E-07 1.50713E-03
1.24948E-07 3.07957E-03
1.25102E-07 2.01293E-03
1.25256E-07 -7.71830E-04
1.25410E-07 -2.88713E-03
1.25564E-07 -2.52602E-03
1.25718E-07 -5.88030E-06
1.25872E-07 2.51038E-03
1.26027E-07 2.87080E-03
1.26181E-07 7.74966E-04
1.26335E-07 -1.97576E-03
1.26489E-07 -3.02662E-03
1.26643E-07 -1.48548E-03
1.26797E-07 1.31979E-03
1.26951E-07 2.98548E-03
1.27105E-07 2.09187E-03
1.27259E-07 -5.86574E-04
1.27413E-07 -2.75238E-03
1.27567E-07 -2.55596E-03
1.27721E-07 -1.75263E-04
1.27875E-07 2.34491E-03
1.28029E-07 2.84939E-03
1.28183E-07 9.15830E-04
1.28338E-07 -1.79184E-03
1.28492E-07 -2.95539E-03
1.28646E-07 -1.58731E-03
1.28800E-07 1.13110E-03
1.28954E-07 2.86971E-03
1.29108E-07 2.14709E-03
1.29262E-07 -4.07129E-04
1.29416E-07 -2.60072E-03
1.29570E-07 -2.56053E-03
1.29724E-07 -3.32168E-04
1.29878E-07 2.16864E-03
1.30032E-07 2.80309E-03
1.30186E-07 1.03865E-03
1.30340E-07 -1.60405E-03
1.30494E-07 -2.86180E-03
1.30649E-07 -1.66713E-03
1.30803E-07 9.45663E-04
1.30957E-07 2.73592E-03
1.31111E-07 2.17827E-03
1.31265E-07 -2.37613E-04
1.31419E-07 -2.43673E-03
1.31573E-07 -2.54107E-03
1.31727E-07 -4.73507E-04
1.31881E-07 1.98660E-03
1.32035E-07 2.73476E-03
1.32189E-07 1.14177E-03
1.32343E-07 -1.41727E-03
1.32497E-07 -2.74993E-03
1.32651E-07 -1.72490E-03
1.32805E-07 7.67638E-04
1.32960E-07 2.58893E-03
1.33114E-07 2.18694E-03
1.33268E-07 -8.10172E-05
1.33422E-07 -2.26546E-03
1.33576E-07 -2.50051E-03
1.33730E-07 -5.97726E-04
1.33884E-07 1.80347E-03
1.34038E-07 2.64834E-03
1.34192E-07 1.22514E-03
1.34346E-07 -1.23537E-03
1.34500E-07 -2.62423E-03
1.34654E-07 -1.76197E-03
1.34808E-07 5.99751E-04
1.34962E-07 2.43320E-03
1.35116E-07 2.17561E-03
1.35271E-07 6.12433E-05
1.35425E-07 -2.09092E-03
1.35579E-07 -2.44208E-03
1.35733E-07 -7.04709E-04
1.35887E-07 1.62247E-03
1.36041E-07 2.54736E-03
1.36195E-07 1.28978E-03
1.36349E-07 -1.06053E-03
1.36503E-07 -2.48811E-03
1.36657E-07 -1.78020E-03
1.36811E-07 4.43083E-04
1.36965E-07 2.27167E-03
1.37119E-07 2.14660E-03
1.37273E-07 1.89104E-04
1.37427E-07 -1.91530E-03
1.37582E-07 -2.36820E-03
1.37736E-07 -7.95212E-04
1.37890E-07 1.44492E-03
1.38044E-07 2.43400E-03
1.38198E-07 1.33698E-03
1.38352E-07 -8.93199E-04
1.38506E-07 -2.34327E-03
1.38660E-07 -1.78113E-03
1.38814E-07 2.97352E-04
1.38968E-07 2.10539E-03
1.39122E-07 2.10140E-03
1.39276E-07 3.03399E-04
1.39430E-07 -1.73898E-03
1.39584E-07 -2.28010E-03
1.39738E-07 -8.70386E-04
1.39893E-07 1.27056E-03
1.40047E-07 2.30908E-03
1.40201E-07 1.36799E-03
1.40355E-07 -7.32652E-04
1.40509E-07 -2.19004E-03
1.40663E-07 -1.76590E-03
1.40817E-07 1.61493E-04
1.40971E-07 1.93422E-03
1.41125E-07 2.04093E-03
1.41279E-07 4.05346E-04
1.41433E-07 -1.56143E-03
1.41587E-07 -2.17840E-03
1.41741E-07 -9.31458E-04
1.41895E-07 1.09863E-03
1.42049E-07 2.17292E-03
1.42204E-07 1.38394E-03
1.42358E-07 -5.77948E-04
1.42512E-07 -2.02848E-03
1.42666E-07 -1.73548E-03
1.42820E-07 3.45262E-05
1.42974E-07 1.75804E-03
1.43128E-07 1.96599E-03
1.43282E-07 4.95895E-04
1.43436E-07 -1.38244E-03
1.43590E-07 -2.06377E-03
1.43744E-07 -9.79311E-04
1.43898E-07 9.28846E-04
1.44052E-07 2.02610E-03
1.44206E-07 1.38566E-03
1.44360E-07 -4.28842E-04
1.44515E-07 -1.85916E-03
1.44669E-07 -1.69069E-03
1.44823E-07 -8.37766E-05
1.44977E-07 1.57747E-03
1.45131E-07 1.87744E-03
1.45285E-07 5.75287E-04
1.45439E-07 -1.20266E-03
1.45593E-07 -1.93717E-03
1.45747E-07 -1.01426E-03
1.45901E-07 7.61929E-04
1.46055E-07 1.86973E-03
1.46209E-07 1.37360E-03
1.46363E-07 -2.86033E-04
1.46517E-07 -1.68337E-03
1.46671E-07 -1.63221E-03
1.46826E-07 -1.92807E-04
1.46980E-07 1.39394E-03
1.47134E-07 1.77627E-03
1.47288E-07 6.43107E-04
1.47442E-07 -1.02365E-03
1.47596E-07 -1.79992E-03
1.47750E-07 -1.03619E-03
1.47904E-07 5.99414E-04
1.48058E-07 1.70547E-03
1.48212E-07 1.34805E-03
1.48366E-07 -1.50926E-04
1.48520E-07 -1.50302E-03
1.48674E-07 -1.56078E-03
1.48828E-07 -2.91423E-04
1.48982E-07 1.20951E-03
1.49137E-07 1.66366E-03
1.49291E-07 6.98597E-04
1.49445E-07 -8.47464E-04
1.49599E-07 -1.65362E-03
1.49753E-07 -1.04483E-03
1.49907E-07 4.43243E-04
1.50061E-07 1.53525E-03
1.50215E-07 1.30925E-03
1.50369E-07 -2.51867E-05
1.50523E-07 -1.32024E-03
1.50677E-07 -1.47717E-03
1.50831E-07 -3.78366E-04
1.50985E-07 1.02639E-03
1.51139E-07 1.54088E-03
1.51293E-07 7.40999E-04
1.51448E-07 -6.76216E-04
1.51602E-07 -1.49992E-03
1.51756E-07 -1.03994E-03
1.51910E-07 2.95258E-04
1.52064E-07 1.36094E-03
1.52218E-07 1.25752E-03
1.52372E-07 8.97294E-05
1.52526E-07 -1.13699E-03
1.52680E-07 -1.38216E-03
1.52834E-07 -4.52651E-04
1.52988E-07 8.46432E-04
1.53142E-07 1.40904E-03
1.53296E-07 7.69830E-04
1.53450E-07 -5.11510E-04
1.53604E-07 -1.34014E-03
1.53759E-07 -1.02155E-03
1.53913E-07 1.56709E-04
1.54067E-07 1.18393E-03
1.54221E-07 1.19327E-03
1.54375E-07 1.93006E-04
1.54529E-07 -9.54563E-04
1.54683E-07 -1.27648E-03
1.54837E-07 -5.13922E-04
1.54991E-07 6.70695E-04
1.55145E-07 1.26906E-03
1.55299E-07 7.85175E-04
1.55453E-07 -3.54074E-04
1.55607E-07 -1.17524E-03
1.55761E-07 -9.90100E-04
1.55915E-07 2.79175E-05
1.56070E-07 1.00508E-03
1.56224E-07 1.11725E-03
1.56378E-07 2.84748E-04
1.56532E-07 -7.73579E-04
1.56686E-07 -1.16104E-03
1.56840E-07 -5.62691E-04
1.56994E-07 4.99489E-04
1.57148E-07 1.12189E-03
1.57302E-07 7.87897E-04
1.57456E-07 -2.03848E-04
1.57610E-07 -1.00608E-03
1.57764E-07 -9.46734E-04
1.57918E-07 -9.15602E-05
1.58072E-07 8.25057E-04
1.58226E-07 1.03077E-03
1.58381E-07 3.65772E-04
1.58535E-07 -5.94468E-04
1.58689E-07 -1.03719E-03
1.58843E-07 -6.00104E-04
1.58997E-07 3.32935E-04
1.59151E-07 9.68861E-04
1.59305E-07 7.79407E-04
1.59459E-07 -6.06161E-05
1.59613E-07 -8.33878E-04
1.59767E-07 -8.93044E-04
1.59921E-07 -2.02279E-04
1.60075E-07 6.44882E-04
1.60229E-07 9.35510E-04
1.60383E-07 4.36946E-04
1.60537E-07 -4.17982E-04
1.60692E-07 -9.06672E-04
1.60846E-07 -6.27301E-04
1.61000E-07 1.71490E-04
1.61154E-07 8.11623E-04
1.61308E-07 7.61067E-04
1.61462E-07 7.54730E-05
1.61616E-07 -6.60151E-04
1.61770E-07 -8.30558E-04
1.61924E-07 -3.04396E-04
1.62078E-07 4.65897E-04
1.62232E-07 8.33110E-04
1.62386E-07 4.98720E-04
1.62540E-07 -2.45242E-04
1.62694E-07 -7.71142E-04
1.62848E-07 -6.45003E-04
1.63003E-07 1.60226E-05
1.63157E-07 6.51838E-04
1.63311E-07 7.33834E-04
1.63465E-07 2.03823E-04
1.63619E-07 -4.86497E-04
1.63773E-07 -7.60428E-04
1.63927E-07 -3.97599E-04
1.64081E-07 2.89583E-04
1.64235E-07 7.24876E-04
1.64389E-07 5.51065E-04
1.64543E-07 -7.75687E-05
1.64697E-07 -6.32017E-04
1.64851E-07 -6.53455E-04
1.65005E-07 -1.32344E-04
1.65159E-07 4.90978E-04
1.65314E-07 6.98210E-04
1.65468E-07 3.23542E-04
1.65622E-07 -3.14388E-04
1.65776E-07 -6.83391E-04
1.65930E-07 -4.81250E-04
1.66084E-07 1.17355E-04
1.66238E-07 6.11737E-04
1.66392E-07 5.93614E-04
1.66546E-07 8.37272E-05
1.66700E-07 -4.90377E-04
1.66854E-07 -6.52563E-04
1.67008E-07 -2.72458E-04
1.67162E-07 3.30211E-04
1.67316E-07 6.54363E-04
1.67470E-07 4.33680E-04
1.67625E-07 -1.45024E-04
1.67779E-07 -5.99845E-04
1.67933E-07 -5.54633E-04
1.68087E-07 -4.96165E-05
1.68241E-07 4.94286E-04
1.68395E-07 6.25902E-04
1.68549E-07 2.37575E-04
1.68703E-07 -3.46949E-04
1.68857E-07 -6.42113E-04
1.69011E-07 -4.03400E-04
1.69165E-07 1.70340E-04
1.69319E-07 6.02312E-04
1.69473E-07 5.33516E-04
1.69627E-07 2.07910E-05
1.69781E-07 -5.10010E-04
1.69936E-07 -6.17255E-04
1.70090E-07 -2.10599E-04
1.70244E-07 3.72885E-04
1.70398E-07 6.47675E-04
1.70552E-07 3.83376E-04
1.70706E-07 -2.02178E-04
1.70860E-07 -6.22081E-04
1.71014E-07 -5.24765E-04
1.71168E-07 1.18137E-05
1.71322E-07 5.42235E-04
1.71476E-07 6.22874E-04
1.71630E-07 1.82677E-04
1.71784E-07 -4.14213E-04
1.71938E-07 -6.69191E-04
1.72092E-07 -3.65354E-04
1.72247E-07 2.47953E-04
1.72401E-07 6.59255E-04
1.72555E-07 5.21093E-04
1.72709E-07 -5.64973E-05
1.72863E-07 -5.93015E-04
1.73017E-07 -6.36761E-04
1.73171E-07 -1.44994E-04
1.73325E-07 4.74857E-04
1.73479E-07 7.02233E-04
1.73633E-07 3.40393E-04
1.73787E-07 -3.13302E-04
1.73941E-07 -7.11193E-04
1.74095E-07 -5.13834E-04
1.74249E-07 1.20387E-04
1.74403E-07 6.61651E-04
1.74558E-07 6.50924E-04
1.74712E-07 8.92219E-05
1.74866E-07 -5.56137E-04
1.75020E-07 -7.39860E-04
1.75174E-07 -2.99312E-04
1.75328E-07 4.01563E-04
1.75482E-07 7.72352E-04
1.75636E-07 4.93338E-04
1.75790E-07 -2.08752E-04
1.75944E-07 -7.44295E-04
1.76098E-07 -6.55665E-04
1.76252E-07 -8.32577E-06
1.76406E-07 6.56140E-04
1.76560E-07 7.72763E-04
1.76714E-07 2.33556E-04
1.76869E-07 -5.12922E-04
1.77023E-07 -8.34248E-04
1.77177E-07 -4.49854E-04
1.77331E-07 3.23962E-04
1.77485E-07 8.33710E-04
1.77639E-07 6.40425E-04
1.77793E-07 -1.02237E-04
1.77947E-07 -7.69255E-04
1.78101E-07 -7.90013E-04
1.78255E-07 -1.36514E-04
1.78409E-07 6.43725E-04
1.78563E-07 8.86059E-04
1.78717E-07 3.74908E-04
1.78871E-07 -4.64573E-04
1.79025E-07 -9.19673E-04
1.79180E-07 -5.95162E-04
1.79334E-07 2.43399E-04
1.79488E-07 8.86351E-04
1.79642E-07 7.80388E-04
1.79796E-07 4.81658E-06
1.79950E-07 -7.86394E-04
1.80104E-07 -9.15841E-04
1.80258E-07 -2.62738E-04
1.80412E-07 6.24973E-04
1.80566E-07 9.90033E-04
1.80720E-07 5.11886E-04
1.80874E-07 -4.11854E-04
1.81028E-07 -9.95621E-04
1.81182E-07 -7.33945E-04
1.81336E-07 1.60784E-04
1.81491E-07 9.30026E-04
1.81645E-07 9.12085E-04
1.81799E-07 1.11410E-04
1.81953E-07 -7.95706E-04
1.82107E-07 -1.03219E-03
1.82261E-07 -3.85967E-04
1.82415E-07 6.00089E-04
1.82569E-07 1.08393E-03
1.82723E-07 6.43482E-04
1.82877E-07 -3.55142E-04
1.83031E-07 -1.06156E-03
1.83185E-07 -8.65271E-04
1.83339E-07 7.66201E-05
1.83493E-07 9.64406E-04
1.83647E-07 1.03470E-03
1.83802E-07 2.16969E-04
1.83956E-07 -7.97053E-04
1.84110E-07 -1.13839E-03
1.84264E-07 -5.05608E-04
1.84418E-07 5.69095E-04
1.84572E-07 1.16725E-03
1.84726E-07 7.69135E-04
1.84880E-07 -2.94582E-04
1.85034E-07 -1.11714E-03
1.85188E-07 -9.88650E-04
1.85342E-07 -8.87490E-06
1.85496E-07 9.89305E-04
1.85650E-07 1.14785E-03
1.85804E-07 3.21249E-04
1.85958E-07 -7.90389E-04
1.86113E-07 -1.23420E-03
1.86267E-07 -6.21437E-04
1.86421E-07 5.32056E-04
1.86575E-07 1.23989E-03
1.86729E-07 8.88689E-04
1.86883E-07 -2.30308E-04
1.87037E-07 -1.16242E-03
1.87191E-07 -1.10404E-03
1.87345E-07 -9.55390E-05
1.87499E-07 1.00494E-03
1.87653E-07 1.25164E-03
1.87807E-07 4.24110E-04
1.87961E-07 -7.76048E-04
1.88115E-07 -1.31989E-03
1.88269E-07 -7.33389E-04
1.88424E-07 4.89395E-04
1.88578E-07 1.30231E-03
1.88732E-07 1.00220E-03
1.88886E-07 -1.62791E-04
1.89040E-07 -1.19805E-03
1.89194E-07 -1.21166E-03
1.89348E-07 -1.82903E-04
1.89502E-07 1.01209E-03
1.89656E-07 1.34647E-03
1.89810E-07 5.25134E-04
1.89964E-07 -7.54955E-04
1.90118E-07 -1.39606E-03
1.90272E-07 -8.41142E-04
1.90426E-07 4.42132E-04
1.90580E-07 1.35531E-03
1.90735E-07 1.10948E-03
1.90889E-07 -9.31009E-05
1.91043E-07 -1.22503E-03
1.91197E-07 -1.31149E-03
1.91351E-07 -2.69899E-04
1.91505E-07 1.01195E-03
1.91659E-07 1.43255E-03
1.91813E-07 6.23307E-04
1.91967E-07 -7.28438E-04
1.92121E-07 -1.46314E-03
1.92275E-07 -9.43791E-04
1.92429E-07 3.91691E-04
1.92583E-07 1.39955E-03
1.92737E-07 1.20979E-03
1.92891E-07 -2.27053E-05
1.93046E-07 -1.24419E-03
1.93200E-07 -1.40298E-03
1.93354E-07 -3.55070E-04
1.93508E-07 1.00554E-03
1.93662E-07 1.50952E-03
1.93816E-07 7.17241E-04
1.93970E-07 -6.97663E-04
1.94124E-07 -1.52100E-03
1.94278E-07 -1.04007E-03
1.94432E-07 3.39337E-04
1.94586E-07 1.43513E-03
1.94740E-07 1.30202E-03
1.94894E-07 4.70830E-05
1.95048E-07 -1.25589E-03
1.95202E-07 -1.48523E-03
1.95357E-07 -4.37108E-04
1.95511E-07 9.93399E-04
1.95665E-07 1.57669E-03
1.95819E-07 8.05681E-04
1.95973E-07 -6.63315E-04
1.96127E-07 -1.56919E-03
1.96281E-07 -1.12881E-03
1.96435E-07 2.85867E-04
1.96589E-07 1.46181E-03
1.96743E-07 1.38514E-03
1.96897E-07 1.15404E-04
1.97051E-07 -1.26007E-03
1.97205E-07 -1.55736E-03
1.97359E-07 -5.15138E-04
1.97513E-07 9.75648E-04
1.97668E-07 1.63340E-03
1.97822E-07 8.87784E-04
1.97976E-07 -6.25666E-04
1.98130E-07 -1.60722E-03
1.98284E-07 -1.20926E-03
1.98438E-07 2.31646E-04
1.98592E-07 1.47928E-03
1.98746E-07 1.45849E-03
1.98900E-07 1.81841E-04
1.99054E-07 -1.25658E-03
1.99208E-07 -1.61886E-03
1.99362E-07 -5.88740E-04
1.99516E-07 9.52258E-04
1.99670E-07 1.67924E-03
1.99824E-07 9.63169E-04
1.99979E-07 -5.84768E-04
2.00133E-07 -1.63481E-03
2.00287E-07 -1.28109E-03
2.00441E-07 1.76775E-04
2.00595E-07 1.48739E-03
2.00749E-07 1.52187E-03
2.00903E-07 2.46292E-04
2.01057E-07 -1.24538E-03
2.01211E-07 -1.66961E-03
2.01365E-07 -6.57847E-04
2.01519E-07 9.23249E-04
2.01673E-07 1.71422E-03
2.01827E-07 1.03184E-03
2.01981E-07 -5.40673E-04
2.02135E-07 -1.65210E-03
2.02290E-07 -1.34442E-03
2.02444E-07 1.21294E-04
2.02598E-07 1.48636E-03
2.02752E-07 1.57548E-03
2.02906E-07 3.08768E-04
2.03060E-07 -1.22673E-03
2.03214E-07 -1.70997E-03
2.03368E-07 -7.22560E-04
2.03522E-07 8.88924E-04
2.03676E-07 1.73883E-03
2.03830E-07 1.09402E-03
2.03984E-07 -4.93673E-04
2.04138E-07 -1.65967E-03
2.04292E-07 -1.39961E-03
2.04446E-07 6.54420E-05
2.04601E-07 1.47688E-03
2.04755E-07 1.61988E-03
2.04909E-07 3.69118E-04
2.05063E-07 -1.20140E-03
2.05217E-07 -1.74064E-03
2.05371E-07 -7.82855E-04
2.05525E-07 8.50071E-04
2.05679E-07 1.75394E-03
2.05833E-07 1.14983E-03
2.05987E-07 -4.44544E-04
2.06141E-07 -1.65855E-03
2.06295E-07 -1.44698E-03
2.06449E-07 9.94688E-06
2.06603E-07 1.46007E-03
2.06757E-07 1.65554E-03
2.06912E-07 4.26707E-04
2.07066E-07 -1.17060E-03
2.07220E-07 -1.76230E-03
2.07374E-07 -8.38222E-04
2.07528E-07 8.07950E-04
2.07682E-07 1.76039E-03
2.07836E-07 1.19893E-03
2.07990E-07 -3.94549E-04
2.08144E-07 -1.64973E-03
2.08298E-07 -1.48633E-03
2.08452E-07 -4.39734E-05
2.08606E-07 1.43708E-03
2.08760E-07 1.68248E-03
2.08914E-07 4.80401E-04
2.09068E-07 -1.13556E-03
2.09223E-07 -1.77514E-03
2.09377E-07 -8.87648E-04
2.09531E-07 7.63832E-04
2.09685E-07 1.75855E-03
2.09839E-07 1.24046E-03
2.09993E-07 -3.44960E-04
2.10147E-07 -1.63375E-03
2.10301E-07 -1.51699E-03
2.10455E-07 -9.50854E-05
2.10609E-07 1.40855E-03
2.10763E-07 1.70019E-03
2.10917E-07 5.29047E-04
2.11071E-07 -1.09700E-03
2.11225E-07 -1.77884E-03
2.11379E-07 -9.30094E-04
2.11534E-07 7.18505E-04
2.11688E-07 1.74827E-03
2.11842E-07 1.27350E-03
2.11996E-07 -2.96582E-04
2.12150E-07 -1.61059E-03
2.12304E-07 -1.53820E-03
2.12458E-07 -1.42609E-04
2.12612E-07 1.37460E-03
2.12766E-07 1.70808E-03
2.12920E-07 5.71922E-04
2.13074E-07 -1.05516E-03
2.13228E-07 -1.77297E-03
2.13382E-07 -9.64923E-04
2.13536E-07 6.72247E-04
2.13690E-07 1.72926E-03
2.13845E-07 1.29754E-03
2.13999E-07 -2.49708E-04
2.14153E-07 -1.58010E-03
2.14307E-07 -1.54956E-03
2.14461E-07 -1.86269E-04
2.14615E-07 1.33517E-03
2.14769E-07 1.70586E-03
2.14923E-07 6.08801E-04
2.15077E-07 -1.01000E-03
2.15231E-07 -1.75734E-03
2.15385E-07 -9.91984E-04
2.15539E-07 6.25049E-04
2.15693E-07 1.70143E-03
2.15847E-07 1.31251E-03
2.16001E-07 -2.04311E-04
2.16156E-07 -1.54225E-03
2.16310E-07 -1.55109E-03
2.16464E-07 -2.26145E-04
2.16618E-07 1.29024E-03
2.16772E-07 1.69365E-03
2.16926E-07 6.39840E-04
2.17080E-07 -9.61529E-04
2.17234E-07 -1.73215E-03
2.17388E-07 -1.01153E-03
2.17542E-07 5.76866E-04
2.17696E-07 1.66504E-03
2.17850E-07 1.31876E-03
2.18004E-07 -1.60274E-04
2.18158E-07 -1.49729E-03
2.18312E-07 -1.54326E-03
2.18467E-07 -2.62455E-04
2.18621E-07 1.24008E-03
2.18775E-07 1.67201E-03
2.18929E-07 6.65384E-04
2.19083E-07 -9.09955E-04
2.19237E-07 -1.69804E-03
2.19391E-07 -1.02404E-03
2.19545E-07 5.27833E-04
2.19699E-07 1.62075E-03
2.19853E-07 1.31694E-03
2.20007E-07 -1.17611E-04
2.20161E-07 -1.44595E-03
2.20315E-07 -1.52685E-03
2.20469E-07 -2.95333E-04
2.20623E-07 1.18537E-03
2.20778E-07 1.64185E-03
2.20932E-07 6.85735E-04
2.21086E-07 -8.55899E-04
2.21240E-07 -1.65601E-03
2.21394E-07 -1.03001E-03
2.21548E-07 4.78471E-04
2.21702E-07 1.56967E-03
2.21856E-07 1.30769E-03
2.22010E-07 -7.67156E-05
2.22164E-07 -1.38934E-03
2.22318E-07 -1.50268E-03
2.22472E-07 -3.24541E-04
2.22626E-07 1.12723E-03
2.22780E-07 1.60415E-03
2.22934E-07 7.00831E-04
2.23089E-07 -8.00442E-04
2.23243E-07 -1.60719E-03
2.23397E-07 -1.02955E-03
2.23551E-07 4.29783E-04
2.23705E-07 1.51300E-03
2.23859E-07 1.29134E-03
2.24013E-07 -3.84775E-05
2.24167E-07 -1.32872E-03
2.24321E-07 -1.47125E-03
2.24475E-07 -3.49330E-04
2.24629E-07 1.06696E-03
2.24783E-07 1.55956E-03
2.24937E-07 7.10078E-04
2.25091E-07 -7.44846E-04
2.25245E-07 -1.55234E-03
2.25400E-07 -1.02224E-03
2.25554E-07 3.82965E-04
2.25708E-07 1.45159E-03
2.25862E-07 1.26763E-03
2.26016E-07 -3.99387E-06
2.26170E-07 -1.26502E-03
2.26324E-07 -1.43245E-03
2.26478E-07 -3.68728E-04
2.26632E-07 1.00546E-03
2.26786E-07 1.50810E-03
2.26940E-07 7.12653E-04
2.27094E-07 -6.90003E-04
2.27248E-07 -1.49161E-03
2.27402E-07 -1.00741E-03
2.27556E-07 3.38848E-04
2.27711E-07 1.38569E-03
2.27865E-07 1.23603E-03
2.28019E-07 2.59961E-05
2.28173E-07 -1.19851E-03
2.28327E-07 -1.38591E-03
2.28481E-07 -3.82108E-04
2.28635E-07 9.43045E-04
2.28789E-07 1.44954E-03
2.28943E-07 7.08053E-04
2.29097E-07 -6.36197E-04
2.29251E-07 -1.42485E-03
2.29405E-07 -9.84686E-04
2.29559E-07 2.97666E-04
2.29713E-07 1.31521E-03
2.29867E-07 1.19629E-03
2.30022E-07 5.13290E-05
2.30176E-07 -1.12914E-03
2.30330E-07 -1.33148E-03
2.30484E-07 -3.89396E-04
2.30638E-07 8.79650E-04
2.30792E-07 1.38380E-03
2.30946E-07 6.96297E-04
2.31100E-07 -5.83330E-04
2.31254E-07 -1.35203E-03
2.31408E-07 -9.54177E-04
2.31562E-07 2.59257E-04
2.31716E-07 1.24014E-03
2.31870E-07 1.14861E-03
2.32024E-07 7.22557E-05
2.32178E-07 -1.05688E-03
2.32333E-07 -1.26941E-03
2.32487E-07 -3.90942E-04
2.32641E-07 8.15181E-04
2.32795E-07 1.31117E-03
2.32949E-07 6.77841E-04
2.33103E-07 -5.31219E-04
2.33257E-07 -1.27346E-03
2.33411E-07 -9.16437E-04
2.33565E-07 2.23324E-04
2.33719E-07 1.16073E-03
2.33873E-07 1.09362E-03
2.34027E-07 8.92012E-05
2.34181E-07 -9.81915E-04
2.34335E-07 -1.20040E-03
2.34489E-07 -3.87310E-04
2.34644E-07 7.49736E-04
2.34798E-07 1.23237E-03
2.34952E-07 6.53386E-04
2.35106E-07 -4.79829E-04
2.35260E-07 -1.18984E-03
2.35414E-07 -8.72294E-04
2.35568E-07 1.89675E-04
2.35722E-07 1.07766E-03
2.35876E-07 1.03225E-03
2.36030E-07 1.02533E-04
2.36184E-07 -9.04820E-04
2.36338E-07 -1.12546E-03
2.36492E-07 -3.79049E-04
2.36646E-07 6.83755E-04
2.36800E-07 1.14846E-03
2.36955E-07 6.23658E-04
2.37109E-07 -4.29445E-04
2.37263E-07 -1.10222E-03
2.37417E-07 -8.22640E-04
2.37571E-07 1.58418E-04
2.37725E-07 9.91938E-04
2.37879E-07 9.65545E-04
2.38033E-07 1.12337E-04
2.38187E-07 -8.26556E-04
2.38341E-07 -1.04573E-03
2.38495E-07 -3.66441E-04
2.38649E-07 6.18094E-04
2.38803E-07 1.06066E-03
2.38957E-07 5.89132E-04
2.39111E-07 -3.80786E-04
2.39266E-07 -1.01188E-03
2.39420E-07 -7.68128E-04
2.39574E-07 1.30109E-04
2.39728E-07 9.04840E-04
2.39882E-07 8.94305E-04
2.40036E-07 1.18228E-04
2.40190E-07 -7.48338E-04
2.40344E-07 -9.62152E-04
2.40498E-07 -3.49280E-04
2.40652E-07 5.53889E-04
2.40806E-07 9.69980E-04
2.40960E-07 5.49774E-04
2.41114E-07 -3.34877E-04
2.41268E-07 -9.19875E-04
2.41422E-07 -7.08878E-04
2.41577E-07 1.05642E-04
2.41731E-07 8.17417E-04
2.41885E-07 8.18783E-04
2.42039E-07 1.19460E-04
2.42193E-07 -6.71185E-04
2.42347E-07 -8.75071E-04
2.42501E-07 -3.26971E-04
2.42655E-07 4.92086E-04
2.42809E-07 8.76848E-04
2.42963E-07 5.05136E-04
2.43117E-07 -2.92564E-04
2.43271E-07 -8.26647E-04
2.43425E-07 -6.44575E-04
2.43579E-07 8.57418E-05
2.43733E-07 7.30113E-04
2.43888E-07 7.38776E-04
2.44042E-07 1.15444E-04
2.44196E-07 -5.95499E-04
2.44350E-07 -7.84367E-04
2.44504E-07 -2.99059E-04
2.44658E-07 4.33017E-04
2.44812E-07 7.81190E-04
2.44966E-07 4.54886E-04
2.45120E-07 -2.54086E-04
2.45274E-07 -7.32146E-04
2.45428E-07 -5.74997E-04
2.45582E-07 7.05401E-05
2.45736E-07 6.42858E-04
2.45890E-07 6.54142E-04
2.46044E-07 1.06154E-04
2.46199E-07 -5.21164E-04
2.46353E-07 -6.89951E-04
2.46507E-07 -2.65621E-04
2.46661E-07 3.76494E-04
2.46815E-07 6.82933E-04
2.46969E-07 3.99193E-04
2.47123E-07 -2.19166E-04
2.47277E-07 -6.36279E-04
2.47431E-07 -5.00376E-04
2.47585E-07 5.96621E-05
2.47739E-07 5.55504E-04
2.47893E-07 5.65151E-04
2.48047E-07 9.20658E-05
2.48201E-07 -4.47949E-04
2.48355E-07 -5.92095E-04
2.48510E-07 -2.27226E-04
2.48664E-07 3.22178E-04
2.48818E-07 5.82315E-04
2.48972E-07 3.38698E-04
2.49126E-07 -1.87340E-04
2.49280E-07 -5.39215E-04
2.49434E-07 -4.21403E-04
2.49588E-07 5.25124E-05
2.49742E-07 4.68120E-04
2.49896E-07 4.72511E-04
2.50050E-07 7.39037E-05
2.50204E-07 -3.75788E-04
2.50358E-07 -4.91489E-04
2.50512E-07 -1.84713E-04
2.50666E-07 2.69851E-04
2.50821E-07 4.79970E-04
2.50975E-07 2.74335E-04
2.51129E-07 -1.58223E-04
2.51283E-07 -4.41493E-04
2.51437E-07 -3.39077E-04
2.51591E-07 4.85346E-05
2.51745E-07 3.81115E-04
2.51899E-07 3.77254E-04
2.52053E-07 5.23906E-05
2.52207E-07 -3.04937E-04
2.52361E-07 -3.89156E-04
2.52515E-07 -1.38957E-04
2.52669E-07 2.19588E-04
2.52823E-07 3.76875E-04
2.52977E-07 2.07110E-04
2.53132E-07 -1.31699E-04
2.53286E-07 -3.44007E-04
2.53440E-07 -2.54505E-04
2.53594E-07 4.74142E-05
2.53748E-07 2.95264E-04
2.53902E-07 2.80548E-04
2.54056E-07 2.80319E-05
2.54210E-07 -2.36021E-04
2.54364E-07 -2.86292E-04
2.54518E-07 -9.06403E-05
2.54672E-07 1.71845E-04
2.54826E-07 2.74212E-04
2.54980E-07 1.37854E-04
2.55134E-07 -1.08041E-04
2.55288E-07 -2.47887E-04
2.55443E-07 -1.68639E-04
2.55597E-07 4.92425E-05
2.55751E-07 2.11612E-04
2.55905E-07 1.83433E-04
2.56059E-07 9.13214E-07
2.56213E-07 -1.69972E-04
2.56367E-07 -1.83982E-04
2.56521E-07 -4.00085E-05
2.56675E-07 1.27423E-04
2.56829E-07 1.73075E-04
2.56983E-07 6.69528E-05
2.57137E-07 -8.79066E-05
2.57291E-07 -1.54199E-04
2.57445E-07 -8.19698E-05
2.57599E-07 5.45292E-05
2.57754E-07 1.31163E-04
2.57908E-07 8.64700E-05
2.58062E-07 -2.93353E-05
2.58216E-07 -1.07707E-04
2.58370E-07 -8.28238E-05
2.58524E-07 1.31834E-05
2.58678E-07 8.71286E-05
2.58832E-07 7.40569E-05
2.58986E-07 -5.73780E-06
2.59140E-07 -7.19818E-05
2.59294E-07 -6.34978E-05
2.59448E-07 5.57073E-06
2.59602E-07 6.38393E-05
2.59756E-07 5.44074E-05
2.59910E-07 -1.03651E-05
2.60065E-07 -6.31639E-05
2.60219E-07 -4.96249E-05
2.60373E-07 1.71973E-05
2.60527E-07 6.92858E-05
2.60681E-07 5.12598E-05
2.60835E-07 -2.28744E-05
2.60989E-07 -8.04897E-05
2.61143E-07 -6.04576E-05
2.61297E-07 2.42954E-05
2.61451E-07 9.42037E-05
2.61605E-07 7.72593E-05
2.61759E-07 -1.88051E-05
2.61913E-07 -1.07272E-04
2.62067E-07 -1.00567E-04
2.62221E-07 4.50708E-06
2.62376E-07 1.16291E-04
2.62530E-07 1.28222E-04
2.62684E-07 1.94894E-05
2.62838E-07 -1.17969E-04
2.62992E-07 -1.57182E-04
2.63146E-07 -5.29142E-05
2.63300E-07 1.09496E-04
2.63454E-07 1.83795E-04
2.63608E-07 9.42865E-05
2.63762E-07 -8.88770E-05
2.63916E-07 -2.04139E-04
2.64070E-07 -1.40977E-04
2.64224E-07 5.51941E-05
2.64378E-07 2.14397E-04
2.64532E-07 1.89382E-04
2.64687E-07 -8.79541E-06
2.64841E-07 -2.11251E-04
2.64995E-07 -2.35191E-04
2.65149E-07 -4.86331E-05
2.65303E-07 1.92243E-04
2.65457E-07 2.73741E-04
2.65611E-07 1.14107E-04
2.65765E-07 -1.56077E-04
2.65919E-07 -3.00413E-04
2.66073E-07 -1.83503E-04
2.66227E-07 1.02849E-04
2.66381E-07 3.11051E-04
2.66535E-07 2.51824E-04
2.66689E-07 -3.41554E-05
2.66843E-07 -3.02374E-04
2.66998E-07 -3.13556E-04
2.67152E-07 -4.69103E-05
2.67306E-07 2.72327E-04
2.67460E-07 3.63094E-04
2.67614E-07 1.35888E-04
2.67768E-07 -2.20360E-04
2.67922E-07 -3.95196E-04
2.68076E-07 -2.27203E-04
2.68230E-07 1.47599E-04
2.68384E-07 4.05438E-04
2.68538E-07 3.14524E-04
2.68692E-07 -5.68930E-05
2.68846E-07 -3.90637E-04
2.69000E-07 -3.91203E-04
2.69154E-07 -4.72730E-05
2.69309E-07 3.49189E-04
2.69463E-07 4.50766E-04
2.69617E-07 1.58999E-04
2.69771E-07 -2.81324E-04
2.69925E-07 -4.87420E-04
2.70079E-07 -2.71311E-04
2.70233E-07 1.89212E-04
2.70387E-07 4.96543E-04
2.70541E-07 3.76607E-04
2.70695E-07 -7.69497E-05
2.70849E-07 -4.75105E-04
2.71003E-07 -4.67178E-04
2.71157E-07 -4.96125E-05
2.71311E-07 4.22003E-04
2.71465E-07 5.35755E-04
2.71620E-07 1.83177E-04
2.71774E-07 -3.38266E-04
2.71928E-07 -5.76072E-04
2.72082E-07 -3.15430E-04
2.72236E-07 2.27119E-04
2.72390E-07 5.83370E-04
2.72544E-07 4.37570E-04
2.72698E-07 -9.38925E-05
2.72852E-07 -5.54832E-04
2.73006E-07 -5.40899E-04
2.73160E-07 -5.42322E-05
2.73314E-07 4.89890E-04
2.73468E-07 6.17437E-04
2.73622E-07 2.08611E-04
2.73776E-07 -3.90394E-04
2.73931E-07 -6.60512E-04
2.74085E-07 -3.59654E-04
2.74239E-07 2.60624E-04
2.74393E-07 6.65298E-04
2.74547E-07 4.97434E-04
2.74701E-07 -1.07119E-04
2.74855E-07 -6.29237E-04
2.75009E-07 -6.12346E-04
2.75163E-07 -6.16454E-05
2.75317E-07 5.52329E-04
2.75471E-07 6.95773E-04
2.75625E-07 2.35736E-04
2.75779E-07 -4.37263E-04
2.75933E-07 -7.40716E-04
2.76087E-07 -4.04359E-04
2.76242E-07 2.89360E-04
2.76396E-07 7.42338E-04
2.76550E-07 5.56540E-04
2.76704E-07 -1.16343E-04
2.76858E-07 -6.98387E-04
2.77012E-07 -6.81847E-04
2.77166E-07 -7.20674E-05
2.77320E-07 6.09460E-04
2.77474E-07 7.71106E-04
2.77628E-07 2.64713E-04
2.77782E-07 -4.79087E-04
2.77936E-07 -8.17058E-04
2.78090E-07 -4.49670E-04
2.78244E-07 3.13619E-04
2.78398E-07 8.14917E-04
2.78553E-07 6.14999E-04
2.78707E-07 -1.21925E-04
2.78861E-07 -7.62778E-04
2.79015E-07 -7.49525E-04
2.79169E-07 -8.50850E-05
2.79323E-07 6.61855E-04
2.79477E-07 8.43595E-04
2.79631E-07 2.95096E-04
2.79785E-07 -5.16519E-04
2.79939E-07 -8.89762E-04
2.80093E-07 -4.95134E-04
2.80247E-07 3.34127E-04
2.80401E-07 8.83342E-04
2.80555E-07 6.72378E-04
2.80709E-07 -1.24653E-04
2.80864E-07 -8.22815E-04
2.81018E-07 -8.14996E-04
2.81172E-07 -9.98632E-05
2.81326E-07 7.10025E-04
2.81480E-07 9.12935E-04
2.81634E-07 3.26025E-04
2.81788E-07 -5.50178E-04
2.81942E-07 -9.58622E-04
2.82096E-07 -5.39891E-04
2.82250E-07 3.51609E-04
2.82404E-07 9.47528E-04
2.82558E-07 7.27848E-04
2.82712E-07 -1.25346E-04
2.82866E-07 -8.78545E-04
2.83020E-07 -8.77487E-04
2.83175E-07 -1.15509E-04
2.83329E-07 7.54160E-04
2.83483E-07 9.78432E-04
2.83637E-07 3.56556E-04
2.83791E-07 -5.80397E-04
2.83945E-07 -1.02305E-03
2.84099E-07 -5.82971E-04
2.84253E-07 3.66532E-04
2.84407E-07 1.00701E-03
2.84561E-07 7.80438E-04
2.84715E-07 -1.24593E-04
2.84869E-07 -9.29645E-04
2.85023E-07 -9.36058E-04
2.85177E-07 -1.31328E-04
2.85331E-07 7.94081E-04
2.85486E-07 1.03920E-03
2.85640E-07 3.85910E-04
2.85794E-07 -6.07142E-04
2.85948E-07 -1.08224E-03
2.86102E-07 -6.23540E-04
2.86256E-07 3.79003E-04
2.86410E-07 1.06109E-03
2.86564E-07 8.29285E-04
2.86718E-07 -1.22630E-04
2.86872E-07 -9.75519E-04
2.87026E-07 -9.89841E-04
2.87180E-07 -1.46972E-04
2.87334E-07 8.29310E-04
2.87488E-07 1.09440E-03
2.87642E-07 4.13651E-04
2.87797E-07 -6.30053E-04
2.87951E-07 -1.13540E-03
2.88105E-07 -6.61093E-04
2.88259E-07 3.88773E-04
2.88413E-07 1.10900E-03
2.88567E-07 8.73842E-04
2.88721E-07 -1.19304E-04
2.88875E-07 -1.01548E-03
2.89029E-07 -1.03827E-03
2.89183E-07 -1.62514E-04
2.89337E-07 8.59232E-04
2.89491E-07 1.14347E-03
2.89645E-07 4.39789E-04
2.89799E-07 -6.48582E-04
2.89953E-07 -1.18196E-03
2.90108E-07 -6.95603E-04
2.90262E-07 3.95353E-04
2.90416E-07 1.15025E-03
2.90570E-07 9.14063E-04
2.90724E-07 -1.14178E-04
2.90878E-07 -1.04906E-03
2.91032E-07 -1.08130E-03
2.91186E-07 -1.78358E-04
2.91340E-07 8.83418E-04
2.91494E-07 1.18637E-03
2.91648E-07 4.64714E-04
2.91802E-07 -6.62342E-04
2.91956E-07 -1.22195E-03
2.92110E-07 -7.27461E-04
2.92264E-07 3.98390E-04
2.92419E-07 1.18488E-03
2.92573E-07 9.50363E-04
2.92727E-07 -1.06917E-04
2.92881E-07 -1.07637E-03
2.93035E-07 -1.11939E-03
2.93189E-07 -1.94835E-04
2.93343E-07 9.02023E-04
2.93497E-07 1.22362E-03
2.93651E-07 4.88769E-04
2.93805E-07 -6.71524E-04
2.93959E-07 -1.25594E-03
2.94113E-07 -7.57042E-04
2.94267E-07 3.98099E-04
2.94421E-07 1.21352E-03
2.94575E-07 9.83161E-04
2.94730E-07 -9.77445E-05
2.94884E-07 -1.09808E-03
2.95038E-07 -1.15301E-03
2.95192E-07 -2.11730E-04
2.95346E-07 9.15774E-04
2.95500E-07 1.25576E-03
2.95654E-07 5.11770E-04
2.95808E-07 -6.76891E-04
2.95962E-07 -1.28453E-03
2.96116E-07 -7.84212E-04
2.96270E-07 3.95262E-04
2.96424E-07 1.23687E-03
2.96578E-07 1.01240E-03
2.96732E-07 -8.74395E-05
2.96886E-07 -1.11497E-03
2.97041E-07 -1.18220E-03
2.97195E-07 -2.28291E-04
2.97349E-07 9.25501E-04
2.97503E-07 1.28292E-03
2.97657E-07 5.33016E-04
2.97811E-07 -6.79322E-04
2.97965E-07 -1.30797E-03
2.98119E-07 -8.08342E-04
2.98273E-07 3.90787E-04
2.98427E-07 1.25527E-03
2.98581E-07 1.03753E-03
2.98735E-07 -7.69213E-05
2.98889E-07 -1.12747E-03
2.99043E-07 -1.20651E-03
2.99197E-07 -2.43610E-04
2.99352E-07 9.31748E-04
2.99506E-07 1.30478E-03
2.99660E-07 5.51629E-04
2.99814E-07 -6.79441E-04
2.99968E-07 -1.32605E-03
3.00122E-07 -8.28606E-04
3.00276E-07 3.85365E-04
3.00430E-07 1.26865E-03
3.00584E-07 1.05780E-03
3.00738E-07 -6.69239E-05
3.00892E-07 -1.13564E-03
3.01046E-07 -1.22528E-03
3.01200E-07 -2.56931E-04
3.01354E-07 9.34668E-04
3.01508E-07 1.32077E-03
3.01663E-07 5.66851E-04
3.01817E-07 -6.77497E-04
3.01971E-07 -1.33831E-03
3.02125E-07 -8.44266E-04
3.02279E-07 3.79319E-04
3.02433E-07 1.27663E-03
3.02587E-07 1.07251E-03
3.02741E-07 -5.78300E-05
3.02895E-07 -1.13920E-03
3.03049E-07 -1.23784E-03
3.03203E-07 -2.67830E-04
3.03357E-07 9.34071E-04
3.03511E-07 1.33028E-03
3.03665E-07 5.78239E-04
3.03819E-07 -6.73374E-04
3.03974E-07 -1.34421E-03
3.04128E-07 -8.54873E-04
3.04282E-07 3.72591E-04
3.04436E-07 1.27873E-03
3.04590E-07 1.08122E-03
3.04744E-07 -4.96229E-05
3.04898E-07 -1.13771E-03
3.05052E-07 -1.24379E-03
3.05206E-07 -2.76300E-04
3.05360E-07 9.29560E-04
3.05514E-07 1.33292E-03
3.05668E-07 5.85778E-04
3.05822E-07 -6.66699E-04
3.05976E-07 -1.34336E-03
3.06130E-07 -8.60416E-04
3.06285E-07 3.64822E-04
3.06439E-07 1.27459E-03
3.06593E-07 1.08393E-03
3.06747E-07 -4.19358E-05
3.06901E-07 -1.13083E-03
3.07055E-07 -1.24314E-03
3.07209E-07 -2.82731E-04
3.07363E-07 9.20780E-04
3.07517E-07 1.32873E-03
3.07671E-07 5.89891E-04
3.07825E-07 -6.57101E-04
3.07979E-07 -1.33583E-03
