0.00000E+00 0.00000E+00
1.54067E-10 0.00000E+00
3.08133E-10 0.00000E+00
4.62200E-10 8.64931E-25
6.16267E-10 6.47966E-24
7.70333E-10 2.97081E-23
9.24400E-10 1.18033E-22
1.07847E-09 4.69283E-22
1.23253E-09 1.92220E-21
1.38660E-09 7.94794E-21
1.54067E-09 3.25135E-20
1.69473E-09 1.30395E-19
1.84880E-09 5.11254E-19
2.00287E-09 1.95857E-18
2.15693E-09 7.33071E-18
2.31100E-09 2.68079E-17
2.46507E-09 9.57844E-17
2.61913E-09 3.34384E-16
2.77320E-09 1.14055E-15
2.92727E-09 3.80105E-15
3.08133E-09 1.23769E-14
3.23540E-09 3.93768E-14
3.38947E-09 1.22402E-13
3.54353E-09 3.71754E-13
3.69760E-09 1.10316E-12
3.85167E-09 3.19842E-12
4.00573E-09 9.06031E-12
4.15980E-09 2.50760E-11
4.31387E-09 6.78072E-11
4.46793E-09 1.79139E-10
4.62200E-09 4.62376E-10
4.77607E-09 1.16596E-09
4.93013E-09 2.87239E-09
5.08420E-09 6.91300E-09
5.23827E-09 1.62532E-08
5.39233E-09 3.73293E-08
5.54640E-09 8.37490E-08
5.70047E-09 1.83532E-07
5.85453E-09 3.92849E-07
6.00860E-09 8.21293E-07
6.16267E-09 1.67689E-06
6.31673E-09 3.34358E-06
6.47080E-09 6.51011E-06
6.62487E-09 1.23765E-05
6.77893E-09 2.29719E-05
6.93300E-09 4.16235E-05
7.08707E-09 7.36154E-05
7.24113E-09 1.27065E-04
7.39520E-09 2.14014E-04
7.54927E-09 3.51673E-04
7.70333E-09 5.63675E-04
7.85740E-09 8.81066E-04
8.01147E-09 1.34265E-03
8.16553E-09 1.99415E-03
8.31960E-09 2.88561E-03
8.47367E-09 4.06650E-03
8.62773E-09 5.57820E-03
8.78180E-09 7.44395E-03
8.93587E-09 9.65701E-03
9.08993E-09 1.21686E-02
9.24400E-09 1.48776E-02
9.39807E-09 1.76253E-02
9.55213E-09 2.01977E-02
9.70620E-09 2.23370E-02
9.86027E-09 2.37647E-02
1.00143E-08 2.42130E-02
1.01684E-08 2.34633E-02
1.03225E-08 2.13837E-02
1.04765E-08 1.79608E-02
1.06306E-08 1.33176E-02
1.07847E-08 7.71267E-03
1.09387E-08 1.51900E-03
1.10928E-08 -4.81617E-03
1.12469E-08 -1.08245E-02
1.14009E-08 -1.60739E-02
1.15550E-08 -2.02204E-02
1.17091E-08 -2.30461E-02
1.18631E-08 -2.44761E-02
1.20172E-08 -2.45751E-02
1.21713E-08 -2.35234E-02
1.23253E-08 -2.15805E-02
1.24794E-08 -1.90426E-02
1.26335E-08 -1.62027E-02
1.27875E-08 -1.33181E-02
1.29416E-08 -1.05900E-02
1.30957E-08 -8.15485E-03
1.32497E-08 -6.08656E-03
1.34038E-08 -4.40622E-03
1.35579E-08 -3.09562E-03
1.37119E-08 -2.11166E-03
1.38660E-08 -1.39919E-03
1.40201E-08 -9.00851E-04
1.41741E-08 -5.63754E-04
1.43282E-08 -3.43008E-04
1.44823E-08 -2.02958E-04
1.46363E-08 -1.16815E-04
1.47904E-08 -6.54151E-05
1.49445E-08 -3.56466E-05
1.50985E-08 -1.89037E-05
1.52526E-08 -9.75538E-06
1.54067E-08 -4.89933E-06
1.55607E-08 -2.39631E-06
1.57148E-08 -1.14373E-06
1.58689E-08 -5.33908E-07
1.60229E-08 -2.43057E-07
1.61770E-08 -1.05913E-07
1.63311E-08 -4.24582E-08
1.64851E-08 -1.54060E-08
1.66392E-08 -6.49946E-09
1.67933E-08 -5.13325E-09
1.69473E-08 -4.70019E-09
1.71014E-08 -2.38410E-09
1.72555E-08 1.08869E-09
1.74095E-08 3.25127E-09
1.75636E-08 2.49225E-09
1.77177E-08 -4.07721E-10
1.78717E-08 -2.91566E-09
1.80258E-08 -2.90256E-09
1.81799E-08 -4.28167E-10
1.83339E-08 2.35995E-09
1.84880E-08 3.09117E-09
1.86421E-08 1.18571E-09
1.87961E-08 -1.68973E-09
1.89502E-08 -3.07840E-09
1.91043E-08 -1.83037E-09
1.92583E-08 9.47876E-10
1.94124E-08 2.87303E-09
1.95665E-08 2.32778E-09
1.97205E-08 -1.82580E-10
1.98746E-08 -2.49583E-09
2.00287E-08 -2.65382E-09
2.01827E-08 -5.58258E-10
2.03368E-08 1.97719E-09
2.04909E-08 2.79549E-09
2.06449E-08 1.22984E-09
2.07990E-08 -1.35502E-09
2.09531E-08 -2.75145E-09
2.11071E-08 -1.79312E-09
2.12612E-08 6.72290E-10
2.14153E-08 2.53179E-09
2.15693E-08 2.21698E-09
2.17234E-08 2.57369E-11
2.18775E-08 -2.15705E-09
2.20315E-08 -2.47995E-09
2.21856E-08 -6.94352E-10
2.23397E-08 1.65674E-09
2.24937E-08 2.57129E-09
2.26478E-08 1.29213E-09
2.28019E-08 -1.06726E-09
2.29559E-08 -2.49129E-09
2.31100E-08 -1.78339E-09
2.32641E-08 4.29418E-10
2.34181E-08 2.25104E-09
2.35722E-08 2.14030E-09
2.37263E-08 2.14168E-10
2.38803E-08 -1.87136E-09
2.40344E-08 -2.34436E-09
2.41885E-08 -8.21832E-10
2.43425E-08 1.38131E-09
2.44966E-08 2.38732E-09
2.46507E-08 1.35543E-09
2.48047E-08 -8.16125E-10
2.49588E-08 -2.27147E-09
2.51129E-08 -1.78266E-09
2.52669E-08 2.14797E-10
2.54210E-08 2.00919E-09
2.55751E-08 2.07896E-09
2.57291E-08 3.82455E-10
2.58832E-08 -1.62188E-09
2.60373E-08 -2.22886E-09
2.61913E-08 -9.36789E-10
2.63454E-08 1.13845E-09
2.64995E-08 2.22674E-09
2.66535E-08 1.41318E-09
2.68076E-08 -5.93198E-10
2.69617E-08 -2.07697E-09
2.71157E-08 -1.78258E-09
2.72698E-08 2.35577E-11
2.74239E-08 1.79336E-09
2.75779E-08 2.02361E-09
2.77320E-08 5.32435E-10
2.78861E-08 -1.39805E-09
2.80401E-08 -2.12379E-09
2.81942E-08 -1.03858E-09
2.83483E-08 9.19926E-10
2.85023E-08 2.08010E-09
2.86564E-08 1.46280E-09
2.88105E-08 -3.92539E-10
2.89645E-08 -1.89898E-09
2.91186E-08 -1.77916E-09
2.92727E-08 -1.48125E-10
2.94267E-08 1.59572E-09
2.95808E-08 1.96934E-09
2.97349E-08 6.66049E-10
2.98889E-08 -1.19322E-09
3.00430E-08 -2.02375E-09
3.01971E-08 -1.12753E-09
3.03511E-08 7.20384E-10
3.05052E-08 1.94189E-09
3.06593E-08 1.50331E-09
3.08133E-08 -2.10090E-10
3.09674E-08 -1.73221E-09
3.11215E-08 -1.77040E-09
3.12755E-08 -3.03032E-10
3.14296E-08 1.41140E-09
3.15837E-08 1.91345E-09
3.17377E-08 7.84900E-10
3.18918E-08 -1.00312E-09
3.20459E-08 -1.92561E-09
3.21999E-08 -1.20420E-09
3.23540E-08 5.36279E-10
3.25081E-08 1.80878E-09
3.26621E-08 1.53438E-09
3.28162E-08 -4.30894E-11
3.29703E-08 -1.57334E-09
3.31243E-08 -1.75529E-09
3.32784E-08 -4.43146E-10
3.34325E-08 1.23730E-09
3.35865E-08 1.85441E-09
3.37406E-08 8.90230E-10
3.38947E-08 -8.24969E-10
3.40487E-08 -1.82750E-09
3.42028E-08 -1.26917E-09
3.43569E-08 3.65250E-10
3.45109E-08 1.67874E-09
3.46650E-08 1.55601E-09
3.48191E-08 1.10361E-10
3.49731E-08 -1.42030E-09
3.51272E-08 -1.73336E-09
3.52813E-08 -5.69886E-10
3.54353E-08 1.07142E-09
3.55894E-08 1.79138E-09
3.57435E-08 9.82987E-10
3.58975E-08 -6.56953E-10
3.60516E-08 -1.72832E-09
3.62057E-08 -1.32294E-09
3.63597E-08 2.05710E-10
3.65138E-08 1.55052E-09
3.66679E-08 1.56833E-09
3.68219E-08 2.51571E-10
3.69760E-08 -1.27180E-09
3.71301E-08 -1.70441E-09
3.72841E-08 -6.84269E-10
3.74382E-08 9.12477E-10
3.75923E-08 1.72392E-09
3.77463E-08 1.06390E-09
3.79004E-08 -4.97874E-10
3.80545E-08 -1.62747E-09
3.82085E-08 -1.36598E-09
3.83626E-08 5.65904E-11
3.85167E-08 1.42340E-09
3.86707E-08 1.57157E-09
3.88248E-08 3.81457E-10
3.89789E-08 -1.12705E-09
3.91329E-08 -1.66846E-09
3.92870E-08 -7.87040E-10
3.94411E-08 7.59683E-10
3.95951E-08 1.65187E-09
3.97492E-08 1.13354E-09
3.99033E-08 -3.46959E-10
4.00573E-08 -1.52466E-09
4.02114E-08 -1.39869E-09
4.03655E-08 -8.28245E-11
4.05195E-08 1.29699E-09
4.06736E-08 1.56597E-09
4.08277E-08 5.00658E-10
4.09817E-08 -9.85601E-10
4.11358E-08 -1.62564E-09
4.12899E-08 -8.78755E-10
4.14439E-08 6.12560E-10
4.15980E-08 1.57526E-09
4.17521E-08 1.19238E-09
4.19061E-08 -2.03729E-10
4.20602E-08 -1.41980E-09
4.22143E-08 -1.42146E-09
4.23683E-08 -2.13007E-10
4.25224E-08 1.17114E-09
4.26765E-08 1.55184E-09
4.28305E-08 6.09627E-10
4.29846E-08 -8.47255E-10
4.31387E-08 -1.57615E-09
4.32927E-08 -9.59839E-10
4.34468E-08 4.70864E-10
4.36009E-08 1.49422E-09
4.37549E-08 1.24081E-09
4.39090E-08 -6.79046E-11
4.40631E-08 -1.31298E-09
4.42171E-08 -1.43464E-09
4.43712E-08 -3.34262E-10
4.45253E-08 1.04589E-09
4.46793E-08 1.52949E-09
4.48334E-08 7.08688E-10
4.49875E-08 -7.11978E-10
4.51415E-08 -1.52029E-09
4.52956E-08 -1.03063E-09
4.54497E-08 3.34508E-10
4.56037E-08 1.40901E-09
4.57578E-08 1.27917E-09
4.59119E-08 6.06531E-11
4.60659E-08 -1.20440E-09
4.62200E-08 -1.43858E-09
4.63741E-08 -4.46778E-10
4.65281E-08 9.21362E-10
4.66822E-08 1.49927E-09
4.68363E-08 7.98078E-10
4.69903E-08 -5.79859E-10
4.71444E-08 -1.45839E-09
4.72985E-08 -1.09141E-09
4.74525E-08 2.03518E-10
4.76066E-08 1.31992E-09
4.77607E-08 1.30779E-09
4.79147E-08 1.81984E-10
4.80688E-08 -1.09433E-09
4.82229E-08 -1.43363E-09
4.83769E-08 -5.50665E-10
4.85310E-08 7.97803E-10
4.86851E-08 1.46155E-09
4.88391E-08 8.77976E-10
4.89932E-08 -4.51071E-10
4.91473E-08 -1.39082E-09
4.93013E-08 -1.14243E-09
4.94554E-08 7.79982E-11
4.96095E-08 1.22733E-09
4.97635E-08 1.32698E-09
4.99176E-08 2.96064E-10
5.00717E-08 -9.83121E-10
5.02257E-08 -1.42016E-09
5.03798E-08 -6.45983E-10
5.05339E-08 6.75504E-10
5.06879E-08 1.41673E-09
5.08420E-08 9.48529E-10
5.09961E-08 -3.25849E-10
5.11501E-08 -1.31800E-09
5.13042E-08 -1.18391E-09
5.14583E-08 -4.18941E-11
5.16123E-08 1.13165E-09
5.17664E-08 1.33704E-09
5.19205E-08 4.02822E-10
5.20745E-08 -8.71154E-10
5.22286E-08 -1.39853E-09
5.23827E-08 -7.32758E-10
5.25367E-08 5.54809E-10
5.26908E-08 1.36523E-09
5.28449E-08 1.00986E-09
5.29989E-08 -2.04468E-10
5.31530E-08 -1.24038E-09
5.33071E-08 -1.21608E-09
5.34611E-08 -1.55967E-10
5.36152E-08 1.03333E-09
5.37693E-08 1.33828E-09
5.39233E-08 5.02166E-10
5.40774E-08 -7.58852E-10
5.42315E-08 -1.36912E-09
5.43855E-08 -8.11005E-10
5.45396E-08 4.36091E-10
5.46937E-08 1.30747E-09
5.48477E-08 1.06210E-09
5.50018E-08 -8.72322E-11
5.51559E-08 -1.15841E-09
5.53099E-08 -1.23917E-09
5.54640E-08 -2.64007E-10
5.56181E-08 9.32829E-10
5.57721E-08 1.33103E-09
5.59262E-08 5.93988E-10
5.60803E-08 -6.46662E-10
5.62343E-08 -1.33235E-09
5.63884E-08 -8.80731E-10
5.65425E-08 3.19745E-10
5.66965E-08 1.24393E-09
5.68506E-08 1.10538E-09
5.70047E-08 2.55415E-11
5.71587E-08 -1.07259E-09
5.73128E-08 -1.25341E-09
5.74669E-08 -3.65797E-10
5.76209E-08 8.30647E-10
5.77750E-08 1.31562E-09
5.79291E-08 6.78184E-10
5.80831E-08 -5.35045E-10
5.82372E-08 -1.28862E-09
5.83913E-08 -9.41952E-10
5.85453E-08 2.06175E-10
5.86994E-08 1.17508E-09
5.88535E-08 1.13981E-09
5.90075E-08 1.33530E-10
5.91616E-08 -9.83428E-10
5.93157E-08 -1.25907E-09
5.94697E-08 -4.61115E-10
5.96238E-08 7.27287E-10
5.97779E-08 1.29241E-09
5.99319E-08 7.54651E-10
6.00860E-08 -4.24476E-10
6.02401E-08 -1.23838E-09
6.03941E-08 -9.94694E-10
6.05482E-08 9.57930E-11
6.07023E-08 1.10141E-09
6.08563E-08 1.16557E-09
6.10104E-08 2.36412E-10
6.11645E-08 -8.91442E-10
6.13185E-08 -1.25641E-09
6.14726E-08 -5.49751E-10
6.16267E-08 6.23263E-10
6.17807E-08 1.26178E-09
6.19348E-08 8.23303E-10
6.20889E-08 -3.15429E-10
6.22429E-08 -1.18209E-09
6.23970E-08 -1.03900E-09
6.25511E-08 -1.09941E-11
6.27051E-08 1.02343E-09
6.28592E-08 1.18283E-09
6.30133E-08 3.33875E-10
6.31673E-08 -7.97165E-10
6.33214E-08 -1.24572E-09
6.34755E-08 -6.31508E-10
6.36295E-08 5.19095E-10
6.37836E-08 1.22413E-09
6.39377E-08 8.84072E-10
6.40917E-08 -2.08380E-10
6.42458E-08 -1.12022E-09
6.43999E-08 -1.07494E-09
6.45539E-08 -1.13787E-10
6.47080E-08 9.41675E-10
6.48621E-08 1.19178E-09
6.50161E-08 4.25620E-10
6.51702E-08 -7.01134E-10
6.53243E-08 -1.22733E-09
6.54783E-08 -7.06208E-10
6.56324E-08 4.15304E-10
6.57865E-08 1.17987E-09
6.59405E-08 9.36914E-10
6.60946E-08 -1.03798E-10
6.62487E-08 -1.05326E-09
6.64027E-08 -1.10260E-09
6.65568E-08 -2.12197E-10
6.67109E-08 8.56667E-10
6.68649E-08 1.19264E-09
6.70190E-08 5.11367E-10
6.71731E-08 -6.03894E-10
6.73271E-08 -1.20157E-09
6.74812E-08 -7.73696E-10
6.76353E-08 3.12407E-10
6.77893E-08 1.12943E-09
6.79434E-08 9.81808E-10
6.80975E-08 -2.14301E-12
6.82515E-08 -9.81712E-10
6.84056E-08 -1.12211E-09
6.85597E-08 -3.05855E-10
6.87137E-08 7.68954E-10
6.88678E-08 1.18568E-09
6.90219E-08 5.90858E-10
6.91759E-08 -5.05990E-10
6.93300E-08 -1.16882E-09
6.94841E-08 -8.33844E-10
6.96381E-08 2.10917E-10
6.97922E-08 1.07328E-09
6.99463E-08 1.01877E-09
7.01003E-08 9.61416E-11
7.02544E-08 -9.06103E-10
7.04085E-08 -1.13360E-09
7.05625E-08 -3.94410E-10
7.07166E-08 6.79082E-10
7.08707E-08 1.17115E-09
7.10247E-08 6.63860E-10
7.11788E-08 -4.07962E-10
7.13329E-08 -1.12944E-09
7.14869E-08 -8.86552E-10
7.16410E-08 1.11334E-10
7.17951E-08 1.01189E-09
7.19491E-08 1.04783E-09
7.21032E-08 1.90628E-10
7.22573E-08 -8.26957E-10
7.24113E-08 -1.13727E-09
7.25654E-08 -4.77537E-10
7.27195E-08 5.87603E-10
7.28735E-08 1.14937E-09
7.30276E-08 7.30171E-10
7.31817E-08 -3.10347E-10
7.33357E-08 -1.08387E-09
7.34898E-08 -9.31753E-10
7.36439E-08 1.41452E-11
7.37979E-08 9.45743E-10
7.39520E-08 1.06906E-09
7.41061E-08 2.80908E-10
7.42601E-08 -7.44815E-10
7.44142E-08 -1.13330E-09
7.45683E-08 -5.54935E-10
7.47223E-08 4.95068E-10
7.48764E-08 1.12066E-09
7.50305E-08 7.89617E-10
7.51845E-08 -2.13675E-10
7.53386E-08 -1.03252E-09
7.54927E-08 -9.69411E-10
7.56467E-08 -8.01771E-11
7.58008E-08 8.75350E-10
7.59549E-08 1.08258E-09
7.61089E-08 3.66598E-10
7.62630E-08 -6.60219E-10
7.64171E-08 -1.12195E-09
7.65711E-08 -6.26333E-10
7.67252E-08 4.02025E-10
7.68793E-08 1.08538E-09
7.70333E-08 8.42057E-10
7.71874E-08 -1.18463E-10
7.73415E-08 -9.75849E-10
7.74955E-08 -9.99526E-10
7.76496E-08 -1.71181E-10
7.78037E-08 8.01225E-10
7.79577E-08 1.08852E-09
7.81118E-08 4.47342E-10
7.82659E-08 -5.73718E-10
7.84199E-08 -1.10349E-09
7.85740E-08 -6.91492E-10
7.87281E-08 3.09018E-10
7.88821E-08 1.04392E-09
7.90362E-08 8.87385E-10
7.91903E-08 -2.52132E-11
7.93443E-08 -9.14327E-10
7.94984E-08 -1.02213E-09
7.96525E-08 -2.58436E-10
7.98065E-08 7.23894E-10
7.99606E-08 1.08705E-09
8.01147E-08 5.22809E-10
8.02687E-08 -4.85860E-10
8.04228E-08 -1.07821E-09
8.05769E-08 -7.50205E-10
8.07309E-08 2.16580E-10
8.08850E-08 9.96683E-10
8.10391E-08 9.25530E-10
8.11931E-08 6.55878E-11
8.13472E-08 -8.48437E-10
8.15013E-08 -1.03730E-09
8.16553E-08 -3.41537E-10
8.18094E-08 6.43891E-10
8.19635E-08 1.07837E-09
8.21175E-08 5.92701E-10
8.22716E-08 -3.97191E-10
8.24257E-08 -1.04643E-09
8.25797E-08 -8.02299E-10
8.27338E-08 1.25237E-10
8.28879E-08 9.44088E-10
8.30419E-08 9.56458E-10
8.31960E-08 1.53473E-10
8.33501E-08 -7.78680E-10
8.35041E-08 -1.04513E-09
8.36582E-08 -4.20105E-10
8.38123E-08 5.61753E-10
8.39663E-08 1.06273E-09
8.41204E-08 6.56752E-10
8.42745E-08 -3.08253E-10
8.44285E-08 -1.00852E-09
8.45826E-08 -8.47638E-10
8.47367E-08 3.54979E-11
8.48907E-08 8.86586E-10
8.50448E-08 9.80169E-10
8.51989E-08 2.37999E-10
8.53529E-08 -7.05565E-10
8.55070E-08 -1.04576E-09
8.56611E-08 -4.93790E-10
8.58151E-08 4.78022E-10
8.59692E-08 1.04039E-09
8.61233E-08 7.14728E-10
8.62773E-08 -2.19580E-10
8.64314E-08 -9.64847E-10
8.65855E-08 -8.86121E-10
8.67395E-08 -5.21441E-11
8.68936E-08 8.24641E-10
8.70477E-08 9.96703E-10
8.72017E-08 3.18746E-10
8.73558E-08 -6.29612E-10
8.75099E-08 -1.03937E-09
8.76639E-08 -5.62272E-10
8.78180E-08 3.93235E-10
8.79721E-08 1.01165E-09
8.81261E-08 7.66433E-10
8.82802E-08 -1.31697E-10
8.84343E-08 -9.15819E-10
8.85883E-08 -9.17686E-10
8.87424E-08 -1.37214E-10
8.88965E-08 7.58734E-10
8.90505E-08 1.00613E-09
8.92046E-08 3.95319E-10
8.93587E-08 -5.51345E-10
8.95127E-08 -1.02617E-09
8.96668E-08 -6.25266E-10
8.98209E-08 3.07931E-10
8.99749E-08 9.76841E-10
9.01290E-08 8.11706E-10
9.02831E-08 -4.51157E-11
9.04371E-08 -8.61860E-10
9.05912E-08 -9.42308E-10
9.07453E-08 -2.19260E-10
9.08993E-08 6.89358E-10
9.10534E-08 1.00858E-09
9.12075E-08 4.67354E-10
9.13615E-08 -4.71295E-10
9.15156E-08 -1.00640E-09
9.16697E-08 -6.82519E-10
9.18237E-08 2.22638E-10
9.19778E-08 9.36312E-10
9.21319E-08 8.50422E-10
9.22859E-08 3.96689E-11
9.24400E-08 -8.03412E-10
9.25941E-08 -9.59999E-10
9.27481E-08 -2.97853E-10
9.29022E-08 6.17016E-10
9.30563E-08 1.00418E-09
9.32103E-08 5.34518E-10
9.33644E-08 -3.89991E-10
9.35185E-08 -9.80331E-10
9.36725E-08 -7.33813E-10
9.38266E-08 1.37878E-10
9.39807E-08 8.90445E-10
9.41347E-08 8.82496E-10
9.42888E-08 1.22179E-10
9.44429E-08 -7.40937E-10
9.45969E-08 -9.70809E-10
9.47510E-08 -3.72589E-10
9.49051E-08 5.42219E-10
9.50591E-08 9.93116E-10
9.52132E-08 5.96508E-10
9.53673E-08 -3.07961E-10
9.55213E-08 -9.48266E-10
9.56754E-08 -7.78969E-10
9.58295E-08 5.41590E-11
9.59835E-08 8.39642E-10
9.61376E-08 9.07880E-10
9.62917E-08 2.01958E-10
9.64457E-08 -6.74911E-10
9.65998E-08 -9.74825E-10
9.67539E-08 -4.43094E-10
9.69079E-08 4.65484E-10
9.70620E-08 9.75613E-10
9.72161E-08 6.53058E-10
9.73701E-08 -2.25727E-10
9.75242E-08 -9.10536E-10
9.76783E-08 -8.17843E-10
9.78323E-08 -2.80228E-11
9.79864E-08 7.84327E-10
9.81405E-08 9.26564E-10
9.82945E-08 2.78570E-10
9.84486E-08 -6.05820E-10
9.86027E-08 -9.72173E-10
9.87567E-08 -5.09024E-10
9.89108E-08 3.87330E-10
9.90649E-08 9.51917E-10
9.92189E-08 7.03934E-10
9.93730E-08 -1.43806E-10
9.95271E-08 -8.67499E-10
9.96811E-08 -8.50329E-10
9.98352E-08 -1.08190E-10
9.99893E-08 7.24942E-10
1.00143E-07 9.38576E-10
1.00297E-07 3.51608E-10
1.00451E-07 -5.34160E-10
1.00606E-07 -9.63011E-10
1.00760E-07 -5.70065E-10
1.00914E-07 3.08273E-10
1.01068E-07 9.22307E-10
1.01222E-07 7.48941E-10
1.01376E-07 -6.27011E-11
1.01530E-07 -8.19536E-10
1.01684E-07 -8.76361E-10
1.01838E-07 -1.85884E-10
1.01992E-07 6.61943E-10
1.02146E-07 9.43982E-10
1.02300E-07 4.20690E-10
1.02454E-07 -4.60435E-10
1.02608E-07 -9.47534E-10
1.02762E-07 -6.25937E-10
1.02917E-07 2.28829E-10
1.03071E-07 8.87093E-10
1.03225E-07 7.87918E-10
1.03379E-07 1.70951E-11
1.03533E-07 -7.67052E-10
1.03687E-07 -8.95909E-10
1.03841E-07 -2.60669E-10
1.03995E-07 5.95802E-10
1.04149E-07 9.42884E-10
1.04303E-07 4.85463E-10
1.04457E-07 -3.85150E-10
1.04611E-07 -9.25969E-10
1.04765E-07 -6.76396E-10
1.04919E-07 1.49506E-10
1.05073E-07 8.46612E-10
1.05228E-07 8.20742E-10
1.05382E-07 9.51060E-11
1.05536E-07 -7.10469E-10
1.05690E-07 -9.08981E-10
1.05844E-07 -3.32131E-10
1.05998E-07 5.27000E-10
1.06152E-07 9.35423E-10
1.06306E-07 5.45606E-10
1.06460E-07 -3.08813E-10
1.06614E-07 -8.98576E-10
1.06768E-07 -7.21232E-10
1.06922E-07 7.08021E-11
1.07076E-07 8.01226E-10
1.07230E-07 8.47332E-10
1.07384E-07 1.70874E-10
1.07539E-07 -6.50228E-10
1.07693E-07 -9.15625E-10
1.07847E-07 -3.99885E-10
1.08001E-07 4.56025E-10
1.08155E-07 9.21771E-10
1.08309E-07 6.00829E-10
1.08463E-07 -2.31929E-10
1.08617E-07 -8.65644E-10
1.08771E-07 -7.60271E-10
1.08925E-07 -6.79503E-12
1.09079E-07 7.51319E-10
1.09233E-07 8.67639E-10
1.09387E-07 2.43963E-10
1.09541E-07 -5.86783E-10
1.09695E-07 -9.15924E-10
1.09850E-07 -4.63572E-10
1.10004E-07 3.83373E-10
1.10158E-07 9.02137E-10
1.10312E-07 6.50876E-10
1.10466E-07 -1.54997E-10
1.10620E-07 -8.27490E-10
1.10774E-07 -7.93377E-10
1.10928E-07 -8.28118E-11
1.11082E-07 6.97298E-10
1.11236E-07 8.81657E-10
1.11390E-07 3.13958E-10
1.11544E-07 -5.20601E-10
1.11698E-07 -9.09999E-10
1.11852E-07 -5.22864E-10
1.12006E-07 3.09538E-10
1.12161E-07 8.76760E-10
1.12315E-07 6.95528E-10
1.12469E-07 -7.85111E-11
1.12623E-07 -7.84457E-10
1.12777E-07 -8.20452E-10
1.12931E-07 -1.56793E-10
1.13085E-07 6.39585E-10
1.13239E-07 8.89414E-10
1.13393E-07 3.80468E-10
1.13547E-07 -4.52158E-10
1.13701E-07 -8.98006E-10
1.13855E-07 -5.77465E-10
1.14009E-07 2.35016E-10
1.14163E-07 8.45911E-10
1.14317E-07 7.34599E-10
1.14472E-07 -2.95169E-12
1.14626E-07 -7.36914E-10
1.14780E-07 -8.41435E-10
1.14934E-07 -2.28302E-10
1.15088E-07 5.78621E-10
1.15242E-07 8.90979E-10
1.15396E-07 4.43134E-10
1.15550E-07 -3.81934E-10
1.15704E-07 -8.80133E-10
1.15858E-07 -6.27111E-10
1.16012E-07 1.60298E-10
1.16166E-07 8.09890E-10
1.16320E-07 7.67942E-10
1.16474E-07 7.12124E-11
1.16628E-07 -6.85248E-10
1.16783E-07 -8.56304E-10
1.16937E-07 -2.96924E-10
1.17091E-07 5.14856E-10
1.17245E-07 8.86453E-10
1.17399E-07 5.01621E-10
1.17553E-07 -3.10413E-10
1.17707E-07 -8.56603E-10
1.17861E-07 -6.71571E-10
1.18015E-07 8.58699E-11
1.18169E-07 7.69022E-10
1.18323E-07 7.95445E-10
1.18477E-07 1.43528E-10
1.18631E-07 -6.29868E-10
1.18785E-07 -8.65071E-10
1.18939E-07 -3.62269E-10
1.19094E-07 4.48753E-10
1.19248E-07 8.75977E-10
1.19402E-07 5.55628E-10
1.19556E-07 -2.38082E-10
1.19710E-07 -8.27670E-10
1.19864E-07 -7.10653E-10
1.20018E-07 1.22060E-11
1.20172E-07 7.23658E-10
1.20326E-07 8.17034E-10
1.20480E-07 2.13560E-10
1.20634E-07 -5.71196E-10
1.20788E-07 -8.67790E-10
1.20942E-07 -4.23972E-10
1.21096E-07 3.80780E-10
1.21250E-07 8.59722E-10
1.21405E-07 6.04882E-10
1.21559E-07 -1.65423E-10
1.21713E-07 -7.93615E-10
1.21867E-07 -7.44196E-10
1.22021E-07 -6.02289E-11
1.22175E-07 6.74171E-10
1.22329E-07 8.32674E-10
1.22483E-07 2.80896E-10
1.22637E-07 -5.09673E-10
1.22791E-07 -8.64548E-10
1.22945E-07 -4.81696E-10
1.23099E-07 3.11411E-10
1.23253E-07 8.37894E-10
1.23407E-07 6.49149E-10
1.23561E-07 -9.29127E-11
1.23716E-07 -7.54749E-10
1.23870E-07 -7.72079E-10
1.24024E-07 -1.30986E-10
1.24178E-07 6.20953E-10
1.24332E-07 8.42365E-10
1.24486E-07 3.45143E-10
1.24640E-07 -4.45745E-10
1.24794E-07 -8.55468E-10
1.24948E-07 -5.35134E-10
1.25102E-07 2.41122E-10
1.25256E-07 8.10732E-10
1.25410E-07 6.88223E-10
1.25564E-07 -2.10207E-11
1.25718E-07 -7.11406E-10
1.25872E-07 -7.94218E-10
1.26027E-07 -1.99634E-10
1.26181E-07 5.64414E-10
1.26335E-07 8.46144E-10
1.26489E-07 4.05936E-10
1.26643E-07 -3.79870E-10
1.26797E-07 -8.40708E-10
1.26951E-07 -5.84010E-10
1.27105E-07 1.70385E-10
1.27259E-07 7.78500E-10
1.27413E-07 7.21938E-10
1.27567E-07 4.97952E-11
1.27721E-07 -6.63943E-10
1.27875E-07 -8.10562E-10
1.28029E-07 -2.65759E-10
1.28183E-07 5.04977E-10
1.28338E-07 8.44086E-10
1.28492E-07 4.62936E-10
1.28646E-07 -3.12510E-10
1.28800E-07 -8.20458E-10
1.28954E-07 -6.28081E-10
1.29108E-07 9.96699E-11
1.29262E-07 7.41495E-10
1.29416E-07 7.50163E-10
1.29570E-07 1.19090E-10
1.29724E-07 -6.12740E-10
1.29878E-07 -8.21101E-10
1.30032E-07 -3.28971E-10
1.30186E-07 4.43080E-10
1.30340E-07 8.36299E-10
1.30494E-07 5.15831E-10
1.30649E-07 -2.44130E-10
1.30803E-07 -7.94941E-10
1.30957E-07 -6.67136E-10
1.31111E-07 2.94389E-11
1.31265E-07 7.00034E-10
1.31419E-07 7.72801E-10
1.31573E-07 1.86434E-10
1.31727E-07 -5.58191E-10
1.31881E-07 -8.25861E-10
1.32035E-07 -3.88903E-10
1.32189E-07 3.79167E-10
1.32343E-07 8.22927E-10
1.32497E-07 5.64341E-10
1.32651E-07 -1.75195E-10
1.32805E-07 -7.64408E-10
1.32960E-07 -7.01001E-10
1.33114E-07 -3.98553E-11
1.33268E-07 6.54462E-10
1.33422E-07 7.89794E-10
1.33576E-07 2.51417E-10
1.33730E-07 -5.00707E-10
1.33884E-07 -8.24900E-10
1.34038E-07 -4.45213E-10
1.34192E-07 3.13690E-10
1.34346E-07 8.04146E-10
1.34500E-07 6.08218E-10
1.34654E-07 -1.06166E-10
1.34808E-07 -7.29139E-10
1.34962E-07 -7.29534E-10
1.35116E-07 -1.07772E-10
1.35271E-07 6.05143E-10
1.35425E-07 8.01118E-10
1.35579E-07 3.13650E-10
1.35733E-07 -4.40713E-10
1.35887E-07 -8.18317E-10
1.36041E-07 -4.97590E-10
1.36195E-07 2.47104E-10
1.36349E-07 7.80165E-10
1.36503E-07 6.47245E-10
1.36657E-07 -3.74979E-11
1.36811E-07 -6.89440E-10
1.36965E-07 -7.52631E-10
1.37119E-07 -1.73887E-10
1.37273E-07 5.52459E-10
1.37427E-07 8.06787E-10
1.37582E-07 3.72765E-10
1.37736E-07 -3.78643E-10
1.37890E-07 -8.06240E-10
1.38044E-07 -5.45747E-10
1.38198E-07 1.79863E-10
1.38352E-07 7.51220E-10
1.38506E-07 6.81239E-10
1.38660E-07 3.03617E-11
1.38814E-07 -6.45640E-10
1.38968E-07 -7.70223E-10
1.39122E-07 -2.37790E-10
1.39276E-07 4.96809E-10
1.39430E-07 8.06850E-10
1.39584E-07 4.28420E-10
1.39738E-07 -3.14936E-10
1.39893E-07 -7.88833E-10
1.40047E-07 -5.89432E-10
1.40201E-07 1.12423E-10
1.40355E-07 7.17579E-10
1.40509E-07 7.10053E-10
1.40663E-07 9.69773E-11
1.40817E-07 -5.98090E-10
1.40971E-07 -7.82276E-10
1.41125E-07 -2.99094E-10
1.41279E-07 4.38606E-10
1.41433E-07 8.01391E-10
1.41587E-07 4.80299E-10
1.41741E-07 -2.50039E-10
1.41895E-07 -7.66291E-10
1.42049E-07 -6.28423E-10
1.42204E-07 4.52306E-11
1.42358E-07 6.79534E-10
1.42512E-07 7.33573E-10
1.42666E-07 1.61928E-10
1.42820E-07 -5.47161E-10
1.42974E-07 -7.88794E-10
1.43128E-07 -3.57432E-10
1.43282E-07 3.78271E-10
1.43436E-07 7.90528E-10
1.43590E-07 5.28116E-10
1.43744E-07 -1.84399E-10
1.43898E-07 -7.38838E-10
1.44052E-07 -6.62531E-10
1.44206E-07 -2.12723E-11
1.44360E-07 6.37402E-10
1.44515E-07 7.51722E-10
1.44669E-07 2.24807E-10
1.44823E-07 -4.93239E-10
1.44977E-07 -7.89815E-10
1.45131E-07 -4.12462E-10
1.45285E-07 3.16235E-10
1.45439E-07 7.74410E-10
1.45593E-07 5.71612E-10
1.45747E-07 -1.18460E-10
1.45901E-07 -7.06729E-10
1.46055E-07 -6.91602E-10
1.46209E-07 -8.66555E-11
1.46363E-07 5.91520E-10
1.46517E-07 7.64457E-10
1.46671E-07 2.85229E-10
1.46826E-07 -4.36725E-10
1.46980E-07 -7.85411E-10
1.47134E-07 -4.63865E-10
1.47288E-07 2.52935E-10
1.47442E-07 7.53223E-10
1.47596E-07 6.10562E-10
1.47750E-07 -5.26645E-11
1.47904E-07 -6.70243E-10
1.48058E-07 -7.15515E-10
1.48212E-07 -1.50501E-10
1.48366E-07 5.42247E-10
1.48520E-07 7.71771E-10
1.48674E-07 3.42827E-10
1.48828E-07 -3.78031E-10
1.48982E-07 -7.75688E-10
1.49137E-07 -5.11353E-10
1.49291E-07 1.88809E-10
1.49445E-07 7.27177E-10
1.49599E-07 6.44772E-10
1.49753E-07 1.25523E-11
1.49907E-07 -6.29684E-10
1.50061E-07 -7.34184E-10
1.50215E-07 -2.12408E-10
1.50369E-07 4.89958E-10
1.50523E-07 7.73691E-10
1.50677E-07 3.97259E-10
1.50831E-07 -3.17577E-10
1.50985E-07 -7.60787E-10
1.51139E-07 -5.54665E-10
1.51293E-07 1.24293E-10
1.51448E-07 6.96513E-10
1.51602E-07 6.74079E-10
1.51756E-07 7.67651E-11
1.51910E-07 -5.85379E-10
1.52064E-07 -7.47557E-10
1.52218E-07 -2.71989E-10
1.52372E-07 4.35043E-10
1.52526E-07 7.70281E-10
1.52680E-07 4.48205E-10
1.52834E-07 -2.55790E-10
1.52988E-07 -7.40878E-10
1.53142E-07 -5.93570E-10
1.53296E-07 5.98243E-11
1.53450E-07 6.61501E-10
1.53604E-07 6.98358E-10
1.53759E-07 1.39561E-10
1.53913E-07 -5.37674E-10
1.54067E-07 -7.55619E-10
1.54221E-07 -3.28881E-10
1.54375E-07 3.77904E-10
1.54529E-07 7.61635E-10
1.54683E-07 4.95376E-10
1.54837E-07 -1.93100E-10
1.54991E-07 -7.16161E-10
1.55145E-07 -6.27869E-10
1.55299E-07 -4.17016E-12
1.55453E-07 6.22432E-10
1.55607E-07 7.17514E-10
1.55761E-07 2.00539E-10
1.55915E-07 -4.86933E-10
1.56070E-07 -7.58388E-10
1.56224E-07 -3.82740E-10
1.56378E-07 3.18951E-10
1.56532E-07 7.47882E-10
1.56686E-07 5.38507E-10
1.56840E-07 -1.29938E-10
1.56994E-07 -6.86867E-10
1.57148E-07 -6.57396E-10
1.57302E-07 -6.72687E-11
1.57456E-07 5.79622E-10
1.57610E-07 7.31489E-10
1.57764E-07 2.59318E-10
1.57918E-07 -4.33536E-10
1.58072E-07 -7.55917E-10
1.58226E-07 -4.33249E-10
1.58381E-07 2.58603E-10
1.58535E-07 7.29183E-10
1.58689E-07 5.77364E-10
1.58843E-07 -6.67306E-11
1.58997E-07 -6.53252E-10
1.59151E-07 -6.82017E-10
1.59305E-07 -1.29063E-10
1.59459E-07 5.33405E-10
1.59613E-07 7.40257E-10
1.59767E-07 3.15535E-10
1.59921E-07 -3.77875E-10
1.60075E-07 -7.48291E-10
1.60229E-07 -4.80114E-10
1.60383E-07 1.97280E-10
1.60537E-07 7.05728E-10
1.60692E-07 6.11744E-10
1.60846E-07 -3.90132E-12
1.61000E-07 -6.15598E-10
1.61154E-07 -7.01632E-10
1.61308E-07 -1.89156E-10
1.61462E-07 4.84136E-10
1.61616E-07 7.43829E-10
1.61770E-07 3.68847E-10
1.61924E-07 -3.20350E-10
1.62078E-07 -7.35628E-10
1.62232E-07 -5.23068E-10
1.62386E-07 1.35407E-10
1.62540E-07 6.77734E-10
1.62694E-07 6.41475E-10
1.62848E-07 5.81345E-11
1.63003E-07 -5.74208E-10
1.63157E-07 -7.16174E-10
1.63311E-07 -2.47168E-10
1.63465E-07 4.32184E-10
1.63619E-07 7.42247E-10
1.63773E-07 4.18934E-10
1.63927E-07 -2.61372E-10
1.64081E-07 -7.18078E-10
1.64235E-07 -5.61875E-10
1.64389E-07 7.34027E-11
1.64543E-07 6.45447E-10
1.64697E-07 6.66418E-10
1.64851E-07 1.18972E-10
1.65005E-07 -5.29408E-10
1.65159E-07 -7.25611E-10
1.65314E-07 -3.02738E-10
1.65468E-07 3.77930E-10
1.65622E-07 7.35589E-10
1.65776E-07 4.65503E-10
1.65930E-07 -2.01354E-10
1.66084E-07 -6.95820E-10
1.66238E-07 -5.96328E-10
1.66392E-07 1.16857E-11
1.66546E-07 6.09140E-10
1.66700E-07 6.86466E-10
1.66854E-07 1.78218E-10
1.67008E-07 -4.81541E-10
1.67162E-07 -7.29945E-10
1.67316E-07 -3.55523E-10
1.67470E-07 3.21768E-10
1.67625E-07 7.23961E-10
1.67779E-07 5.08284E-10
1.67933E-07 -1.40710E-10
1.68087E-07 -6.69064E-10
1.68241E-07 -6.26249E-10
1.68395E-07 -4.93340E-11
1.68549E-07 5.69104E-10
1.68703E-07 7.01545E-10
1.68857E-07 2.35495E-10
1.69011E-07 -4.30967E-10
1.69165E-07 -7.29208E-10
1.69319E-07 -4.05205E-10
1.69473E-07 2.64098E-10
1.69627E-07 7.07505E-10
1.69781E-07 5.47040E-10
1.69936E-07 -7.98569E-11
1.70090E-07 -6.38044E-10
1.70244E-07 -6.51495E-10
1.70398E-07 -1.09255E-10
1.70552E-07 5.25656E-10
1.70706E-07 7.11617E-10
1.70860E-07 2.90444E-10
1.71014E-07 -3.78058E-10
1.71168E-07 -7.23471E-10
1.71322E-07 -4.51487E-10
1.71476E-07 2.05326E-10
1.71630E-07 6.86390E-10
1.71784E-07 5.81558E-10
1.71938E-07 -1.92047E-11
1.72092E-07 -6.03021E-10
1.72247E-07 -6.71953E-10
1.72401E-07 -1.67690E-10
1.72555E-07 4.79128E-10
1.72709E-07 7.16675E-10
1.72863E-07 3.42724E-10
1.73017E-07 -3.23198E-10
1.73171E-07 -7.12830E-10
1.73325E-07 -4.94101E-10
1.73479E-07 1.45860E-10
1.73633E-07 6.60815E-10
1.73787E-07 6.11658E-10
1.73941E-07 4.08418E-11
1.74095E-07 -5.64278E-10
1.74249E-07 -6.87543E-10
1.74403E-07 -2.24262E-10
1.74558E-07 4.29870E-10
1.74712E-07 7.16744E-10
1.74866E-07 3.92014E-10
1.75020E-07 -2.66780E-10
1.75174E-07 -6.97418E-10
1.75328E-07 -5.32803E-10
1.75482E-07 8.61080E-11
1.75636E-07 6.31004E-10
1.75790E-07 6.37190E-10
1.75944E-07 9.98849E-11
1.76098E-07 -5.22122E-10
1.76252E-07 -6.98219E-10
1.76406E-07 -2.78614E-10
1.76560E-07 3.78248E-10
1.76714E-07 7.11884E-10
1.76869E-07 4.38019E-10
1.77023E-07 -2.09201E-10
1.77177E-07 -6.77394E-10
1.77331E-07 -5.67380E-10
1.77485E-07 2.64765E-11
1.77639E-07 5.97210E-10
1.77793E-07 6.58037E-10
1.77947E-07 1.57539E-10
1.78101E-07 -4.76876E-10
1.78255E-07 -7.03967E-10
1.78409E-07 -3.30406E-10
1.78563E-07 3.24635E-10
1.78717E-07 7.02187E-10
1.78871E-07 4.80469E-10
1.79025E-07 -1.50864E-10
1.79180E-07 -6.52947E-10
1.79334E-07 -5.97648E-10
1.79488E-07 -3.26353E-11
1.79642E-07 5.59705E-10
1.79796E-07 6.74113E-10
1.79950E-07 2.13434E-10
1.80104E-07 -4.28881E-10
1.80258E-07 -7.04805E-10
1.80412E-07 -3.79318E-10
1.80566E-07 2.69417E-10
1.80720E-07 6.87773E-10
1.80874E-07 5.19117E-10
1.81028E-07 -9.21695E-11
1.81182E-07 -6.24295E-10
1.81336E-07 -6.23452E-10
1.81491E-07 -9.08345E-11
1.81645E-07 5.18787E-10
1.81799E-07 6.85365E-10
1.81953E-07 2.67211E-10
1.82107E-07 -3.78491E-10
1.82261E-07 -7.00785E-10
1.82415E-07 -4.25055E-10
1.82569E-07 2.12984E-10
1.82723E-07 6.68793E-10
1.82877E-07 5.53749E-10
1.83031E-07 -3.35181E-11
1.83185E-07 -5.91677E-10
1.83339E-07 -6.44670E-10
1.83493E-07 -1.47740E-10
1.83647E-07 4.74769E-10
1.83802E-07 6.91773E-10
1.83956E-07 3.18532E-10
1.84110E-07 -3.26076E-10
1.84264E-07 -6.91990E-10
1.84418E-07 -4.67344E-10
1.84572E-07 1.55731E-10
1.84726E-07 6.45429E-10
1.84880E-07 5.84174E-10
1.85034E-07 2.46952E-11
1.85188E-07 -5.55360E-10
1.85342E-07 -6.61209E-10
1.85496E-07 -2.02980E-10
1.85650E-07 4.27985E-10
1.85804E-07 6.93347E-10
1.85958E-07 3.67080E-10
1.86113E-07 -2.72010E-10
1.86267E-07 -6.78532E-10
1.86421E-07 -5.05939E-10
1.86575E-07 9.80526E-11
1.86729E-07 6.17886E-10
1.86883E-07 6.10236E-10
1.87037E-07 8.20825E-11
1.87191E-07 -5.15629E-10
1.87345E-07 -6.73012E-10
1.87499E-07 -2.56203E-10
1.87653E-07 3.78780E-10
1.87807E-07 6.90132E-10
1.87961E-07 4.12556E-10
1.88115E-07 -2.16678E-10
1.88269E-07 -6.60554E-10
1.88424E-07 -5.40619E-10
1.88578E-07 4.03445E-11
1.88732E-07 5.86399E-10
1.88886E-07 6.31807E-10
1.89040E-07 1.38264E-10
1.89194E-07 -4.72793E-10
1.89348E-07 -6.80052E-10
1.89502E-07 -3.07071E-10
1.89656E-07 3.27515E-10
1.89810E-07 6.82201E-10
1.89964E-07 4.54688E-10
1.90118E-07 -1.60468E-10
1.90272E-07 -6.38228E-10
1.90426E-07 -5.71194E-10
1.90580E-07 -1.70034E-11
1.90735E-07 5.51222E-10
1.90889E-07 6.48790E-10
1.91043E-07 1.92876E-10
1.91197E-07 -4.27172E-10
1.91351E-07 -6.82331E-10
1.91505E-07 -3.55265E-10
1.91659E-07 2.74558E-10
1.91813E-07 6.69661E-10
1.91967E-07 4.93228E-10
1.92121E-07 -1.03769E-10
1.92275E-07 -6.11753E-10
1.92429E-07 -5.97501E-10
1.92583E-07 -7.36076E-11
1.92737E-07 5.12634E-10
1.92891E-07 6.61121E-10
1.93046E-07 2.45563E-10
1.93200E-07 -3.79108E-10
1.93354E-07 -6.79888E-10
1.93508E-07 -4.00488E-10
1.93662E-07 2.20287E-10
1.93816E-07 6.52646E-10
1.93970E-07 5.27953E-10
1.94124E-07 -4.69694E-11
1.94278E-07 -5.81351E-10
1.94432E-07 -6.19410E-10
1.94586E-07 -1.29093E-10
1.94740E-07 4.70932E-10
1.94894E-07 6.68766E-10
1.95048E-07 2.95992E-10
1.95202E-07 -3.28950E-10
1.95357E-07 -6.72789E-10
1.95511E-07 -4.42467E-10
1.95665E-07 1.65081E-10
1.95819E-07 6.31319E-10
1.95973E-07 5.58669E-10
1.96127E-07 9.54418E-12
1.96281E-07 -5.47272E-10
1.96435E-07 -6.36818E-10
1.96589E-07 -1.83095E-10
1.96743E-07 4.26433E-10
1.96897E-07 6.71723E-10
1.97051E-07 3.43843E-10
1.97205E-07 -2.77062E-10
1.97359E-07 -6.61131E-10
1.97513E-07 -4.80951E-10
1.97668E-07 1.09326E-10
1.97822E-07 6.05870E-10
1.97976E-07 5.85211E-10
1.98130E-07 6.53923E-11
1.98284E-07 -5.09784E-10
1.98438E-07 -6.49654E-10
1.98592E-07 -2.35265E-10
1.98746E-07 3.79467E-10
1.98900E-07 6.70021E-10
1.99054E-07 3.88820E-10
1.99208E-07 -2.23813E-10
1.99362E-07 -6.45042E-10
1.99516E-07 -5.15717E-10
1.99670E-07 5.34046E-11
1.99824E-07 5.76515E-10
1.99979E-07 6.07443E-10
2.00133E-07 1.20203E-10
2.00287E-07 -4.69177E-10
2.00441E-07 -6.57881E-10
2.00595E-07 -2.85267E-10
2.00749E-07 3.30379E-10
2.00903E-07 6.63722E-10
2.01057E-07 4.30649E-10
2.01211E-07 -1.69578E-10
2.01365E-07 -6.24676E-10
2.01519E-07 -5.46567E-10
2.01673E-07 -2.30257E-12
2.01827E-07 5.43493E-10
2.01981E-07 6.25258E-10
2.02135E-07 1.73617E-10
2.02290E-07 -4.25759E-10
2.02444E-07 -6.61490E-10
2.02598E-07 -3.32786E-10
2.02752E-07 2.79522E-10
2.02906E-07 6.52914E-10
2.03060E-07 4.69077E-10
2.03214E-07 -1.14734E-10
2.03368E-07 -6.00217E-10
2.03522E-07 -5.73333E-10
2.03676E-07 -5.74196E-11
2.03830E-07 5.07066E-10
2.03984E-07 6.38581E-10
2.04138E-07 2.25285E-10
2.04292E-07 -3.79854E-10
2.04446E-07 -6.60503E-10
2.04601E-07 -3.77523E-10
2.04755E-07 2.27260E-10
2.04909E-07 6.37717E-10
2.05063E-07 5.03881E-10
2.05217E-07 -5.96611E-11
2.05371E-07 -5.71871E-10
2.05525E-07 -5.95875E-10
2.05679E-07 -1.11579E-10
2.05833E-07 4.67516E-10
2.05987E-07 6.47368E-10
2.06141E-07 2.74874E-10
2.06295E-07 -3.31797E-10
2.06449E-07 -6.54974E-10
2.06603E-07 -4.19205E-10
2.06757E-07 1.73963E-10
2.06912E-07 6.18280E-10
2.07066E-07 5.34858E-10
2.07220E-07 -4.73426E-12
2.07374E-07 -5.39870E-10
2.07528E-07 -6.14082E-10
2.07682E-07 -1.64422E-10
2.07836E-07 4.25143E-10
2.07990E-07 6.51604E-10
2.08144E-07 3.22070E-10
2.08298E-07 -2.81938E-10
2.08452E-07 -6.44986E-10
2.08606E-07 -4.57579E-10
2.08760E-07 1.20001E-10
2.08914E-07 5.94775E-10
2.09068E-07 5.61838E-10
2.09223E-07 4.96753E-11
2.09377E-07 -5.04468E-10
2.09531E-07 -6.27873E-10
2.09685E-07 -2.15603E-10
2.09839E-07 3.80262E-10
2.09993E-07 6.51306E-10
2.10147E-07 3.66574E-10
2.10301E-07 -2.30631E-10
2.10455E-07 -6.30650E-10
2.10609E-07 -4.92415E-10
2.10763E-07 6.57492E-11
2.10917E-07 5.67404E-10
2.11071E-07 5.84677E-10
2.11225E-07 1.03202E-10
2.11379E-07 -4.65940E-10
2.11534E-07 -6.37199E-10
2.11688E-07 -2.64791E-10
2.11842E-07 3.33204E-10
2.11996E-07 6.46520E-10
2.12150E-07 4.08111E-10
2.12304E-07 -1.78241E-10
2.12458E-07 -6.12109E-10
2.12612E-07 -5.23514E-10
2.12766E-07 1.15778E-11
2.12920E-07 5.36390E-10
2.13074E-07 6.03260E-10
2.13228E-07 1.55492E-10
2.13382E-07 -4.24577E-10
2.13536E-07 -6.42040E-10
2.13690E-07 -3.11672E-10
2.13845E-07 2.84309E-10
2.13999E-07 6.37324E-10
2.14153E-07 4.46428E-10
2.14307E-07 -1.25134E-10
2.14461E-07 -5.89528E-10
2.14615E-07 -5.50699E-10
2.14769E-07 -4.21451E-11
2.14923E-07 5.01980E-10
2.15077E-07 6.17503E-10
2.15231E-07 2.06200E-10
2.15385E-07 -3.80688E-10
2.15539E-07 -6.42407E-10
2.15693E-07 -3.55948E-10
2.15847E-07 2.33928E-10
2.16001E-07 6.23821E-10
2.16156E-07 4.81296E-10
2.16310E-07 -7.16775E-11
2.16464E-07 -5.63099E-10
2.16618E-07 -5.73824E-10
2.16772E-07 -9.50587E-11
2.16926E-07 4.64440E-10
2.17080E-07 6.27349E-10
2.17234E-07 2.54998E-10
2.17388E-07 -3.34596E-10
2.17542E-07 -6.38340E-10
2.17696E-07 -3.97344E-10
2.17850E-07 1.82417E-10
2.18004E-07 6.06146E-10
2.18158E-07 5.12510E-10
2.18312E-07 -1.82394E-11
2.18467E-07 -5.33041E-10
2.18621E-07 -5.92770E-10
2.18775E-07 -1.46811E-10
2.18929E-07 4.24055E-10
2.19083E-07 6.32775E-10
2.19237E-07 3.01572E-10
2.19391E-07 -2.86637E-10
2.19545E-07 -6.29909E-10
2.19699E-07 -4.35605E-10
2.19853E-07 1.30138E-10
2.20007E-07 5.84458E-10
2.20161E-07 5.39892E-10
2.20315E-07 3.48174E-11
2.20469E-07 -4.99590E-10
2.20623E-07 -6.07448E-10
2.20778E-07 -1.97060E-10
2.20932E-07 3.81127E-10
2.21086E-07 6.33785E-10
2.21240E-07 3.45625E-10
2.21394E-07 -2.37152E-10
2.21548E-07 -6.17212E-10
2.21702E-07 -4.70500E-10
2.21856E-07 7.74546E-11
2.22010E-07 5.58943E-10
2.22164E-07 5.63292E-10
2.22318E-07 8.71349E-11
2.22472E-07 -4.63008E-10
2.22626E-07 -6.17797E-10
2.22780E-07 -2.45478E-10
2.22934E-07 3.35973E-10
2.23089E-07 6.30412E-10
2.23243E-07 3.86882E-10
2.23397E-07 -1.86495E-10
2.23551E-07 -6.00376E-10
2.23705E-07 -5.01823E-10
2.23859E-07 2.47285E-11
2.24013E-07 5.29810E-10
2.24167E-07 5.82588E-10
2.24321E-07 1.38364E-10
2.24475E-07 -4.23572E-10
2.24629E-07 -6.23788E-10
2.24783E-07 -2.91752E-10
2.24937E-07 2.88921E-10
2.25091E-07 6.22722E-10
2.25245E-07 4.25086E-10
2.25400E-07 -1.35021E-10
2.25554E-07 -5.79554E-10
2.25708E-07 -5.29394E-10
2.25862E-07 -2.76804E-11
2.26016E-07 4.97291E-10
2.26170E-07 5.97686E-10
2.26324E-07 1.88165E-10
2.26478E-07 -3.81577E-10
2.26632E-07 -6.25420E-10
2.26786E-07 -3.35587E-10
2.26940E-07 2.40308E-10
2.27094E-07 6.10807E-10
2.27248E-07 4.60007E-10
2.27402E-07 -8.30881E-11
2.27556E-07 -5.54924E-10
2.27711E-07 -5.53060E-10
2.27865E-07 -7.94183E-11
2.28019E-07 4.61637E-10
2.28173E-07 6.08521E-10
2.28327E-07 2.36213E-10
2.28481E-07 -3.37333E-10
2.28635E-07 -6.22721E-10
2.28789E-07 -3.76707E-10
2.28943E-07 1.90479E-10
2.29097E-07 5.94784E-10
2.29251E-07 4.91434E-10
2.29405E-07 -3.10540E-11
2.29559E-07 -5.26688E-10
2.29713E-07 -5.72693E-10
2.29867E-07 -1.30138E-10
2.30022E-07 4.23122E-10
2.30176E-07 6.15059E-10
2.30330E-07 2.82195E-10
2.30484E-07 -2.91161E-10
2.30638E-07 -6.15748E-10
2.30792E-07 -4.14854E-10
2.30946E-07 1.39787E-10
2.31100E-07 5.74801E-10
2.31254E-07 5.19187E-10
2.31408E-07 2.07246E-11
2.31562E-07 -4.95072E-10
2.31716E-07 -5.88198E-10
2.31870E-07 -1.79503E-10
2.32024E-07 3.82033E-10
2.32178E-07 6.17293E-10
2.32333E-07 3.25816E-10
2.32487E-07 -2.43395E-10
2.32641E-07 -6.04589E-10
2.32795E-07 -4.49797E-10
2.32949E-07 8.85846E-11
2.33103E-07 5.51030E-10
2.33257E-07 5.43108E-10
2.33411E-07 7.18976E-11
2.33565E-07 -4.60322E-10
2.33719E-07 -5.99504E-10
2.33873E-07 -2.27189E-10
2.34027E-07 3.38674E-10
2.34181E-07 6.15247E-10
2.34335E-07 3.66800E-10
2.34489E-07 -1.94374E-10
2.34644E-07 -5.89356E-10
2.34798E-07 -4.81324E-10
2.34952E-07 3.72247E-11
2.35106E-07 5.23667E-10
2.35260E-07 5.63068E-10
2.35414E-07 1.22121E-10
2.35568E-07 -4.22702E-10
2.35722E-07 -6.06572E-10
2.35876E-07 -2.72885E-10
2.36030E-07 2.93359E-10
2.36184E-07 6.08972E-10
2.36338E-07 4.04891E-10
2.36492E-07 -1.44442E-10
2.36646E-07 -5.70189E-10
2.36800E-07 -5.09251E-10
2.36955E-07 -1.39401E-11
2.37109E-07 4.92929E-10
2.37263E-07 5.78966E-10
2.37417E-07 1.71060E-10
2.37571E-07 -3.82494E-10
2.37725E-07 -6.09391E-10
2.37879E-07 -3.16297E-10
2.38033E-07 2.46416E-10
2.38187E-07 5.98548E-10
2.38341E-07 4.39853E-10
2.38495E-07 -9.39506E-11
2.38649E-07 -5.47253E-10
2.38803E-07 -5.33420E-10
2.38957E-07 -6.45627E-11
2.39111E-07 4.59056E-10
2.39266E-07 5.90728E-10
2.39420E-07 2.18393E-10
2.39574E-07 -3.39994E-10
2.39728E-07 -6.07978E-10
2.39882E-07 -3.57148E-10
2.40036E-07 1.98180E-10
2.40190E-07 5.84081E-10
2.40344E-07 4.71476E-10
2.40498E-07 -4.32474E-11
2.40652E-07 -5.20737E-10
2.40806E-07 -5.53695E-10
2.40960E-07 -1.14302E-10
2.41114E-07 4.22306E-10
2.41268E-07 5.98311E-10
2.41422E-07 2.63809E-10
2.41577E-07 -2.95514E-10
2.41731E-07 -6.02379E-10
2.41885E-07 -3.95181E-10
2.42039E-07 1.48990E-10
2.42193E-07 5.65707E-10
2.42347E-07 4.99571E-10
2.42501E-07 7.31894E-12
2.42655E-07 -4.90853E-10
2.42809E-07 -5.69974E-10
2.42963E-07 -1.62825E-10
2.43117E-07 3.82955E-10
2.43271E-07 6.01696E-10
2.43425E-07 3.07015E-10
2.43579E-07 -2.49374E-10
2.43733E-07 -5.92669E-10
2.43888E-07 -4.30161E-10
2.44042E-07 9.91914E-11
2.44196E-07 5.43582E-10
2.44350E-07 5.23978E-10
2.44504E-07 5.74042E-11
2.44658E-07 -4.57834E-10
2.44812E-07 -5.82179E-10
2.44966E-07 -2.09812E-10
2.45120E-07 3.41294E-10
2.45274E-07 6.00898E-10
2.45428E-07 3.47734E-10
2.45582E-07 -2.01902E-10
2.45736E-07 -5.78948E-10
2.45890E-07 -4.61874E-10
2.46044E-07 4.91290E-11
2.46199E-07 5.17891E-10
2.46353E-07 5.44559E-10
2.46507E-07 1.06670E-10
2.46661E-07 -4.21932E-10
2.46815E-07 -5.90260E-10
2.46969E-07 -2.54953E-10
2.47123E-07 2.97627E-10
2.47277E-07 5.95957E-10
2.47431E-07 3.85709E-10
2.47585E-07 -1.53436E-10
2.47739E-07 -5.61344E-10
2.47893E-07 -4.90131E-10
2.48047E-07 -8.52860E-13
2.48201E-07 4.88838E-10
2.48355E-07 5.61207E-10
2.48510E-07 1.54786E-10
2.48664E-07 -3.83416E-10
2.48818E-07 -5.94196E-10
2.48972E-07 -2.97957E-10
2.49126E-07 2.52268E-10
2.49280E-07 5.86941E-10
2.49434E-07 4.20704E-10
2.49588E-07 -1.04313E-10
2.49742E-07 -5.40010E-10
2.49896E-07 -5.14767E-10
2.50050E-07 -5.04129E-11
2.50204E-07 4.56651E-10
2.50358E-07 5.73840E-10
2.50512E-07 2.01434E-10
2.50666E-07 -3.42571E-10
2.50821E-07 -5.93996E-10
2.50975E-07 -3.38546E-10
2.51129E-07 2.05543E-10
2.51283E-07 5.73946E-10
2.51437E-07 4.52503E-10
2.51591E-07 -5.48763E-11
2.51745E-07 -5.15122E-10
2.51899E-07 -5.35645E-10
2.52053E-07 -9.92158E-11
2.52207E-07 4.21575E-10
2.52361E-07 5.82406E-10
2.52515E-07 2.46307E-10
2.52669E-07 -2.99696E-10
2.52823E-07 -5.89695E-10
2.52977E-07 -3.76463E-10
2.53132E-07 1.57782E-10
2.53286E-07 5.57092E-10
2.53440E-07 4.80916E-10
2.53594E-07 -5.46577E-12
2.53748E-07 -4.86879E-10
2.53902E-07 -5.52651E-10
2.54056E-07 -1.46934E-10
2.54210E-07 3.83873E-10
2.54364E-07 5.86879E-10
2.54518E-07 2.89111E-10
2.54672E-07 -2.55102E-10
2.54826E-07 -5.81355E-10
2.54980E-07 -4.11470E-10
2.55134E-07 1.09320E-10
2.55288E-07 5.36528E-10
2.55443E-07 5.05775E-10
2.55597E-07 4.35809E-11
2.55751E-07 -4.55503E-10
2.55905E-07 -5.65701E-10
2.56059E-07 -1.93249E-10
2.56213E-07 3.43826E-10
2.56367E-07 5.87260E-10
2.56521E-07 3.29571E-10
2.56675E-07 -2.09105E-10
2.56829E-07 -5.69066E-10
2.56983E-07 -4.43351E-10
2.57137E-07 6.04948E-11
2.57291E-07 5.12423E-10
2.57445E-07 5.26939E-10
2.57599E-07 9.19307E-11
2.57754E-07 -4.21232E-10
2.57908E-07 -5.74738E-10
2.58062E-07 -2.37857E-10
2.58216E-07 3.01725E-10
2.58370E-07 5.83582E-10
2.58524E-07 3.67429E-10
2.58678E-07 -1.62034E-10
2.58832E-07 -5.52944E-10
2.58986E-07 -4.71914E-10
2.59140E-07 1.16431E-11
2.59294E-07 4.84971E-10
2.59448E-07 5.44293E-10
2.59602E-07 1.39258E-10
2.59756E-07 -3.84326E-10
2.59910E-07 -5.79732E-10
2.60065E-07 -2.80465E-10
2.60219E-07 2.57875E-10
2.60373E-07 5.75900E-10
2.60527E-07 4.02446E-10
2.60681E-07 -1.14218E-10
2.60835E-07 -5.33130E-10
2.60989E-07 -4.96988E-10
2.61143E-07 -3.69010E-11
2.61297E-07 4.54385E-10
2.61451E-07 5.57748E-10
2.61605E-07 1.85248E-10
2.61759E-07 -3.45056E-10
2.61913E-07 -5.80680E-10
2.62067E-07 -3.20797E-10
2.62221E-07 2.12591E-10
2.62376E-07 5.64300E-10
2.62530E-07 4.34406E-10
2.62684E-07 -6.59904E-11
2.62838E-07 -5.09789E-10
2.62992E-07 -5.18431E-10
2.63146E-07 -8.48068E-11
2.63300E-07 4.20902E-10
2.63454E-07 5.67244E-10
2.63608E-07 2.29596E-10
2.63762E-07 -3.03711E-10
2.63916E-07 -5.77608E-10
2.64070E-07 -3.58596E-10
2.64224E-07 1.66194E-10
2.64378E-07 5.48892E-10
2.64532E-07 4.63113E-10
2.64687E-07 -1.76854E-11
2.64841E-07 -4.83108E-10
2.64995E-07 -5.36122E-10
2.65149E-07 -1.31752E-10
2.65303E-07 3.84771E-10
2.65457E-07 5.72745E-10
2.65611E-07 2.72010E-10
2.65765E-07 -2.60590E-10
2.65919E-07 -5.70568E-10
2.66073E-07 -3.93621E-10
2.66227E-07 1.19010E-10
2.66381E-07 5.29810E-10
2.66535E-07 4.88396E-10
2.66689E-07 3.03660E-11
2.66843E-07 -4.53295E-10
2.66998E-07 -5.49972E-10
2.67152E-07 -1.77421E-10
2.67306E-07 3.46262E-10
2.67460E-07 5.74245E-10
2.67614E-07 3.12215E-10
2.67768E-07 -2.16003E-10
2.67922E-07 -5.59640E-10
2.68076E-07 -4.25655E-10
2.68230E-07 7.13681E-11
2.68384E-07 5.07214E-10
2.68538E-07 5.10108E-10
2.68692E-07 7.78365E-11
2.68846E-07 -4.20580E-10
2.69000E-07 -5.59913E-10
2.69154E-07 -2.21512E-10
2.69309E-07 3.05657E-10
2.69463E-07 5.71765E-10
2.69617E-07 3.49954E-10
2.69771E-07 -1.70265E-10
2.69925E-07 -5.44928E-10
2.70079E-07 -4.54502E-10
2.70233E-07 2.35986E-11
2.70387E-07 4.81286E-10
2.70541E-07 5.28128E-10
2.70695E-07 1.24406E-10
2.70849E-07 -3.85208E-10
2.71003E-07 -5.65909E-10
2.71157E-07 -2.63736E-10
2.71311E-07 2.63248E-10
2.71465E-07 5.65351E-10
2.71620E-07 3.84986E-10
2.71774E-07 -1.23699E-10
2.71928E-07 -5.26561E-10
2.72082E-07 -4.79986E-10
2.72236E-07 -2.39702E-11
2.72390E-07 4.52229E-10
2.72544E-07 5.42360E-10
2.72698E-07 1.69761E-10
2.72852E-07 -3.47442E-10
2.73006E-07 -5.67946E-10
2.73160E-07 -3.03815E-10
2.73314E-07 2.19342E-10
2.73468E-07 5.55078E-10
2.73622E-07 4.17090E-10
2.73776E-07 -7.66315E-11
2.73931E-07 -5.04693E-10
2.74085E-07 -5.01960E-10
2.74239E-07 -7.10133E-11
2.74393E-07 4.20265E-10
2.74547E-07 5.52736E-10
2.74701E-07 2.13599E-10
2.74855E-07 -3.07560E-10
2.75009E-07 -5.66043E-10
2.75163E-07 -3.41493E-10
2.75317E-07 1.74251E-10
2.75471E-07 5.41046E-10
2.75625E-07 4.46070E-10
2.75779E-07 -2.93877E-11
2.75933E-07 -4.79502E-10
2.76087E-07 -5.20300E-10
2.76242E-07 -1.17213E-10
2.76396E-07 3.85635E-10
2.76550E-07 5.59213E-10
2.76704E-07 2.55634E-10
2.76858E-07 -2.65850E-10
2.77012E-07 -5.60241E-10
2.77166E-07 -3.76528E-10
2.77320E-07 1.28292E-10
2.77474E-07 5.23378E-10
2.77628E-07 4.71750E-10
2.77782E-07 1.77069E-11
2.77936E-07 -4.51182E-10
2.78090E-07 -5.34905E-10
2.78244E-07 -1.62258E-10
2.78398E-07 3.48597E-10
2.78553E-07 5.61776E-10
2.78707E-07 2.95588E-10
2.78861E-07 -2.22612E-10
2.79015E-07 -5.50609E-10
2.79169E-07 -4.08700E-10
2.79323E-07 8.17865E-11
2.79477E-07 5.02223E-10
2.79631E-07 4.93979E-10
2.79785E-07 6.43304E-11
2.79939E-07 -4.19954E-10
2.80093E-07 -5.45704E-10
2.80247E-07 -2.05848E-10
2.80401E-07 3.09423E-10
2.80555E-07 5.60436E-10
2.80709E-07 3.33204E-10
2.80864E-07 -1.78154E-10
2.81018E-07 -5.37241E-10
2.81172E-07 -4.37809E-10
2.81326E-07 3.50582E-11
2.81480E-07 4.77751E-10
2.81634E-07 5.12628E-10
2.81788E-07 1.10167E-10
2.81942E-07 -3.86051E-10
2.82096E-07 -5.52652E-10
2.82250E-07 -2.47695E-10
2.82404E-07 2.68397E-10
2.82558E-07 5.55231E-10
2.82712E-07 3.68240E-10
2.82866E-07 -1.32789E-10
2.83020E-07 -5.20256E-10
2.83175E-07 -4.63678E-10
2.83329E-07 -1.15712E-11
2.83483E-07 4.50154E-10
2.83637E-07 5.27597E-10
2.83791E-07 1.54906E-10
2.83945E-07 -3.49726E-10
2.84099E-07 -5.55727E-10
2.84253E-07 -2.87525E-10
2.84407E-07 2.25813E-10
2.84561E-07 5.46225E-10
2.84715E-07 4.00476E-10
2.84869E-07 -8.68359E-11
2.85023E-07 -4.99797E-10
2.85177E-07 -4.86154E-10
2.85331E-07 -5.77822E-11
2.85486E-07 4.19645E-10
2.85640E-07 5.38809E-10
2.85794E-07 1.98251E-10
2.85948E-07 -3.11245E-10
2.86102E-07 -5.54937E-10
2.86256E-07 -3.25078E-10
2.86410E-07 1.81976E-10
2.86564E-07 5.33506E-10
2.86718E-07 4.29709E-10
2.86872E-07 -4.06140E-11
2.87026E-07 -4.76030E-10
2.87180E-07 -5.05105E-10
2.87334E-07 -1.03261E-10
2.87488E-07 3.86454E-10
2.87642E-07 5.46215E-10
2.87797E-07 2.39913E-10
2.87951E-07 -2.70889E-10
2.88105E-07 -5.50315E-10
2.88259E-07 -3.60114E-10
2.88413E-07 1.37195E-10
2.88567E-07 5.17190E-10
2.88721E-07 4.55762E-10
2.88875E-07 5.55775E-12
2.89029E-07 -4.49141E-10
2.89183E-07 -5.20428E-10
2.89337E-07 -1.47700E-10
2.89491E-07 3.50827E-10
2.89645E-07 5.49790E-10
2.89799E-07 2.79619E-10
2.89953E-07 -2.28948E-10
2.90108E-07 -5.41921E-10
2.90262E-07 -3.92410E-10
2.90416E-07 9.17841E-11
2.90570E-07 4.97413E-10
2.90724E-07 4.78477E-10
2.90878E-07 5.13627E-11
2.91032E-07 -4.19337E-10
2.91186E-07 -5.32043E-10
2.91340E-07 -1.90802E-10
2.91494E-07 3.13027E-10
2.91648E-07 5.49538E-10
2.91802E-07 3.17109E-10
2.91956E-07 -1.85720E-10
2.92110E-07 -5.29838E-10
2.92264E-07 -4.21763E-10
2.92419E-07 4.60597E-11
2.92573E-07 4.74336E-10
2.92727E-07 4.97723E-10
2.92881E-07 9.64889E-11
2.93035E-07 -3.86843E-10
2.93189E-07 -5.39896E-10
2.93343E-07 -2.32280E-10
2.93497E-07 2.73329E-10
2.93651E-07 5.45487E-10
2.93805E-07 3.52142E-10
2.93959E-07 -1.41512E-10
2.94113E-07 -5.14176E-10
2.94267E-07 -4.47993E-10
2.94421E-07 3.37995E-13
2.94575E-07 4.48140E-10
2.94730E-07 5.13391E-10
2.94884E-07 1.40631E-10
2.95038E-07 -3.51901E-10
2.95192E-07 -5.43961E-10
2.95346E-07 -2.71862E-10
2.95500E-07 2.32017E-10
2.95654E-07 5.37692E-10
2.95808E-07 3.84495E-10
2.95962E-07 -9.66343E-11
2.96116E-07 -4.95066E-10
2.96270E-07 -4.70942E-10
2.96424E-07 -4.50671E-11
2.96578E-07 4.19027E-10
2.96732E-07 5.25399E-10
2.96886E-07 1.83493E-10
2.97041E-07 -3.14769E-10
2.97195E-07 -5.44234E-10
2.97349E-07 -3.09288E-10
2.97503E-07 1.89389E-10
2.97657E-07 5.26231E-10
2.97811E-07 4.13963E-10
2.97965E-07 -5.13993E-11
2.98119E-07 -4.72665E-10
2.98273E-07 -4.90474E-10
2.98427E-07 -8.98460E-11
2.98581E-07 3.87217E-10
2.98735E-07 5.33690E-10
2.98889E-07 2.24790E-10
2.99043E-07 -2.75716E-10
2.99197E-07 -5.40741E-10
2.99352E-07 -3.44316E-10
2.99506E-07 1.45744E-10
2.99660E-07 5.11209E-10
2.99814E-07 4.40365E-10
2.99968E-07 -6.12048E-12
3.00122E-07 -4.47149E-10
3.00276E-07 -5.06478E-10
3.00430E-07 -1.33695E-10
3.00584E-07 3.52948E-10
3.00738E-07 5.38232E-10
3.00892E-07 2.64248E-10
3.01046E-07 -2.35024E-10
3.01200E-07 -5.33532E-10
3.01354E-07 -3.76722E-10
3.01508E-07 1.01390E-10
3.01663E-07 4.92754E-10
3.01817E-07 4.63540E-10
3.01971E-07 3.88906E-11
3.02125E-07 -4.18714E-10
3.02279E-07 -5.18870E-10
3.02433E-07 -1.76320E-10
3.02587E-07 3.16471E-10
3.02741E-07 5.39019E-10
3.02895E-07 3.01609E-10
3.03049E-07 -1.92983E-10
3.03203E-07 -5.22681E-10
3.03357E-07 -4.06302E-10
3.03511E-07 5.66367E-11
3.03665E-07 4.71016E-10
3.03819E-07 4.83351E-10
3.03974E-07 8.33270E-11
3.04128E-07 -3.87576E-10
3.04282E-07 -5.27588E-10
3.04436E-07 -2.17436E-10
3.04590E-07 2.78052E-10
3.04744E-07 5.36073E-10
3.04898E-07 3.36630E-10
3.05052E-07 -1.49892E-10
3.05206E-07 -5.08287E-10
3.05360E-07 -4.32870E-10
3.05514E-07 1.17942E-11
3.05668E-07 4.46166E-10
3.05822E-07 4.99684E-10
3.05976E-07 1.26887E-10
3.06130E-07 -3.53966E-10
3.06285E-07 -5.32597E-10
3.06439E-07 -2.56771E-10
3.06593E-07 2.37968E-10
3.06747E-07 5.29437E-10
3.06901E-07 3.69087E-10
3.07055E-07 -1.06054E-10
3.07209E-07 -4.90474E-10
3.07363E-07 -4.56266E-10
3.07517E-07 -3.28287E-11
3.07671E-07 4.18397E-10
3.07825E-07 5.12450E-10
3.07979E-07 1.69277E-10
