0.00000E+00 0.00000E+00
1.54067E-10 0.00000E+00
3.08133E-10 0.00000E+00
4.62200E-10 0.00000E+00
6.16267E-10 0.00000E+00
7.70333E-10 0.00000E+00
9.24400E-10 0.00000E+00
1.07847E-09 0.00000E+00
1.23253E-09 0.00000E+00
1.38660E-09 0.00000E+00
1.54067E-09 0.00000E+00
1.69473E-09 0.00000E+00
1.84880E-09 0.00000E+00
2.00287E-09 0.00000E+00
2.15693E-09 0.00000E+00
2.31100E-09 0.00000E+00
2.46507E-09 0.00000E+00
2.61913E-09 0.00000E+00
2.77320E-09 0.00000E+00
2.92727E-09 0.00000E+00
3.08133E-09 0.00000E+00
3.23540E-09 0.00000E+00
3.38947E-09 0.00000E+00
3.54353E-09 0.00000E+00
3.69760E-09 0.00000E+00
3.85167E-09 0.00000E+00
4.00573E-09 0.00000E+00
4.15980E-09 8.41236E-40
4.31387E-09 3.93998E-38
4.46793E-09 9.37000E-37
4.62200E-09 1.50951E-35
4.77607E-09 1.85461E-34
4.93013E-09 1.85530E-33
5.08420E-09 1.57590E-32
5.23827E-09 1.17059E-31
5.39233E-09 7.77404E-31
5.54640E-09 4.69714E-30
5.70047E-09 2.61908E-29
5.85453E-09 1.36387E-28
6.00860E-09 6.70046E-28
6.16267E-09 3.13253E-27
6.31673E-09 1.40383E-26
6.47080E-09 6.06740E-26
6.62487E-09 2.54154E-25
6.77893E-09 1.03581E-24
6.93300E-09 4.11930E-24
7.08707E-09 1.60199E-23
7.24113E-09 6.10162E-23
7.39520E-09 2.27837E-22
7.54927E-09 8.34624E-22
7.70333E-09 3.00083E-21
7.85740E-09 1.05926E-20
8.01147E-09 3.67162E-20
8.16553E-09 1.24989E-19
8.31960E-09 4.17916E-19
8.47367E-09 1.37262E-18
8.62773E-09 4.42886E-18
8.78180E-09 1.40393E-17
8.93587E-09 4.37262E-17
9.08993E-09 1.33818E-16
9.24400E-09 4.02429E-16
9.39807E-09 1.18932E-15
9.55213E-09 3.45442E-15
9.70620E-09 9.86150E-15
9.86027E-09 2.76715E-14
1.00143E-08 7.63259E-14
1.01684E-08 2.06961E-13
1.03225E-08 5.51708E-13
1.04765E-08 1.44598E-12
1.06306E-08 3.72622E-12
1.07847E-08 9.44187E-12
1.09387E-08 2.35262E-11
1.10928E-08 5.76469E-11
1.12469E-08 1.38916E-10
1.14009E-08 3.29231E-10
1.15550E-08 7.67439E-10
1.17091E-08 1.75955E-09
1.18631E-08 3.96819E-09
1.20172E-08 8.80306E-09
1.21713E-08 1.92107E-08
1.23253E-08 4.12415E-08
1.24794E-08 8.71012E-08
1.26335E-08 1.80977E-07
1.27875E-08 3.69951E-07
1.29416E-08 7.44038E-07
1.30957E-08 1.47227E-06
1.32497E-08 2.86631E-06
1.34038E-08 5.49049E-06
1.35579E-08 1.03479E-05
1.37119E-08 1.91889E-05
1.38660E-08 3.50108E-05
1.40201E-08 6.28498E-05
1.41741E-08 1.11007E-04
1.43282E-08 1.92903E-04
1.44823E-08 3.29801E-04
1.46363E-08 5.54728E-04
1.47904E-08 9.17925E-04
1.49445E-08 1.49422E-03
1.50985E-08 2.39264E-03
1.52526E-08 3.76854E-03
1.54067E-08 5.83810E-03
1.55607E-08 8.89485E-03
1.57148E-08 1.33272E-02
1.58689E-08 1.96349E-02
1.60229E-08 2.84421E-02
1.61770E-08 4.05031E-02
1.63311E-08 5.66956E-02
1.64851E-08 7.79977E-02
1.66392E-08 1.05443E-01
1.67933E-08 1.40049E-01
1.69473E-08 1.82718E-01
1.71014E-08 2.34119E-01
1.72555E-08 2.94537E-01
1.74095E-08 3.63734E-01
1.75636E-08 4.40803E-01
1.77177E-08 5.24073E-01
1.78717E-08 6.11052E-01
1.80258E-08 6.98467E-01
1.81799E-08 7.82383E-01
1.83339E-08 8.58433E-01
1.84880E-08 9.22137E-01
1.86421E-08 9.69289E-01
1.87961E-08 9.96375E-01
1.89502E-08 1.00097E+00
1.91043E-08 9.82041E-01
1.92583E-08 9.40162E-01
1.94124E-08 8.77507E-01
1.95665E-08 7.97702E-01
1.97205E-08 7.05487E-01
1.98746E-08 6.06255E-01
2.00287E-08 5.05514E-01
2.01827E-08 4.08361E-01
2.03368E-08 3.19028E-01
2.04909E-08 2.40567E-01
2.06449E-08 1.74715E-01
2.07990E-08 1.21922E-01
2.09531E-08 8.15449E-02
2.11071E-08 5.21395E-02
2.12612E-08 3.17961E-02
2.14153E-08 1.84623E-02
2.15693E-08 1.02044E-02
2.17234E-08 5.38062E-03
2.18775E-08 2.72155E-03
2.20315E-08 1.33100E-03
2.21856E-08 6.32381E-04
2.23397E-08 2.88816E-04
2.24937E-08 1.21518E-04
2.26478E-08 4.27867E-05
2.28019E-08 1.02584E-05
2.29559E-08 1.34779E-06
2.31100E-08 2.20435E-06
2.32641E-08 4.44944E-06
2.34181E-08 4.40841E-06
2.35722E-08 2.06991E-06
2.37263E-08 -7.43098E-07
2.38803E-08 -2.27675E-06
2.40344E-08 -1.97463E-06
2.41885E-08 -5.18436E-07
2.43425E-08 8.95532E-07
2.44966E-08 1.40267E-06
2.46507E-08 9.07329E-07
2.48047E-08 -4.60573E-08
2.49588E-08 -7.55710E-07
2.51129E-08 -8.29120E-07
2.52669E-08 -3.57043E-07
2.54210E-08 2.46361E-07
2.55751E-08 5.69315E-07
2.57291E-08 4.60416E-07
2.58832E-08 7.31189E-08
2.60373E-08 -2.89758E-07
2.61913E-08 -3.96899E-07
2.63454E-08 -2.23934E-07
2.64995E-08 6.71480E-08
2.66535E-08 2.64745E-07
2.68076E-08 2.53636E-07
2.69617E-08 7.47497E-08
2.71157E-08 -1.26366E-07
2.72698E-08 -2.11710E-07
2.74239E-08 -1.41222E-07
2.75779E-08 1.48480E-08
2.77320E-08 1.38655E-07
2.78861E-08 1.50544E-07
2.80401E-08 5.75920E-08
2.81942E-08 -6.26742E-08
2.83483E-08 -1.24104E-07
2.85023E-08 -9.18083E-08
2.86564E-08 2.74493E-10
2.88105E-08 8.10135E-08
2.89645E-08 9.55504E-08
2.91186E-08 4.14035E-08
2.92727E-08 -3.57150E-08
2.94267E-08 -7.90763E-08
2.95808E-08 -6.17916E-08
2.97349E-08 -2.52303E-09
2.98889E-08 5.23556E-08
3.00430E-08 6.42914E-08
3.01971E-08 2.90678E-08
3.03511E-08 -2.35335E-08
3.05052E-08 -5.41644E-08
3.06593E-08 -4.28903E-08
3.08133E-08 -1.68865E-09
3.09674E-08 3.69998E-08
3.11215E-08 4.54063E-08
3.12755E-08 2.00644E-08
3.14296E-08 -1.77307E-08
3.15837E-08 -3.94035E-08
3.17377E-08 -3.04518E-08
3.18918E-08 1.10099E-10
3.20459E-08 2.81652E-08
3.21999E-08 3.32925E-08
3.23540E-08 1.34616E-08
3.25081E-08 -1.48315E-08
3.26621E-08 -3.00506E-08
3.28162E-08 -2.18654E-08
3.29703E-08 1.99318E-09
3.31243E-08 2.26978E-08
3.32784E-08 2.50432E-08
3.34325E-08 8.51217E-09
3.35865E-08 -1.32938E-08
3.37406E-08 -2.37063E-08
3.38947E-08 -1.56427E-08
3.40487E-08 3.68141E-09
3.42028E-08 1.90318E-08
3.43569E-08 1.90809E-08
3.45109E-08 4.70373E-09
3.46650E-08 -1.23851E-08
3.48191E-08 -1.90911E-08
3.49731E-08 -1.09190E-08
3.51272E-08 5.09527E-09
3.52813E-08 1.63433E-08
3.54353E-08 1.45178E-08
3.55894E-08 1.70670E-09
3.57435E-08 -1.17325E-08
3.58975E-08 -1.54923E-08
3.60516E-08 -7.18580E-09
3.62057E-08 6.21615E-09
3.63597E-08 1.41765E-08
3.65138E-08 1.08420E-08
3.66679E-08 -6.82226E-10
3.68219E-08 -1.11334E-08
3.69760E-08 -1.25011E-08
3.71301E-08 -4.14430E-09
3.72841E-08 7.03960E-09
3.74382E-08 1.22704E-08
3.75923E-08 7.75612E-09
3.77463E-08 -2.58242E-09
3.79004E-08 -1.04713E-08
3.80545E-08 -9.88203E-09
3.82085E-08 -1.62299E-09
3.83626E-08 7.56177E-09
3.85167E-08 1.04752E-08
3.86707E-08 5.09216E-09
3.88248E-08 -4.05908E-09
3.89789E-08 -9.67901E-09
3.91329E-08 -7.50398E-09
3.92870E-08 4.70407E-10
3.94411E-08 7.77825E-09
3.95951E-08 8.70973E-09
3.97492E-08 2.76274E-09
3.99033E-08 -5.14405E-09
4.00573E-08 -8.72178E-09
4.02114E-08 -5.30327E-09
4.03655E-08 2.17892E-09
4.05195E-08 7.68714E-09
4.06736E-08 6.93962E-09
4.08277E-08 7.32233E-10
4.09817E-08 -5.85107E-09
4.11358E-08 -7.59019E-09
4.12899E-08 -3.26139E-09
4.14439E-08 3.51624E-09
4.15980E-08 7.29347E-09
4.17521E-08 5.16468E-09
4.19061E-08 -1.00224E-09
4.20602E-08 -6.18735E-09
4.22143E-08 -6.29679E-09
4.23683E-08 -1.39066E-09
4.25224E-08 4.48119E-09
4.26765E-08 6.61333E-09
4.28305E-08 3.41058E-09
4.29846E-08 -2.42464E-09
4.31387E-08 -6.16253E-09
4.32927E-08 -4.87416E-09
4.34468E-08 2.76643E-10
4.36009E-08 5.06883E-09
4.37549E-08 5.67710E-09
4.39090E-08 1.72231E-09
4.40631E-08 -3.51095E-09
4.42171E-08 -5.79556E-09
4.43712E-08 -3.37264E-09
4.45253E-08 1.69745E-09
4.46793E-08 5.27928E-09
4.48334E-08 4.53119E-09
4.49875E-08 1.57678E-10
4.51415E-08 -4.23851E-09
4.52956E-08 -5.11948E-09
4.54497E-08 -1.85707E-09
4.56037E-08 2.82642E-09
4.57578E-08 5.12462E-09
4.59119E-08 3.23781E-09
4.60659E-08 -1.21952E-09
4.62200E-08 -4.59385E-09
4.63741E-08 -4.18404E-09
4.65281E-08 -4.02135E-10
4.66822E-08 3.62390E-09
4.68363E-08 4.63363E-09
4.69903E-08 1.87282E-09
4.71444E-08 -2.34677E-09
4.72985E-08 -4.57908E-09
4.74525E-08 -3.05591E-09
4.76066E-08 9.13626E-10
4.77607E-08 4.06318E-09
4.79147E-08 3.85434E-09
4.80688E-08 5.21457E-10
4.82229E-08 -3.17034E-09
4.83769E-08 -4.21635E-09
4.85310E-08 -1.81649E-09
4.86851E-08 2.01489E-09
4.88391E-08 4.13651E-09
4.89932E-08 2.85398E-09
4.91473E-08 -7.27760E-10
4.93013E-08 -3.65230E-09
4.94554E-08 -3.55000E-09
4.96095E-08 -5.57283E-10
4.97635E-08 2.83707E-09
4.99176E-08 3.85931E-09
5.00717E-08 1.71634E-09
5.02257E-08 -1.79035E-09
5.03798E-08 -3.77652E-09
5.05339E-08 -2.64615E-09
5.06879E-08 6.26567E-10
5.08420E-08 3.33353E-09
5.09961E-08 3.27205E-09
5.11501E-08 5.36635E-10
5.13042E-08 -2.59381E-09
5.14583E-08 -3.55275E-09
5.16123E-08 -1.58944E-09
5.17664E-08 1.64428E-09
5.19205E-08 3.48170E-09
5.20745E-08 2.43931E-09
5.22286E-08 -5.85740E-10
5.23827E-08 -3.08522E-09
5.25367E-08 -3.01822E-09
5.26908E-08 -4.77246E-10
5.28449E-08 2.41792E-09
5.29989E-08 3.28712E-09
5.31530E-08 1.44603E-09
5.33071E-08 -1.55585E-09
5.34611E-08 -3.23755E-09
5.36152E-08 -2.23633E-09
5.37693E-08 5.88320E-10
5.39233E-08 2.89042E-09
5.40774E-08 2.78491E-09
5.42315E-08 3.90909E-10
5.43855E-08 -2.29231E-09
5.45396E-08 -3.05380E-09
5.46937E-08 -1.29224E-09
5.48477E-08 1.50977E-09
5.50018E-08 3.03221E-09
5.51559E-08 2.03791E-09
5.53099E-08 -6.22252E-10
5.54640E-08 -2.73584E-09
5.56181E-08 -2.56811E-09
5.57721E-08 -2.85623E-10
5.59262E-08 2.20395E-09
5.60803E-08 2.84525E-09
5.62343E-08 1.13176E-09
5.63884E-08 -1.49465E-09
5.65425E-08 -2.85595E-09
5.66965E-08 -1.84362E-09
5.68506E-08 6.78765E-10
5.70047E-08 2.61091E-09
5.71587E-08 2.36397E-09
5.73128E-08 1.66960E-10
5.74669E-08 -2.14269E-09
5.76209E-08 -2.65505E-09
5.77750E-08 -9.66817E-10
5.79291E-08 1.50177E-09
5.80831E-08 2.70082E-09
5.82372E-08 1.65258E-09
5.83913E-08 -7.51296E-10
5.85453E-08 -2.50720E-09
5.86994E-08 -2.16899E-09
5.88535E-08 -3.89541E-11
5.90075E-08 2.10054E-09
5.91616E-08 2.47782E-09
5.93157E-08 7.98835E-10
5.94697E-08 -1.52433E-09
5.96238E-08 -2.56032E-09
5.97779E-08 -1.46382E-09
5.99319E-08 8.34758E-10
6.00860E-08 2.41790E-09
6.02401E-08 1.98019E-09
6.03941E-08 -9.53182E-11
6.05482E-08 -2.07107E-09
6.07023E-08 -2.30910E-09
6.08563E-08 -6.28831E-10
6.10104E-08 1.55688E-09
6.11645E-08 2.42914E-09
6.13185E-08 1.27643E-09
6.14726E-08 -9.25065E-10
6.16267E-08 -2.33743E-09
6.17807E-08 -1.79507E-09
6.19348E-08 2.33363E-10
6.20889E-08 2.04901E-09
6.22429E-08 2.14521E-09
6.23970E-08 4.57659E-10
6.25511E-08 -1.59490E-09
6.27051E-08 -2.30292E-09
6.28592E-08 -1.08974E-09
6.30133E-08 1.01880E-09
6.31673E-08 2.26122E-09
6.33214E-08 1.61168E-09
6.34755E-08 -3.73025E-10
6.36295E-08 -2.03002E-09
6.37836E-08 -1.98324E-09
6.39377E-08 -2.86165E-10
6.40917E-08 1.63460E-09
6.42458E-08 2.17812E-09
6.43999E-08 9.03370E-10
6.45539E-08 -1.11299E-09
6.47080E-08 -2.18550E-09
6.48621E-08 -1.42854E-09
6.50161E-08 5.12332E-10
6.51702E-08 2.01041E-09
6.53243E-08 1.82090E-09
6.54783E-08 1.15276E-10
6.56324E-08 -1.67272E-09
6.57865E-08 -2.05190E-09
6.59405E-08 -7.17230E-10
6.60946E-08 1.20499E-09
6.62487E-08 2.10716E-09
6.64027E-08 1.24470E-09
6.65568E-08 -6.49395E-10
6.67109E-08 -1.98709E-09
6.68649E-08 -1.65649E-09
6.70190E-08 5.39482E-11
6.71731E-08 1.70640E-09
6.73271E-08 1.92206E-09
6.74812E-08 5.31558E-10
6.76353E-08 -1.29239E-09
6.77893E-08 -2.02369E-09
6.79434E-08 -1.05963E-09
6.80975E-08 7.82361E-10
6.82515E-08 1.95746E-09
6.84056E-08 1.48883E-09
6.85597E-08 -2.20297E-10
6.87137E-08 -1.73313E-09
6.88678E-08 -1.78690E-09
6.90219E-08 -3.46899E-10
6.91759E-08 1.37293E-09
6.93300E-08 1.93306E-09
6.94841E-08 8.73231E-10
6.96381E-08 -9.09380E-10
6.97922E-08 -1.91932E-09
6.99463E-08 -1.31726E-09
7.01003E-08 3.82403E-10
7.02544E-08 1.75071E-09
7.04085E-08 1.64528E-09
7.05625E-08 1.64091E-10
7.07166E-08 -1.44454E-09
7.08707E-08 -1.83375E-09
7.10247E-08 -6.85799E-10
7.11788E-08 1.02861E-09
7.13329E-08 1.87088E-09
7.14869E-08 1.14156E-09
7.16410E-08 -5.38759E-10
7.17951E-08 -1.75722E-09
7.19491E-08 -1.49651E-09
7.21032E-08 1.57613E-11
7.22573E-08 1.50528E-09
7.24113E-08 1.72466E-09
7.25654E-08 4.97999E-10
7.27195E-08 -1.13823E-09
7.28735E-08 -1.81073E-09
7.30276E-08 -9.61918E-10
7.31817E-08 6.87741E-10
7.33357E-08 1.75101E-09
7.34898E-08 1.34032E-09
7.36439E-08 -1.91317E-10
7.37979E-08 -1.55340E-09
7.39520E-08 -1.60512E-09
7.41061E-08 -3.10818E-10
7.42601E-08 1.23644E-09
7.44142E-08 1.73782E-09
7.45683E-08 7.78936E-10
7.47223E-08 -8.27637E-10
7.48764E-08 -1.73074E-09
7.50305E-08 -1.17689E-09
7.51845E-08 3.61039E-10
7.53386E-08 1.58731E-09
7.54927E-08 1.47486E-09
7.56467E-08 1.25536E-10
7.58008E-08 -1.32154E-09
7.59549E-08 -1.65148E-09
7.61089E-08 -5.93558E-10
7.62630E-08 9.56694E-10
7.64171E-08 1.69535E-09
7.65711E-08 1.00678E-09
7.67252E-08 -5.23237E-10
7.68793E-08 -1.60564E-09
7.70333E-08 -1.33402E-09
7.71874E-08 5.63190E-11
7.73415E-08 1.39191E-09
7.74955E-08 1.55141E-09
7.76496E-08 4.07053E-10
7.78037E-08 -1.07315E-09
7.79577E-08 -1.64411E-09
7.81118E-08 -8.30920E-10
7.82659E-08 6.76107E-10
7.84199E-08 1.60726E-09
7.85740E-08 1.18311E-09
7.87281E-08 -2.33016E-10
7.88821E-08 -1.44608E-09
7.90362E-08 -1.43766E-09
7.91903E-08 -2.20972E-10
7.93443E-08 1.17530E-09
7.94984E-08 1.57661E-09
7.96525E-08 6.50564E-10
7.98065E-08 -8.17792E-10
7.99606E-08 -1.59131E-09
8.01147E-08 -1.02303E-09
8.02687E-08 4.02668E-10
8.04228E-08 1.48278E-09
8.05769E-08 1.31067E-09
8.07309E-08 3.71031E-11
8.08850E-08 -1.26151E-09
8.10391E-08 -1.49280E-09
8.11931E-08 -4.67281E-10
8.13472E-08 9.46427E-10
8.15013E-08 1.55722E-09
8.16553E-08 8.54997E-10
8.18094E-08 -5.63285E-10
8.19635E-08 -1.50095E-09
8.21175E-08 -1.17123E-09
8.22716E-08 1.42573E-10
8.24257E-08 1.33031E-09
8.25797E-08 1.39295E-09
8.27338E-08 2.82906E-10
8.28879E-08 -1.06019E-09
8.30419E-08 -1.50474E-09
8.31960E-08 -6.80564E-10
8.33501E-08 7.12829E-10
8.35041E-08 1.49982E-09
8.36582E-08 1.02051E-09
8.38123E-08 -3.15933E-10
8.39663E-08 -1.38041E-09
8.41204E-08 -1.27774E-09
8.42745E-08 -9.94944E-11
8.44285E-08 1.15737E-09
8.45826E-08 1.43397E-09
8.47367E-08 5.01575E-10
8.48907E-08 -8.49266E-10
8.50448E-08 -1.47888E-09
8.51989E-08 -8.59975E-10
8.53529E-08 4.80767E-10
8.55070E-08 1.41074E-09
8.56611E-08 1.14817E-09
8.58151E-08 -8.07186E-11
8.59692E-08 -1.23641E-09
8.61233E-08 -1.34537E-09
8.62773E-08 -3.20123E-10
8.64314E-08 9.70630E-10
8.65855E-08 1.43799E-09
8.67395E-08 6.91434E-10
8.68936E-08 -6.34834E-10
8.70477E-08 -1.42055E-09
8.72017E-08 -1.00560E-09
8.73558E-08 2.55376E-10
8.75099E-08 1.29594E-09
8.76639E-08 1.23973E-09
8.78180E-08 1.38513E-10
8.79721E-08 -1.07508E-09
8.81261E-08 -1.37732E-09
8.82802E-08 -5.16965E-10
8.84343E-08 7.75919E-10
8.85883E-08 1.40936E-09
8.87424E-08 8.51726E-10
8.88965E-08 -4.22049E-10
8.90505E-08 -1.33488E-09
8.92046E-08 -1.11824E-09
8.93587E-08 4.07886E-11
8.95127E-08 1.16094E-09
8.96668E-08 1.29744E-09
8.98209E-08 3.38891E-10
8.99749E-08 -9.01898E-10
9.01290E-08 -1.37705E-09
9.02831E-08 -6.88560E-10
9.04371E-08 5.78301E-10
9.05912E-08 1.35243E-09
9.07453E-08 9.82438E-10
9.08993E-08 -2.15205E-10
9.10534E-08 -1.22678E-09
9.12075E-08 -1.19928E-09
9.13615E-08 -1.59738E-10
9.15156E-08 1.01079E-09
9.16697E-08 1.32388E-09
9.18237E-08 5.18381E-10
9.19778E-08 -7.21744E-10
9.21319E-08 -1.34811E-09
9.22859E-08 -8.34180E-10
9.24400E-08 3.82113E-10
9.25941E-08 1.27144E-09
9.27481E-08 1.08414E-09
9.29022E-08 -1.78238E-11
9.30563E-08 -1.10082E-09
9.32103E-08 -1.25048E-09
9.33644E-08 -3.43711E-10
9.35185E-08 8.50103E-10
9.36725E-08 1.32185E-09
9.38266E-08 6.75650E-10
9.39807E-08 -5.38895E-10
9.41347E-08 -1.29409E-09
9.42888E-08 -9.53701E-10
9.44429E-08 1.91028E-10
9.45969E-08 1.17047E-09
9.47510E-08 1.15788E-09
9.49051E-08 1.67262E-10
9.50591E-08 -9.61273E-10
9.52132E-08 -1.27392E-09
9.53673E-08 -5.09304E-10
9.55213E-08 6.83011E-10
9.56754E-08 1.29427E-09
9.58295E-08 8.09966E-10
9.59835E-08 -3.57075E-10
9.61376E-08 -1.21852E-09
9.62917E-08 -1.04749E-09
9.64457E-08 8.11389E-12
9.65998E-08 1.05338E-09
9.67539E-08 1.20504E-09
9.69079E-08 3.37834E-10
9.70620E-08 -8.12052E-10
9.72161E-08 -1.27189E-09
9.73701E-08 -6.55268E-10
9.75242E-08 5.13198E-10
9.76783E-08 1.24413E-09
9.78323E-08 9.21099E-10
9.79864E-08 -1.79489E-10
9.81405E-08 -1.12484E-09
9.82945E-08 -1.11631E-09
9.84486E-08 -1.64113E-10
9.86027E-08 9.23811E-10
9.87567E-08 1.22730E-09
9.89108E-08 4.92212E-10
9.90649E-08 -6.56723E-10
9.92189E-08 -1.24681E-09
9.93730E-08 -7.80849E-10
9.95271E-08 3.43916E-10
9.96811E-08 1.17439E-09
9.98352E-08 1.00924E-09
9.99893E-08 -8.85443E-12
1.00143E-07 -1.01634E-09
1.00297E-07 -1.16124E-09
1.00451E-07 -3.23636E-10
1.00606E-07 7.85135E-10
1.00760E-07 1.22651E-09
1.00914E-07 6.29198E-10
1.01068E-07 -4.98501E-10
1.01222E-07 -1.20117E-09
1.01376E-07 -8.85718E-10
1.01530E-07 1.78002E-10
1.01684E-07 1.08799E-09
1.01838E-07 1.07491E-09
1.01992E-07 1.52553E-10
1.02146E-07 -8.96144E-10
1.02300E-07 -1.18362E-09
1.02454E-07 -4.68885E-10
1.02608E-07 6.40463E-10
1.02762E-07 1.20470E-09
1.02917E-07 7.48011E-10
1.03071E-07 -3.40263E-10
1.03225E-07 -1.13748E-09
1.03379E-07 -9.69912E-10
1.03533E-07 1.79041E-11
1.03687E-07 9.87742E-10
1.03841E-07 1.11895E-09
1.03995E-07 3.02873E-10
1.04149E-07 -7.67206E-10
1.04303E-07 -1.18497E-09
1.04457E-07 -5.98691E-10
1.04611E-07 4.92637E-10
1.04765E-07 1.16395E-09
1.04919E-07 8.48236E-10
1.05073E-07 -1.84554E-10
1.05228E-07 -1.05826E-09
1.05382E-07 -1.03378E-09
1.05536E-07 -1.34296E-10
1.05690E-07 8.76383E-10
1.05844E-07 1.14241E-09
1.05998E-07 4.40615E-10
1.06152E-07 -6.32267E-10
1.06306E-07 -1.16696E-09
1.06460E-07 -7.12248E-10
1.06614E-07 3.44232E-10
1.06768E-07 1.10641E-09
1.06922E-07 9.29780E-10
1.07076E-07 -3.36051E-11
1.07230E-07 -9.65952E-10
1.07384E-07 -1.07791E-09
1.07539E-07 -2.76858E-10
1.07693E-07 7.56497E-10
1.07847E-07 1.14652E-09
1.08001E-07 5.64635E-10
1.08155E-07 -4.93860E-10
1.08309E-07 -1.13135E-09
1.08463E-07 -8.09065E-10
1.08617E-07 1.97554E-10
1.08771E-07 1.03424E-09
1.08925E-07 9.92824E-10
1.09079E-07 1.10658E-10
1.09233E-07 -8.62946E-10
1.09387E-07 -1.10314E-09
1.09541E-07 -4.08357E-10
1.09695E-07 6.30522E-10
1.09850E-07 1.13267E-09
1.10004E-07 6.74097E-10
1.10158E-07 -3.54310E-10
1.10312E-07 -1.07997E-09
1.10466E-07 -8.88937E-10
1.10620E-07 5.46541E-11
1.10774E-07 9.49564E-10
1.10928E-07 1.03779E-09
1.11082E-07 2.46593E-10
1.11236E-07 -7.51531E-10
1.11390E-07 -1.11045E-09
1.11544E-07 -5.27666E-10
1.11698E-07 5.00740E-10
1.11852E-07 1.10233E-09
1.12006E-07 7.68447E-10
1.12161E-07 -2.15727E-10
1.12315E-07 -1.01469E-09
1.12469E-07 -9.51905E-10
1.12623E-07 -8.26694E-11
1.12777E-07 8.54496E-10
1.12931E-07 1.06529E-09
1.13085E-07 3.72831E-10
1.13239E-07 -6.33894E-10
1.13393E-07 -1.10100E-09
1.13547E-07 -6.33923E-10
1.13701E-07 3.69263E-10
1.13855E-07 1.05709E-09
1.14009E-07 8.47382E-10
1.14163E-07 -8.00087E-11
1.14317E-07 -9.37381E-10
1.14472E-07 -9.98231E-10
1.14626E-07 -2.12860E-10
1.14780E-07 7.51073E-10
1.14934E-07 1.07612E-09
1.15088E-07 4.88254E-10
1.15242E-07 -5.12095E-10
1.15396E-07 -1.07602E-09
1.15550E-07 -7.26518E-10
1.15704E-07 2.38033E-10
1.15858E-07 9.98561E-10
1.16012E-07 9.10827E-10
1.16166E-07 5.11546E-11
1.16320E-07 -8.49901E-10
1.16474E-07 -1.02837E-09
1.16628E-07 -3.34591E-10
1.16783E-07 6.41261E-10
1.16937E-07 1.07121E-09
1.17091E-07 5.91981E-10
1.17245E-07 -3.88068E-10
1.17399E-07 -1.03687E-09
1.17553E-07 -8.05066E-10
1.17707E-07 1.08818E-10
1.17861E-07 9.28377E-10
1.18015E-07 9.58906E-10
1.18169E-07 1.76279E-10
1.18323E-07 -7.54073E-10
1.18477E-07 -1.04292E-09
1.18631E-07 -4.46756E-10
1.18785E-07 5.26933E-10
1.18939E-07 1.05162E-09
1.19094E-07 6.83354E-10
1.19248E-07 -2.63609E-10
1.19402E-07 -9.84935E-10
1.19556E-07 -8.69390E-10
1.19710E-07 -1.67876E-11
1.19864E-07 8.48188E-10
1.20018E-07 9.91925E-10
1.20172E-07 2.94077E-10
1.20326E-07 -6.51672E-10
1.20480E-07 -1.04266E-09
1.20634E-07 -5.48458E-10
1.20788E-07 4.09866E-10
1.20942E-07 1.01848E-09
1.21096E-07 7.61916E-10
1.21250E-07 -1.40372E-10
1.21405E-07 -9.21665E-10
1.21559E-07 -9.19496E-10
1.21713E-07 -1.37363E-10
1.21867E-07 7.59631E-10
1.22021E-07 1.01034E-09
1.22175E-07 4.03455E-10
1.22329E-07 -5.44408E-10
1.22483E-07 -1.02844E-09
1.22637E-07 -6.38997E-10
1.22791E-07 2.91726E-10
1.22945E-07 9.73015E-10
1.23099E-07 8.27402E-10
1.23253E-07 -1.98666E-11
1.23407E-07 -8.48521E-10
1.23561E-07 -9.55562E-10
1.23716E-07 -2.51658E-10
1.23870E-07 6.64311E-10
1.24024E-07 1.01476E-09
1.24178E-07 5.03500E-10
1.24332E-07 -4.33919E-10
1.24486E-07 -1.00125E-09
1.24640E-07 -7.17856E-10
1.24794E-07 1.74067E-10
1.24948E-07 9.16477E-10
1.25102E-07 8.79716E-10
1.25256E-07 9.65448E-11
1.25410E-07 -7.66970E-10
1.25564E-07 -9.77913E-10
1.25718E-07 -3.58588E-10
1.25872E-07 5.63793E-10
1.26027E-07 1.00589E-09
1.26181E-07 5.93477E-10
1.26335E-07 -3.21755E-10
1.26489E-07 -9.62110E-10
1.26643E-07 -7.84691E-10
1.26797E-07 5.83209E-11
1.26951E-07 8.50170E-10
1.27105E-07 9.18923E-10
1.27259E-07 2.07645E-10
1.27413E-07 -6.78468E-10
1.27567E-07 -9.87008E-10
1.27721E-07 -4.57231E-10
1.27875E-07 4.59587E-10
1.28029E-07 9.84539E-10
1.28183E-07 6.72818E-10
1.28338E-07 -2.09376E-10
1.28492E-07 -9.12144E-10
1.28646E-07 -8.39319E-10
1.28800E-07 -5.42034E-11
1.28954E-07 7.75411E-10
1.29108E-07 9.45230E-10
1.29262E-07 3.12363E-10
1.29416E-07 -5.84447E-10
1.29570E-07 -9.83423E-10
1.29724E-07 -5.46825E-10
1.29878E-07 3.53141E-10
1.30032E-07 9.51615E-10
1.30186E-07 7.41112E-10
1.30340E-07 -9.81447E-11
1.30494E-07 -8.52500E-10
1.30649E-07 -8.81705E-10
1.30803E-07 -1.62322E-10
1.30957E-07 6.93519E-10
1.31111E-07 9.58973E-10
1.31265E-07 4.09770E-10
1.31419E-07 -4.86306E-10
1.31573E-07 -9.67835E-10
1.31727E-07 -6.26755E-10
1.31881E-07 2.45830E-10
1.32035E-07 9.08080E-10
1.32189E-07 7.98098E-10
1.32343E-07 1.06811E-11
1.32497E-07 -7.84357E-10
1.32651E-07 -9.11950E-10
1.32805E-07 -2.64976E-10
1.32960E-07 6.05808E-10
1.33114E-07 9.60603E-10
1.33268E-07 4.99079E-10
1.33422E-07 -3.85393E-10
1.33576E-07 -9.41005E-10
1.33730E-07 -6.96552E-10
1.33884E-07 1.38948E-10
1.34038E-07 8.54950E-10
1.34192E-07 8.43653E-10
1.34346E-07 1.15949E-10
1.34500E-07 -7.08914E-10
1.34654E-07 -9.30281E-10
1.34808E-07 -3.61235E-10
1.34962E-07 5.13569E-10
1.35116E-07 9.50672E-10
1.35271E-07 5.79637E-10
1.35425E-07 -2.83004E-10
1.35579E-07 -9.03772E-10
1.35733E-07 -7.55886E-10
1.35887E-07 3.37059E-11
1.36041E-07 7.93283E-10
1.36195E-07 8.77783E-10
1.36349E-07 2.16617E-10
1.36503E-07 -6.27371E-10
1.36657E-07 -9.37035E-10
1.36811E-07 -4.50292E-10
1.36965E-07 4.18062E-10
1.37119E-07 9.29822E-10
1.37273E-07 6.50927E-10
1.37427E-07 -1.80371E-10
1.37582E-07 -8.57028E-10
1.37736E-07 -8.04558E-10
1.37890E-07 -6.87780E-11
1.38044E-07 7.24159E-10
1.38198E-07 9.00616E-10
1.38352E-07 3.11754E-10
1.38506E-07 -5.40920E-10
1.38660E-07 -9.32653E-10
1.38814E-07 -5.31465E-10
1.38968E-07 3.20507E-10
1.39122E-07 8.98769E-10
1.39276E-07 7.12557E-10
1.39430E-07 -7.86560E-11
1.39584E-07 -8.01716E-10
1.39738E-07 -8.42488E-10
1.39893E-07 -1.67478E-10
1.40047E-07 6.48678E-10
1.40201E-07 9.12388E-10
1.40355E-07 4.00538E-10
1.40509E-07 -4.50738E-10
1.40663E-07 -9.17665E-10
1.40817E-07 -6.04190E-10
1.40971E-07 2.22075E-10
1.41125E-07 8.58297E-10
1.41279E-07 7.64258E-10
1.41433E-07 2.10540E-11
1.41587E-07 -7.38813E-10
1.41741E-07 -8.69716E-10
1.41895E-07 -2.61464E-10
1.42049E-07 5.67941E-10
1.42204E-07 9.13438E-10
1.42358E-07 4.82261E-10
1.42512E-07 -3.57973E-10
1.42666E-07 -8.92679E-10
1.42820E-07 -6.68023E-10
1.42974E-07 1.23881E-10
1.43128E-07 8.09241E-10
1.43282E-07 8.05876E-10
1.43436E-07 1.17753E-10
1.43590E-07 -6.69318E-10
1.43744E-07 -8.86384E-10
1.43898E-07 -3.49908E-10
1.44052E-07 4.83040E-10
1.44206E-07 9.04191E-10
1.44360E-07 5.56323E-10
1.44515E-07 -2.63736E-10
1.44669E-07 -8.58373E-10
1.44823E-07 -7.22633E-10
1.44977E-07 2.69780E-11
1.45131E-07 7.52476E-10
1.45285E-07 8.37368E-10
1.45439E-07 2.10519E-10
1.45593E-07 -5.94246E-10
1.45747E-07 -8.92737E-10
1.45901E-07 -4.32078E-10
1.46055E-07 3.95057E-10
1.46209E-07 8.85157E-10
1.46363E-07 6.22233E-10
1.46517E-07 -1.69096E-10
1.46671E-07 -8.15482E-10
1.46826E-07 -7.67800E-10
1.46980E-07 -6.76478E-11
1.47134E-07 6.88913E-10
1.47288E-07 8.58794E-10
1.47442E-07 2.98514E-10
1.47596E-07 -5.14613E-10
1.47750E-07 -8.89106E-10
1.47904E-07 -5.07344E-10
1.48058E-07 3.05044E-10
1.48212E-07 8.56916E-10
1.48366E-07 6.79606E-10
1.48520E-07 -7.50720E-11
1.48674E-07 -7.64790E-10
1.48828E-07 -8.03406E-10
1.48982E-07 -1.59083E-10
1.49137E-07 6.19481E-10
1.49291E-07 8.70310E-10
1.49445E-07 3.80994E-10
1.49599E-07 -4.31432E-10
1.49753E-07 -8.75908E-10
1.49907E-07 -5.75174E-10
1.50061E-07 2.14024E-10
1.50215E-07 8.20109E-10
1.50369E-07 7.28158E-10
1.50523E-07 1.73734E-11
1.50677E-07 -7.07118E-10
1.50831E-07 -8.29434E-10
1.50985E-07 -2.46491E-10
1.51139E-07 5.45123E-10
1.51293E-07 8.72162E-10
1.51448E-07 4.57299E-10
1.51602E-07 -3.45698E-10
1.51756E-07 -8.53631E-10
1.51910E-07 -6.35134E-10
1.52064E-07 1.22980E-10
1.52218E-07 7.75431E-10
1.52372E-07 7.67707E-10
1.52526E-07 1.07339E-10
1.52680E-07 -6.43317E-10
1.52834E-07 -8.45961E-10
1.52988E-07 -3.29111E-10
1.53142E-07 4.66785E-10
1.53296E-07 8.64677E-10
1.53450E-07 5.26865E-10
1.53604E-07 -2.58389E-10
1.53759E-07 -8.22827E-10
1.53913E-07 -6.86887E-10
1.54067E-07 3.28489E-11
1.54221E-07 7.23620E-10
1.54375E-07 7.98166E-10
1.54529E-07 1.93989E-10
1.54683E-07 -5.74256E-10
1.54837E-07 -8.53151E-10
1.54991E-07 -4.06265E-10
1.55145E-07 3.85407E-10
1.55299E-07 8.48259E-10
1.55453E-07 5.89215E-10
1.55607E-07 -1.70449E-10
1.55761E-07 -7.84108E-10
1.55915E-07 -7.30190E-10
1.56070E-07 -5.54819E-11
1.56224E-07 6.65449E-10
1.56378E-07 8.19537E-10
1.56532E-07 2.76557E-10
1.56686E-07 -5.00818E-10
1.56840E-07 -8.51251E-10
1.56994E-07 -4.77359E-10
1.57148E-07 3.01919E-10
1.57302E-07 8.23378E-10
1.57456E-07 6.43963E-10
1.57610E-07 -8.27898E-11
1.57764E-07 -7.38132E-10
1.57918E-07 -7.64891E-10
1.58072E-07 -1.41183E-10
1.58226E-07 6.01719E-10
1.58381E-07 8.31910E-10
1.58535E-07 3.54347E-10
1.58689E-07 -4.23887E-10
1.58843E-07 -8.40582E-10
1.58997E-07 -5.41879E-10
1.59151E-07 2.17227E-10
1.59305E-07 7.90562E-10
1.59459E-07 6.90811E-10
1.59613E-07 3.72041E-12
1.59767E-07 -6.85597E-10
1.59921E-07 -7.90925E-10
1.60075E-07 -2.23482E-10
1.60229E-07 5.33247E-10
1.60383E-07 8.35454E-10
1.60537E-07 4.26740E-10
1.60692E-07 -3.44344E-10
1.60846E-07 -8.21535E-10
1.61000E-07 -5.99396E-10
1.61154E-07 1.32213E-10
1.61308E-07 7.50394E-10
1.61462E-07 7.29548E-10
1.61616E-07 8.82597E-11
1.61770E-07 -6.27235E-10
1.61924E-07 -8.08311E-10
1.62078E-07 -3.01674E-10
1.62232E-07 4.60863E-10
1.62386E-07 8.30415E-10
1.62540E-07 4.93191E-10
1.62694E-07 -2.63056E-10
1.62848E-07 -7.94563E-10
1.63003E-07 -6.49563E-10
1.63157E-07 4.77252E-11
1.63311E-07 7.03500E-10
1.63465E-07 7.60048E-10
1.63619E-07 1.70058E-10
1.63773E-07 -5.63801E-10
1.63927E-07 -8.17147E-10
1.64081E-07 -3.75118E-10
1.64235E-07 3.85398E-10
1.64389E-07 8.17108E-10
1.64543E-07 5.53232E-10
1.64697E-07 -1.80874E-10
1.64851E-07 -7.60174E-10
1.65005E-07 -6.92115E-10
1.65159E-07 -3.54258E-11
1.65314E-07 6.50545E-10
1.65468E-07 7.82263E-10
1.65622E-07 2.48400E-10
1.65776E-07 -4.96070E-10
1.65930E-07 -8.17607E-10
1.66084E-07 -4.43243E-10
1.66238E-07 3.07681E-10
1.66392E-07 7.95913E-10
1.66546E-07 6.06474E-10
1.66700E-07 -9.86243E-11
1.66854E-07 -7.18925E-10
1.67008E-07 -7.26867E-10
1.67162E-07 -1.16474E-10
1.67316E-07 5.92223E-10
1.67470E-07 7.96226E-10
1.67625E-07 3.22631E-10
1.67779E-07 -4.24823E-10
1.67933E-07 -8.09935E-10
1.68087E-07 -5.05548E-10
1.68241E-07 2.28528E-10
1.68395E-07 7.67266E-10
1.68549E-07 6.52601E-10
1.68703E-07 -1.71006E-11
1.68857E-07 -6.71413E-10
1.69011E-07 -7.53713E-10
1.69165E-07 -1.94701E-10
1.69319E-07 5.29251E-10
1.69473E-07 8.02042E-10
1.69627E-07 3.92157E-10
1.69781E-07 -3.50846E-10
1.69936E-07 -7.94439E-10
1.70090E-07 -5.61602E-10
1.70244E-07 1.48738E-10
1.70398E-07 7.31656E-10
1.70552E-07 6.91377E-10
1.70706E-07 6.29377E-11
1.70860E-07 -6.18272E-10
1.71014E-07 -7.72623E-10
1.71168E-07 -2.69440E-10
1.71322E-07 4.62363E-10
1.71476E-07 7.99887E-10
1.71630E-07 4.56448E-10
1.71784E-07 -2.74922E-10
1.71938E-07 -7.71489E-10
1.72092E-07 -6.11050E-10
1.72247E-07 6.90897E-11
1.72401E-07 6.89617E-10
1.72555E-07 7.22639E-10
1.72709E-07 1.40772E-10
1.72863E-07 -5.60164E-10
1.73017E-07 -7.83636E-10
1.73171E-07 -3.40079E-10
1.73325E-07 3.92299E-10
1.73479E-07 7.90002E-10
1.73633E-07 5.15040E-10
1.73787E-07 -1.97822E-10
1.73941E-07 -7.41505E-10
1.74095E-07 -6.53605E-10
1.74249E-07 -9.66924E-12
1.74403E-07 6.41722E-10
1.74558E-07 7.46298E-10
1.74712E-07 2.15729E-10
1.74866E-07 -4.97771E-10
1.75020E-07 -7.86865E-10
1.75174E-07 -4.06065E-10
1.75328E-07 3.19807E-10
1.75482E-07 7.72689E-10
1.75636E-07 5.67537E-10
1.75790E-07 -1.20303E-10
1.75944E-07 -7.04960E-10
1.76098E-07 -6.89052E-10
1.76252E-07 -8.68241E-11
1.76406E-07 5.88577E-10
1.76560E-07 7.62336E-10
1.76714E-07 2.87182E-10
1.76869E-07 -4.31792E-10
1.77023E-07 -7.82487E-10
1.77177E-07 -4.66905E-10
1.77331E-07 2.45628E-10
1.77485E-07 7.48306E-10
1.77639E-07 6.13609E-10
1.77793E-07 -4.30982E-11
1.77947E-07 -6.62365E-10
1.78101E-07 -7.17250E-10
1.78255E-07 -1.61698E-10
1.78409E-07 5.30813E-10
1.78563E-07 7.70802E-10
1.78717E-07 3.54559E-10
1.78871E-07 -3.62934E-10
1.79025E-07 -7.70739E-10
1.79180E-07 -5.22165E-10
1.79334E-07 1.70493E-10
1.79488E-07 7.17263E-10
1.79642E-07 6.52996E-10
1.79796E-07 3.30844E-11
1.79950E-07 -6.14272E-10
1.80104E-07 -7.38120E-10
1.80258E-07 -2.33657E-10
1.80412E-07 4.69083E-10
1.80566E-07 7.71810E-10
1.80720E-07 4.17342E-10
1.80874E-07 -2.91904E-10
1.81028E-07 -7.51917E-10
1.81182E-07 -5.71479E-10
1.81336E-07 9.51214E-11
1.81491E-07 6.80012E-10
1.81645E-07 6.85501E-10
1.81799E-07 1.07568E-10
1.81953E-07 -5.61262E-10
1.82107E-07 -7.51657E-10
1.82261E-07 -3.02111E-10
1.82415E-07 4.04055E-10
1.82569E-07 7.65539E-10
1.82723E-07 4.75067E-10
1.82877E-07 -2.19411E-10
1.83031E-07 -7.26370E-10
1.83185E-07 -6.14541E-10
1.83339E-07 2.02084E-11
1.83493E-07 6.37051E-10
1.83647E-07 7.10998E-10
1.83802E-07 1.79714E-10
1.83956E-07 -5.03940E-10
1.84110E-07 -7.57916E-10
1.84264E-07 -3.66521E-10
1.84418E-07 3.36403E-10
1.84572E-07 7.52222E-10
1.84726E-07 5.27331E-10
1.84880E-07 -1.46151E-10
1.85034E-07 -6.94494E-10
1.85188E-07 -6.51110E-10
1.85342E-07 -5.35736E-11
1.85496E-07 5.88907E-10
1.85650E-07 7.29424E-10
1.85804E-07 2.48922E-10
1.85958E-07 -4.42931E-10
1.86113E-07 -7.57015E-10
1.86267E-07 -4.26398E-10
1.86421E-07 2.66803E-10
1.86575E-07 7.32149E-10
1.86729E-07 5.73789E-10
1.86883E-07 -7.28063E-11
1.87037E-07 -6.56728E-10
1.87191E-07 -6.81008E-10
1.87345E-07 -1.25583E-10
1.87499E-07 5.36139E-10
1.87653E-07 7.40778E-10
1.87807E-07 3.14633E-10
1.87961E-07 -3.78875E-10
1.88115E-07 -7.49130E-10
1.88269E-07 -4.81307E-10
1.88424E-07 1.95931E-10
1.88578E-07 7.05660E-10
1.88732E-07 6.14159E-10
1.88886E-07 -4.13452E-14
1.89040E-07 -6.13550E-10
1.89194E-07 -7.04122E-10
1.89348E-07 -1.95212E-10
1.89502E-07 4.79330E-10
1.89656E-07 7.45122E-10
1.89810E-07 3.76339E-10
1.89964E-07 -3.12417E-10
1.90118E-07 -7.34492E-10
1.90272E-07 -5.30869E-10
1.90426E-07 1.24453E-10
1.90580E-07 6.73140E-10
1.90735E-07 6.48217E-10
1.90889E-07 7.15040E-11
1.91043E-07 -5.65472E-10
1.91197E-07 -7.20397E-10
1.91351E-07 -2.61891E-10
1.91505E-07 4.19081E-10
1.91659E-07 7.42576E-10
1.91813E-07 4.33576E-10
1.91967E-07 -2.44207E-10
1.92121E-07 -7.13386E-10
1.92275E-07 -5.74762E-10
1.92429E-07 5.30212E-11
1.92583E-07 6.35013E-10
1.92737E-07 6.75799E-10
1.92891E-07 1.41219E-10
1.93046E-07 -5.13030E-10
1.93200E-07 -7.29843E-10
1.93354E-07 -3.25091E-10
1.93508E-07 3.56004E-10
1.93662E-07 7.33315E-10
1.93816E-07 4.85934E-10
1.93970E-07 -1.74889E-10
1.94124E-07 -6.86141E-10
1.94278E-07 -6.12719E-10
1.94432E-07 -1.77309E-11
1.94586E-07 5.91742E-10
1.94740E-07 6.96804E-10
1.94894E-07 2.08524E-10
1.95048E-07 -4.56786E-10
1.95202E-07 -7.32523E-10
1.95357E-07 -3.84327E-10
1.95511E-07 2.90720E-10
1.95665E-07 7.17567E-10
1.95819E-07 5.33056E-10
1.95973E-07 -1.05104E-10
1.96127E-07 -6.53131E-10
1.96281E-07 -6.44533E-10
1.96435E-07 -8.71919E-11
1.96589E-07 5.43820E-10
1.96743E-07 7.11186E-10
1.96897E-07 2.72877E-10
1.97051E-07 -3.97319E-10
1.97205E-07 -7.28559E-10
1.97359E-07 -4.39162E-10
1.97513E-07 2.23853E-10
1.97668E-07 6.95609E-10
1.97822E-07 5.74636E-10
1.97976E-07 -3.54741E-11
1.98130E-07 -6.14770E-10
1.98284E-07 -6.70054E-10
1.98438E-07 -1.54777E-10
1.98592E-07 4.91768E-10
1.98746E-07 7.18959E-10
1.98900E-07 3.33773E-10
1.99054E-07 -3.35218E-10
1.99208E-07 -7.18125E-10
1.99362E-07 -4.89204E-10
1.99516E-07 1.56023E-10
1.99670E-07 6.67764E-10
1.99824E-07 6.10427E-10
1.99979E-07 3.33919E-11
2.00133E-07 -5.71505E-10
2.00287E-07 -6.89189E-10
2.00441E-07 -2.19934E-10
2.00595E-07 4.36126E-10
2.00749E-07 7.20191E-10
2.00903E-07 3.90751E-10
2.01057E-07 -2.71082E-10
2.01211E-07 -7.01445E-10
2.01365E-07 -5.34117E-10
2.01519E-07 8.78419E-11
2.01673E-07 6.34396E-10
2.01827E-07 6.40233E-10
2.01981E-07 1.00908E-10
2.02135E-07 -5.23814E-10
2.02290E-07 -7.01900E-10
2.02444E-07 -2.82143E-10
2.02598E-07 3.77454E-10
2.02752E-07 7.15005E-10
2.02906E-07 4.43394E-10
2.03060E-07 -2.05511E-10
2.03214E-07 -6.78792E-10
2.03368E-07 -5.73611E-10
2.03522E-07 1.99108E-11
2.03676E-07 5.95906E-10
2.03830E-07 6.63916E-10
2.03984E-07 1.66516E-10
2.04138E-07 -4.72200E-10
2.04292E-07 -7.08207E-10
2.04446E-07 -3.40923E-10
2.04601E-07 3.16319E-10
2.04755E-07 7.03572E-10
2.04909E-07 4.91331E-10
2.05063E-07 -1.39100E-10
2.05217E-07 -6.50478E-10
2.05371E-07 -6.07452E-10
2.05525E-07 -4.71873E-11
2.05679E-07 5.52727E-10
2.05833E-07 6.81390E-10
2.05987E-07 2.29684E-10
2.06141E-07 -4.17185E-10
2.06295E-07 -7.08179E-10
2.06449E-07 -3.95832E-10
2.06603E-07 2.53299E-10
2.06757E-07 6.86114E-10
2.06912E-07 5.34240E-10
2.07066E-07 -7.24402E-11
2.07220E-07 -6.16860E-10
2.07374E-07 -6.35457E-10
2.07528E-07 -1.12889E-10
2.07682E-07 5.05324E-10
2.07836E-07 6.92626E-10
2.07990E-07 2.89915E-10
2.08144E-07 -3.59310E-10
2.08298E-07 -7.01939E-10
2.08452E-07 -4.46473E-10
2.08606E-07 1.88973E-10
2.08760E-07 6.62896E-10
2.08914E-07 5.71847E-10
2.09068E-07 -6.10984E-12
2.09223E-07 -5.78326E-10
2.09377E-07 -6.57498E-10
2.09531E-07 -1.76657E-10
2.09685E-07 4.54183E-10
2.09839E-07 6.97645E-10
2.09993E-07 3.46747E-10
2.10147E-07 -2.99127E-10
2.10301E-07 -6.89658E-10
2.10455E-07 -4.92492E-10
2.10609E-07 1.23917E-10
2.10763E-07 6.34226E-10
2.10917E-07 6.03931E-10
2.11071E-07 5.93295E-11
2.11225E-07 -5.35300E-10
2.11379E-07 -6.73496E-10
2.11534E-07 -2.37981E-10
2.11688E-07 3.99813E-10
2.11842E-07 6.96520E-10
2.11996E-07 3.99759E-10
2.12150E-07 -2.37190E-10
2.12304E-07 -6.71553E-10
2.12458E-07 -5.33581E-10
2.12612E-07 5.86995E-11
2.12766E-07 6.00449E-10
2.12920E-07 6.30320E-10
2.13074E-07 1.23336E-10
2.13228E-07 -4.88230E-10
2.13382E-07 -6.83427E-10
2.13536E-07 -2.96385E-10
2.13690E-07 3.42734E-10
2.13845E-07 6.89374E-10
2.13999E-07 4.48569E-10
2.14153E-07 -1.74061E-10
2.14307E-07 -6.47883E-10
2.14461E-07 -5.69480E-10
2.14615E-07 -6.12212E-12
2.14769E-07 5.61944E-10
2.14923E-07 6.50892E-10
2.15077E-07 1.85392E-10
2.15231E-07 -4.37590E-10
2.15385E-07 -6.87316E-10
2.15539E-07 -3.51423E-10
2.15693E-07 2.83481E-10
2.15847E-07 6.76374E-10
2.16001E-07 4.92837E-10
2.16156E-07 -1.10296E-10
2.16310E-07 -6.18951E-10
2.16464E-07 -5.99978E-10
2.16618E-07 -7.00051E-11
2.16772E-07 5.19123E-10
2.16926E-07 6.65576E-10
2.17080E-07 2.45006E-10
2.17234E-07 -3.83872E-10
2.17388E-07 -6.85237E-10
2.17542E-07 -4.02692E-10
2.17696E-07 2.22593E-10
2.17850E-07 6.57735E-10
2.18004E-07 5.32270E-10
2.18158E-07 -4.64441E-11
2.18312E-07 -5.85091E-10
2.18467E-07 -6.24913E-10
2.18621E-07 -1.32427E-10
2.18775E-07 4.72423E-10
2.18929E-07 6.74352E-10
2.19083E-07 3.01719E-10
2.19237E-07 -3.27582E-10
2.19391E-07 -6.77311E-10
2.19545E-07 -4.49823E-10
2.19699E-07 1.60612E-10
2.19853E-07 6.33711E-10
2.20007E-07 5.66620E-10
2.20161E-07 1.69546E-11
2.20315E-07 -5.46675E-10
2.20469E-07 -6.44169E-10
2.20623E-07 -1.92887E-10
2.20778E-07 4.22302E-10
2.20932E-07 6.77248E-10
2.21086E-07 3.55102E-10
2.21240E-07 -2.69238E-10
2.21394E-07 -6.63705E-10
2.21548E-07 -4.92492E-10
2.21702E-07 9.80766E-11
2.21856E-07 6.04596E-10
2.22010E-07 5.95685E-10
2.22164E-07 7.93758E-11
2.22318E-07 -5.04103E-10
2.22472E-07 -6.57683E-10
2.22626E-07 -2.50912E-10
2.22780E-07 3.69240E-10
2.22934E-07 6.74339E-10
2.23089E-07 4.04766E-10
2.23243E-07 -2.09363E-10
2.23397E-07 -6.44630E-10
2.23551E-07 -5.30417E-10
2.23705E-07 3.55198E-11
2.23859E-07 5.70718E-10
2.24013E-07 6.19309E-10
2.24167E-07 1.40314E-10
2.24321E-07 -4.57799E-10
2.24475E-07 -6.65437E-10
2.24629E-07 -3.06058E-10
2.24783E-07 3.13729E-10
2.24937E-07 6.65746E-10
2.25091E-07 4.50357E-10
2.25245E-07 -1.48483E-10
2.25400E-07 -6.20334E-10
2.25554E-07 -5.63359E-10
2.25708E-07 -2.65358E-11
2.25862E-07 5.32441E-10
2.26016E-07 6.37387E-10
2.26170E-07 1.99286E-10
2.26324E-07 -4.08211E-10
2.26478E-07 -6.67462E-10
2.26632E-07 -3.57912E-10
2.26786E-07 2.56270E-10
2.26940E-07 6.51633E-10
2.27094E-07 4.91562E-10
2.27248E-07 -8.71201E-11
2.27402E-07 -5.91106E-10
2.27556E-07 -5.91126E-10
2.27711E-07 -8.75832E-11
2.27865E-07 4.90151E-10
2.28019E-07 6.49858E-10
2.28173E-07 2.55833E-10
2.28327E-07 -3.55805E-10
2.28481E-07 -6.63833E-10
2.28635E-07 -4.06098E-10
2.28789E-07 1.97373E-10
2.28943E-07 6.32206E-10
2.29097E-07 5.28110E-10
2.29251E-07 -2.57912E-11
2.29405E-07 -5.57265E-10
2.29559E-07 -6.13571E-10
2.29713E-07 -1.47132E-10
2.29867E-07 4.44266E-10
2.30022E-07 6.56708E-10
2.30176E-07 3.09525E-10
2.30330E-07 -3.01059E-10
2.30484E-07 -6.54669E-10
2.30638E-07 -4.50273E-10
2.30792E-07 1.37547E-10
2.30946E-07 6.07710E-10
2.31100E-07 5.59773E-10
2.31254E-07 3.49967E-11
2.31408E-07 -5.19167E-10
2.31562E-07 -6.30592E-10
2.31716E-07 -2.04713E-10
2.31870E-07 3.95219E-10
2.32024E-07 6.57968E-10
2.32178E-07 3.59964E-10
2.32333E-07 -2.44461E-10
2.32487E-07 -6.40134E-10
2.32641E-07 -4.90137E-10
2.32795E-07 7.73017E-11
2.32949E-07 5.78427E-10
2.33103E-07 5.86365E-10
2.33257E-07 9.47509E-11
2.33411E-07 -4.77189E-10
2.33565E-07 -6.42132E-10
2.33719E-07 -2.59883E-10
2.33873E-07 3.43465E-10
2.34027E-07 6.53715E-10
2.34181E-07 4.06785E-10
2.34335E-07 -1.86507E-10
2.34489E-07 -6.20430E-10
2.34644E-07 -5.25428E-10
2.34798E-07 1.71379E-11
2.34952E-07 5.44670E-10
2.35106E-07 6.07746E-10
2.35260E-07 1.52996E-10
2.35414E-07 -4.31738E-10
2.35568E-07 -6.48182E-10
2.35722E-07 -3.12226E-10
2.35876E-07 2.89469E-10
2.36030E-07 6.44068E-10
2.36184E-07 4.49659E-10
2.36338E-07 -1.27692E-10
2.36492E-07 -5.95796E-10
2.36646E-07 -5.55926E-10
2.36800E-07 -4.24519E-11
2.36955E-07 5.06785E-10
2.37109E-07 6.23818E-10
2.37263E-07 2.09277E-10
2.37417E-07 -3.83237E-10
2.37571E-07 -6.48773E-10
2.37725E-07 -3.61354E-10
2.37879E-07 2.33708E-10
2.38033E-07 6.29186E-10
2.38187E-07 4.88293E-10
2.38341E-07 -6.85119E-11
2.38495E-07 -5.66509E-10
2.38649E-07 -5.81452E-10
2.38803E-07 -1.00988E-10
2.38957E-07 4.65142E-10
2.39111E-07 6.34529E-10
2.39266E-07 2.63163E-10
2.39420E-07 -3.32129E-10
2.39574E-07 -6.43982E-10
2.39728E-07 -4.06915E-10
2.39882E-07 1.76663E-10
2.40036E-07 6.09269E-10
2.40190E-07 5.22434E-10
2.40344E-07 -9.45371E-12
2.40498E-07 -5.32875E-10
2.40652E-07 -6.01872E-10
2.40806E-07 -1.58010E-10
2.40960E-07 4.20137E-10
2.41114E-07 6.39871E-10
2.41268E-07 3.14251E-10
2.41422E-07 -2.78868E-10
2.41577E-07 -6.33927E-10
2.41731E-07 -4.48589E-10
2.41885E-07 1.18817E-10
2.42039E-07 5.84551E-10
2.42193E-07 5.51871E-10
2.42347E-07 4.90027E-11
2.42501E-07 -4.95232E-10
2.42655E-07 -6.17093E-10
2.42809E-07 -2.13074E-10
2.42963E-07 3.72183E-10
2.43117E-07 6.39878E-10
2.43271E-07 3.62164E-10
2.43425E-07 -2.23918E-10
2.43579E-07 -6.18764E-10
2.43733E-07 -4.86093E-10
2.43888E-07 6.06528E-11
2.44042E-07 5.55303E-10
2.44196E-07 5.76430E-10
2.44350E-07 1.06391E-10
2.44504E-07 -4.53942E-10
2.44658E-07 -6.27066E-10
2.44812E-07 -2.65762E-10
2.44966E-07 3.21714E-10
2.45120E-07 6.34625E-10
2.45274E-07 4.06559E-10
2.45428E-07 -1.67749E-10
2.45582E-07 -5.98690E-10
2.45736E-07 -5.19182E-10
2.45890E-07 2.64512E-12
2.46044E-07 5.21825E-10
2.46199E-07 5.95982E-10
2.46353E-07 1.62263E-10
2.46507E-07 -4.09391E-10
2.46661E-07 -6.31783E-10
2.46815E-07 -3.15680E-10
2.46969E-07 2.69171E-10
2.47123E-07 6.24229E-10
2.47277E-07 4.47127E-10
2.47431E-07 -1.10832E-10
2.47585E-07 -5.73936E-10
2.47739E-07 -5.47651E-10
2.47893E-07 -5.47390E-11
2.48047E-07 4.84448E-10
2.48201E-07 6.10440E-10
2.48355E-07 2.16187E-10
2.48510E-07 -3.61984E-10
2.48664E-07 -6.31281E-10
2.48818E-07 -3.62465E-10
2.48972E-07 2.15007E-10
2.49126E-07 6.08844E-10
2.49280E-07 4.83592E-10
2.49434E-07 -5.36365E-11
2.49588E-07 -5.44764E-10
2.49742E-07 -5.71333E-10
2.49896E-07 -1.11045E-10
2.50050E-07 4.43525E-10
2.50204E-07 6.19755E-10
2.50358E-07 2.67755E-10
2.50512E-07 -3.12143E-10
2.50666E-07 -6.25633E-10
2.50821E-07 -4.05781E-10
2.50975E-07 1.59682E-10
2.51129E-07 5.88662E-10
2.51283E-07 5.15718E-10
2.51437E-07 3.37281E-12
2.51591E-07 -5.11471E-10
2.51745E-07 -5.90101E-10
2.51899E-07 -1.65835E-10
2.52053E-07 3.99434E-10
2.52207E-07 6.23922E-10
2.52361E-07 3.16584E-10
2.52515E-07 -2.60301E-10
2.52669E-07 -6.14955E-10
2.52823E-07 -4.45327E-10
2.52977E-07 1.03656E-10
2.53132E-07 5.63911E-10
2.53286E-07 5.43303E-10
2.53440E-07 5.97402E-11
2.53594E-07 -4.74379E-10
2.53748E-07 -6.03873E-10
2.53902E-07 -2.18688E-10
2.54056E-07 3.52572E-10
2.54210E-07 6.22977E-10
2.54364E-07 3.62319E-10
2.54518E-07 -2.06901E-10
2.54672E-07 -5.99399E-10
2.54826E-07 -4.80837E-10
2.54980E-07 4.73863E-11
2.55134E-07 5.34849E-10
2.55288E-07 5.66188E-10
2.55443E-07 1.15024E-10
2.55597E-07 -4.33835E-10
2.55751E-07 -6.12603E-10
2.55905E-07 -2.69208E-10
2.56059E-07 3.03350E-10
2.56213E-07 6.16995E-10
2.56367E-07 4.04635E-10
2.56521E-07 -1.52389E-10
2.56675E-07 -5.79155E-10
2.56829E-07 -5.12079E-10
2.56983E-07 -8.67311E-12
2.57137E-07 5.01765E-10
2.57291E-07 5.84250E-10
2.57445E-07 1.68794E-10
2.57599E-07 -3.90208E-10
2.57754E-07 -6.16287E-10
2.57908E-07 -3.17021E-10
2.58062E-07 2.52192E-10
2.58216E-07 6.06088E-10
2.58370E-07 4.43238E-10
2.58524E-07 -9.72169E-11
2.58678E-07 -5.54443E-10
2.58832E-07 -5.38858E-10
2.58986E-07 -6.40772E-11
2.59140E-07 4.64974E-10
2.59294E-07 5.97407E-10
2.59448E-07 2.20643E-10
2.59602E-07 -3.43886E-10
2.59756E-07 -6.14961E-10
2.59910E-07 -3.61780E-10
2.60065E-07 1.99530E-10
2.60219E-07 5.90407E-10
2.60373E-07 4.77867E-10
2.60527E-07 -4.18317E-11
2.60681E-07 -5.25518E-10
2.60835E-07 -5.61019E-10
2.60989E-07 -1.18394E-10
2.61143E-07 4.24817E-10
2.61297E-07 6.05618E-10
2.61451E-07 2.70181E-10
2.61605E-07 -2.95272E-10
2.61759E-07 -6.08698E-10
2.61913E-07 -4.03168E-10
2.62067E-07 1.45803E-10
2.62221E-07 5.70137E-10
2.62376E-07 5.08298E-10
2.62530E-07 1.33230E-11
2.62684E-07 -4.92663E-10
2.62838E-07 -5.78442E-10
2.62992E-07 -1.71204E-10
2.63146E-07 3.81656E-10
2.63300E-07 6.08878E-10
2.63454E-07 3.17044E-10
2.63608E-07 -2.44780E-10
2.63762E-07 -5.97610E-10
2.63916E-07 -4.40898E-10
2.64070E-07 9.14508E-11
2.64224E-07 5.45496E-10
2.64378E-07 5.34341E-10
2.64532E-07 6.78127E-11
2.64687E-07 -4.56187E-10
2.64841E-07 -5.91050E-10
2.64995E-07 -2.22107E-10
2.65149E-07 3.35869E-10
2.65303E-07 6.07224E-10
2.65457E-07 3.60894E-10
2.65611E-07 -1.92835E-10
2.65765E-07 -5.81844E-10
2.65919E-07 -4.74716E-10
2.66073E-07 3.69113E-11
2.66227E-07 5.16732E-10
2.66381E-07 5.55844E-10
2.66535E-07 1.21214E-10
2.66689E-07 -4.16425E-10
2.66843E-07 -5.98800E-10
2.66998E-07 -2.70725E-10
2.67152E-07 2.87852E-10
2.67306E-07 6.00728E-10
2.67460E-07 4.01420E-10
2.67614E-07 -1.39864E-10
2.67768E-07 -5.61582E-10
2.67922E-07 -5.04403E-10
2.68076E-07 -1.73817E-11
2.68230E-07 4.84124E-10
2.68384E-07 5.72692E-10
2.68538E-07 1.73118E-10
2.68692E-07 -3.73729E-10
2.68846E-07 -6.01691E-10
2.69000E-07 -3.16701E-10
2.69154E-07 2.38011E-10
2.69309E-07 5.89501E-10
2.69463E-07 4.38343E-10
2.69617E-07 -8.62993E-11
2.69771E-07 -5.37039E-10
2.69925E-07 -5.29774E-10
2.70079E-07 -7.10027E-11
2.70233E-07 4.47975E-10
2.70387E-07 5.84808E-10
2.70541E-07 2.23132E-10
2.70695E-07 -3.28471E-10
2.70849E-07 -5.99758E-10
2.71003E-07 -3.59703E-10
2.71157E-07 1.86759E-10
2.71311E-07 5.73686E-10
2.71465E-07 4.71413E-10
2.71620E-07 -3.25689E-11
2.71774E-07 -5.08458E-10
2.71928E-07 -5.50680E-10
2.72082E-07 -1.23537E-10
2.72236E-07 4.08611E-10
2.72390E-07 5.92152E-10
2.72544E-07 2.70886E-10
2.72698E-07 -2.81040E-10
2.72852E-07 -5.93073E-10
2.73006E-07 -3.99428E-10
2.73160E-07 1.34519E-10
2.73314E-07 5.53463E-10
2.73468E-07 5.00417E-10
2.73622E-07 2.09022E-11
2.73776E-07 -4.76111E-10
2.73931E-07 -5.67009E-10
2.74085E-07 -1.74585E-10
2.74239E-07 3.66380E-10
2.74393E-07 5.94722E-10
2.74547E-07 3.16031E-10
2.74701E-07 -2.31832E-10
2.74855E-07 -5.81744E-10
2.75009E-07 -4.35603E-10
2.75163E-07 8.17099E-11
2.75317E-07 5.29042E-10
2.75471E-07 5.25174E-10
2.75625E-07 7.36973E-11
2.75779E-07 -4.40297E-10
2.75933E-07 -5.78685E-10
2.76087E-07 -2.23762E-10
2.76242E-07 3.21646E-10
2.76396E-07 5.92554E-10
2.76550E-07 3.58242E-10
2.76704E-07 -1.81253E-10
2.76858E-07 -5.65913E-10
2.77012E-07 -4.67983E-10
2.77166E-07 2.87540E-11
2.77320E-07 5.00661E-10
2.77474E-07 5.45538E-10
2.77628E-07 1.25410E-10
2.77782E-07 -4.01336E-10
2.77936E-07 -5.85671E-10
2.78090E-07 -2.70704E-10
2.78244E-07 2.74788E-10
2.78398E-07 5.85718E-10
2.78553E-07 3.97223E-10
2.78707E-07 -1.29717E-10
2.78861E-07 -5.45754E-10
2.79015E-07 -4.96360E-10
2.79169E-07 -2.39326E-11
2.79323E-07 4.68589E-10
2.79477E-07 5.61399E-10
2.79631E-07 1.75648E-10
2.79785E-07 -3.59567E-10
2.79939E-07 -5.87965E-10
2.80093E-07 -3.15071E-10
2.80247E-07 2.26197E-10
2.80401E-07 5.74321E-10
2.80555E-07 4.32704E-10
2.80709E-07 -7.76352E-11
2.80864E-07 -5.21476E-10
2.81018E-07 -5.20555E-10
2.81172E-07 -7.59414E-11
2.81326E-07 4.33117E-10
2.81480E-07 5.72685E-10
2.81634E-07 2.24035E-10
2.81788E-07 -3.15349E-10
2.81942E-07 -5.85602E-10
2.82096E-07 -3.56543E-10
2.82250E-07 1.76271E-10
2.82404E-07 5.58501E-10
2.82558E-07 4.64447E-10
2.82712E-07 -2.54219E-11
2.82866E-07 -4.93312E-10
2.83020E-07 -5.40427E-10
2.83175E-07 -1.26874E-10
2.83329E-07 3.94560E-10
2.83483E-07 5.79357E-10
2.83637E-07 2.70215E-10
2.83791E-07 -2.69054E-10
2.83945E-07 -5.78650E-10
2.84099E-07 -3.94830E-10
2.84253E-07 1.25414E-10
2.84407E-07 5.38432E-10
2.84561E-07 4.92247E-10
2.84715E-07 2.65152E-11
2.84869E-07 -4.61525E-10
2.85023E-07 -5.55869E-10
2.85177E-07 -1.76346E-10
2.85331E-07 3.53252E-10
2.85486E-07 5.81415E-10
2.85640E-07 3.13851E-10
2.85794E-07 -2.21064E-10
2.85948E-07 -5.67215E-10
2.86102E-07 -4.29668E-10
2.86256E-07 7.40328E-11
2.86410E-07 5.14315E-10
2.86564E-07 5.15931E-10
2.86718E-07 7.77750E-11
2.86872E-07 -4.26402E-10
2.87026E-07 -5.66807E-10
2.87180E-07 -2.23987E-10
2.87334E-07 3.09543E-10
2.87488E-07 5.78891E-10
2.87642E-07 3.54633E-10
2.87797E-07 -1.71771E-10
2.87951E-07 -5.51433E-10
2.88105E-07 -4.60824E-10
2.88259E-07 2.25316E-11
2.88413E-07 4.86382E-10
2.88567E-07 5.35357E-10
2.88721E-07 1.27967E-10
2.88875E-07 -3.88250E-10
2.89029E-07 -5.73206E-10
2.89183E-07 -2.69449E-10
2.89337E-07 2.63798E-10
2.89491E-07 5.71856E-10
2.89645E-07 3.92274E-10
2.89799E-07 -1.21571E-10
2.89953E-07 -5.31473E-10
2.90108E-07 -4.88094E-10
2.90262E-07 -2.86888E-11
2.90416E-07 4.54889E-10
2.90570E-07 5.50421E-10
2.90724E-07 1.76712E-10
2.90878E-07 -3.47398E-10
2.91032E-07 -5.75063E-10
2.91186E-07 -3.12400E-10
2.91340E-07 2.16395E-10
2.91494E-07 5.60410E-10
2.91648E-07 4.26515E-10
2.91802E-07 -7.08642E-11
2.91956E-07 -5.07535E-10
2.92110E-07 -5.11310E-10
2.92264E-07 -7.92346E-11
2.92419E-07 4.20118E-10
2.92573E-07 5.61052E-10
2.92727E-07 2.23650E-10
2.92881E-07 -3.04191E-10
2.93035E-07 -5.72413E-10
2.93189E-07 -3.52536E-10
2.93343E-07 1.67716E-10
2.93497E-07 5.44688E-10
2.93651E-07 4.57128E-10
2.93805E-07 -2.00463E-11
2.93959E-07 -4.79844E-10
2.94113E-07 -5.30332E-10
2.94267E-07 -1.28722E-10
2.94421E-07 3.82373E-10
2.94575E-07 5.67213E-10
2.94730E-07 2.68434E-10
2.94884E-07 -2.58986E-10
2.95038E-07 -5.65322E-10
2.95192E-07 -3.89575E-10
2.95346E-07 1.18152E-10
2.95500E-07 5.24857E-10
2.95654E-07 4.83912E-10
2.95808E-07 3.04882E-11
2.95962E-07 -4.48653E-10
2.96116E-07 -5.45059E-10
2.96270E-07 -1.76779E-10
2.96424E-07 3.41974E-10
2.96578E-07 5.68904E-10
2.96732E-07 3.10742E-10
2.96886E-07 -2.12154E-10
2.97041E-07 -5.53890E-10
2.97195E-07 -4.23262E-10
2.97349E-07 6.80940E-11
2.97503E-07 5.01111E-10
2.97657E-07 5.06701E-10
2.97811E-07 8.03523E-11
2.97965E-07 -4.14238E-10
2.98119E-07 -5.55419E-10
2.98273E-07 -2.23050E-10
2.98427E-07 2.99260E-10
2.98581E-07 5.66156E-10
2.98735E-07 3.50273E-10
2.98889E-07 -1.64072E-10
2.99043E-07 -5.38249E-10
2.99197E-07 -4.53373E-10
2.99352E-07 1.79330E-11
2.99506E-07 4.73673E-10
2.99660E-07 5.25359E-10
2.99814E-07 1.29169E-10
2.99968E-07 -3.76898E-10
3.00122E-07 -5.61377E-10
3.00276E-07 -2.67196E-10
3.00430E-07 2.54585E-10
3.00584E-07 5.59035E-10
3.00738E-07 3.86751E-10
3.00892E-07 -1.15123E-10
3.01046E-07 -5.18563E-10
3.01200E-07 -4.79710E-10
3.01354E-07 -3.19445E-11
3.01508E-07 4.42790E-10
3.01663E-07 5.39783E-10
3.01817E-07 1.76572E-10
3.01971E-07 -3.36948E-10
3.02125E-07 -5.62931E-10
3.02279E-07 -3.08900E-10
3.02433E-07 2.08310E-10
3.02587E-07 5.47640E-10
3.02741E-07 4.19924E-10
3.02895E-07 -6.56910E-11
3.03049E-07 -4.95023E-10
3.03203E-07 -5.02110E-10
3.03357E-07 -8.11575E-11
3.03511E-07 4.08735E-10
3.03665E-07 5.49906E-10
3.03819E-07 2.22212E-10
3.03974E-07 -2.94722E-10
3.04128E-07 -5.60112E-10
3.04282E-07 -3.47864E-10
3.04436E-07 1.60808E-10
3.04590E-07 5.32099E-10
3.04744E-07 4.49571E-10
3.04898E-07 -1.61612E-11
3.05052E-07 -4.67846E-10
3.05206E-07 -5.20439E-10
3.05360E-07 -1.29335E-10
3.05514E-07 3.71799E-10
3.05668E-07 5.55691E-10
3.05822E-07 2.65757E-10
3.05976E-07 -2.50565E-10
3.06130E-07 -5.52985E-10
3.06285E-07 -3.83817E-10
3.06439E-07 1.12453E-10
3.06593E-07 5.12573E-10
3.06747E-07 4.75498E-10
3.06901E-07 3.30863E-11
3.07055E-07 -4.37278E-10
3.07209E-07 -5.34595E-10
3.07363E-07 -1.76117E-10
3.07517E-07 3.32294E-10
3.07671E-07 5.57135E-10
3.07825E-07 3.06891E-10
3.07979E-07 -2.04834E-10
