0.00000E+00 0.00000E+00
1.54067E-10 0.00000E+00
3.08133E-10 0.00000E+00
4.62200E-10 3.43848E-113
6.16267E-10 1.09976E-110
7.70333E-10 2.67041E-107
9.24400E-10 5.80672E-104
1.07847E-09 1.11248E-100
1.23253E-09 1.87890E-97
1.38660E-09 2.79875E-94
1.54067E-09 3.67830E-91
1.69473E-09 4.26674E-88
1.84880E-09 4.36954E-85
2.00287E-09 3.95161E-82
2.15693E-09 3.15649E-79
2.31100E-09 2.22746E-76
2.46507E-09 1.38887E-73
2.61913E-09 7.65297E-71
2.77320E-09 3.72710E-68
2.92727E-09 1.60450E-65
3.08133E-09 6.10643E-63
3.23540E-09 2.05476E-60
3.38947E-09 6.11367E-58
3.54353E-09 1.60863E-55
3.69760E-09 3.74336E-53
3.85167E-09 7.70476E-51
4.00573E-09 1.40278E-48
4.15980E-09 2.25938E-46
4.31387E-09 3.21959E-44
4.46793E-09 4.05941E-42
4.62200E-09 4.52920E-40
4.77607E-09 4.47218E-38
4.93013E-09 3.90845E-36
5.08420E-09 3.02363E-34
5.23827E-09 2.07083E-32
5.39233E-09 1.25578E-30
5.54640E-09 6.74374E-29
5.70047E-09 3.20757E-27
5.85453E-09 1.35150E-25
6.00860E-09 5.04559E-24
6.16267E-09 1.66938E-22
6.31673E-09 4.89610E-21
6.47080E-09 1.27326E-19
6.62487E-09 2.93687E-18
6.77893E-09 6.01031E-17
6.93300E-09 1.09173E-15
7.08707E-09 1.76082E-14
7.24113E-09 2.52286E-13
7.39520E-09 3.21267E-12
7.54927E-09 3.63809E-11
7.70333E-09 3.66586E-10
7.85740E-09 3.28898E-09
8.01147E-09 2.62929E-08
8.16553E-09 1.87433E-07
8.31960E-09 1.19245E-06
8.47367E-09 6.77644E-06
8.62773E-09 3.44293E-05
8.78180E-09 1.56540E-04
8.93587E-09 6.37520E-04
9.08993E-09 2.32766E-03
9.24400E-09 7.62500E-03
9.39807E-09 2.24243E-02
9.55213E-09 5.92221E-02
9.70620E-09 1.40430E-01
9.86027E-09 2.98703E-01
1.00143E-08 5.68732E-01
1.01684E-08 9.65390E-01
1.03225E-08 1.45016E+00
1.04765E-08 1.90158E+00
1.06306E-08 2.11824E+00
1.07847E-08 1.87996E+00
1.09387E-08 1.06345E+00
1.10928E-08 -2.38400E-01
1.12469E-08 -1.67658E+00
1.14009E-08 -2.74863E+00
1.15550E-08 -3.02760E+00
1.17091E-08 -2.40363E+00
1.18631E-08 -1.18301E+00
1.20172E-08 4.71877E-02
1.21713E-08 7.34815E-01
1.23253E-08 6.72664E-01
1.24794E-08 1.00265E-01
1.26335E-08 -4.77104E-01
1.27875E-08 -6.34153E-01
1.29416E-08 -2.99416E-01
1.30957E-08 2.30920E-01
1.32497E-08 5.39934E-01
1.34038E-08 4.08636E-01
1.35579E-08 -3.14179E-02
1.37119E-08 -4.18844E-01
1.38660E-08 -4.53429E-01
1.40201E-08 -1.26820E-01
1.41741E-08 2.84202E-01
1.43282E-08 4.48365E-01
1.44823E-08 2.45106E-01
1.46363E-08 -1.47171E-01
1.47904E-08 -4.04820E-01
1.49445E-08 -3.24372E-01
1.50985E-08 1.70268E-02
1.52526E-08 3.32852E-01
1.54067E-08 3.66300E-01
1.55607E-08 9.86845E-02
1.57148E-08 -2.41864E-01
1.58689E-08 -3.73720E-01
1.60229E-08 -1.94148E-01
1.61770E-08 1.40726E-01
1.63311E-08 3.50672E-01
1.64851E-08 2.65320E-01
1.66392E-08 -3.76660E-02
1.67933E-08 -3.02278E-01
1.69473E-08 -3.09951E-01
1.71014E-08 -5.99419E-02
1.72555E-08 2.34504E-01
1.74095E-08 3.27553E-01
1.75636E-08 1.45817E-01
1.77177E-08 -1.53852E-01
1.78717E-08 -3.19296E-01
1.80258E-08 -2.14982E-01
1.81799E-08 6.70097E-02
1.83339E-08 2.87833E-01
1.84880E-08 2.63923E-01
1.86421E-08 1.95139E-02
1.87961E-08 -2.37055E-01
1.89502E-08 -2.90680E-01
1.91043E-08 -9.97289E-02
1.92583E-08 1.71789E-01
1.94124E-08 2.94852E-01
1.95665E-08 1.68475E-01
1.97205E-08 -9.74632E-02
1.98746E-08 -2.77524E-01
2.00287E-08 -2.21673E-01
2.01827E-08 1.97470E-02
2.03368E-08 2.41112E-01
2.04909E-08 2.56508E-01
2.06449E-08 5.58078E-02
2.07990E-08 -1.89144E-01
2.09531E-08 -2.71529E-01
2.11071E-08 -1.24101E-01
2.12612E-08 1.25975E-01
2.14153E-08 2.66670E-01
2.15693E-08 1.80777E-01
2.17234E-08 -5.64805E-02
2.18775E-08 -2.43183E-01
2.20315E-08 -2.22467E-01
2.21856E-08 -1.42827E-02
2.23397E-08 2.03495E-01
2.24937E-08 2.46953E-01
2.26478E-08 8.14047E-02
2.28019E-08 -1.51004E-01
2.29559E-08 -2.53258E-01
2.31100E-08 -1.40431E-01
2.32641E-08 8.98115E-02
2.34181E-08 2.41662E-01
2.35722E-08 1.87633E-01
2.37263E-08 -2.44361E-02
2.38803E-08 -2.13624E-01
2.40344E-08 -2.20216E-01
2.41885E-08 -4.05016E-02
2.43425E-08 1.71649E-01
2.44966E-08 2.36469E-01
2.46507E-08 1.00581E-01
2.48047E-08 -1.19081E-01
2.49588E-08 -2.35836E-01
2.51129E-08 -1.51866E-01
2.52669E-08 5.98551E-02
2.54210E-08 2.18911E-01
2.55751E-08 1.91141E-01
2.57291E-08 1.77891E-03
2.58832E-08 -1.87358E-01
2.60373E-08 -2.16104E-01
2.61913E-08 -6.15489E-02
2.63454E-08 1.43771E-01
2.64995E-08 2.25484E-01
2.66535E-08 1.15441E-01
2.68076E-08 -9.14669E-02
2.69617E-08 -2.19093E-01
2.71157E-08 -1.59958E-01
2.72698E-08 3.42524E-02
2.74239E-08 1.97810E-01
2.75779E-08 1.92333E-01
2.77320E-08 2.38485E-02
2.78861E-08 -1.63486E-01
2.80401E-08 -2.10692E-01
2.81942E-08 -7.88642E-02
2.83483E-08 1.18797E-01
2.85023E-08 2.14156E-01
2.86564E-08 1.27138E-01
2.88105E-08 -6.70443E-02
2.89645E-08 -2.02866E-01
2.91186E-08 -1.65562E-01
2.92727E-08 1.19161E-02
2.94267E-08 1.77955E-01
2.95808E-08 1.91771E-01
2.97349E-08 4.27648E-02
2.98889E-08 -1.41439E-01
3.00430E-08 -2.04277E-01
3.01971E-08 -9.32999E-02
3.03511E-08 9.60671E-02
3.05052E-08 2.02551E-01
3.06593E-08 1.36358E-01
3.08133E-08 -4.51176E-02
3.09674E-08 -1.87032E-01
3.11215E-08 -1.69189E-01
3.12755E-08 -7.83172E-03
3.14296E-08 1.59076E-01
3.15837E-08 1.89792E-01
3.17377E-08 5.91496E-02
3.18918E-08 -1.20847E-01
3.20459E-08 -1.97032E-01
3.21999E-08 -1.05394E-01
3.23540E-08 7.51506E-02
3.25081E-08 1.90700E-01
3.26621E-08 1.43539E-01
3.28162E-08 -2.52353E-02
3.29703E-08 -1.71501E-01
3.31243E-08 -1.71165E-01
3.32784E-08 -2.54340E-02
3.34325E-08 1.40994E-01
3.35865E-08 1.86612E-01
3.37406E-08 7.34124E-02
3.38947E-08 -1.01465E-01
3.40487E-08 -1.89072E-01
3.42028E-08 -1.15505E-01
3.43569E-08 5.57617E-02
3.45109E-08 1.78624E-01
3.46650E-08 1.48974E-01
3.48191E-08 -7.09418E-03
3.49731E-08 -1.56218E-01
3.51272E-08 -1.71715E-01
3.52813E-08 -4.11908E-02
3.54353E-08 1.23589E-01
3.55894E-08 1.82386E-01
3.57435E-08 8.58338E-02
3.58975E-08 -8.31264E-02
3.60516E-08 -1.80480E-01
3.62057E-08 -1.23880E-01
3.63597E-08 3.77064E-02
3.65138E-08 1.66346E-01
3.66679E-08 1.52871E-01
3.68219E-08 9.51414E-03
3.69760E-08 -1.41151E-01
3.71301E-08 -1.71002E-01
3.72841E-08 -5.53115E-02
3.74382E-08 1.06785E-01
3.75923E-08 1.77228E-01
3.77463E-08 9.66130E-02
3.79004E-08 -6.57232E-02
3.80545E-08 -1.71326E-01
3.82085E-08 -1.30700E-01
3.83626E-08 2.08517E-02
3.85167E-08 1.53891E-01
3.86707E-08 1.55385E-01
3.88248E-08 2.47356E-02
3.89789E-08 -1.26286E-01
3.91329E-08 -1.69149E-01
3.92870E-08 -6.79461E-02
3.94411E-08 9.05361E-02
3.95951E-08 1.71231E-01
3.97492E-08 1.05896E-01
3.99033E-08 -4.91830E-02
4.00573E-08 -1.61671E-01
4.02114E-08 -1.36102E-01
4.03655E-08 5.10659E-03
4.05195E-08 1.41289E-01
4.06736E-08 1.56638E-01
4.08277E-08 3.86740E-02
4.09817E-08 -1.11626E-01
4.11358E-08 -1.66259E-01
4.12899E-08 -7.92048E-02
4.14439E-08 7.48194E-02
4.15980E-08 1.64476E-01
4.17521E-08 1.13794E-01
4.19061E-08 -3.34608E-02
4.20602E-08 -1.51572E-01
4.22143E-08 -1.40191E-01
4.23683E-08 -9.59116E-03
4.25224E-08 1.28576E-01
4.26765E-08 1.56726E-01
4.28305E-08 5.14043E-02
4.29846E-08 -9.71818E-02
4.31387E-08 -1.62419E-01
4.32927E-08 -8.91710E-02
4.34468E-08 5.96266E-02
4.36009E-08 1.57034E-01
4.37549E-08 1.20395E-01
4.39090E-08 -1.85304E-02
4.40631E-08 -1.41085E-01
4.42171E-08 -1.43055E-01
4.43712E-08 -2.32836E-02
4.45253E-08 1.15788E-01
4.46793E-08 1.55734E-01
4.48334E-08 6.29815E-02
4.49875E-08 -8.29759E-02
4.51415E-08 -1.57705E-01
4.52956E-08 -9.79093E-02
4.54497E-08 4.49614E-02
4.56037E-08 1.48974E-01
4.57578E-08 1.25769E-01
4.59119E-08 -4.37873E-03
4.60659E-08 -1.30266E-01
4.62200E-08 -1.44769E-01
4.63741E-08 -3.59988E-02
4.65281E-08 1.02969E-01
4.66822E-08 1.53736E-01
4.68363E-08 7.34467E-02
4.69903E-08 -6.90351E-02
4.71444E-08 -1.52188E-01
4.72985E-08 -1.05472E-01
4.74525E-08 3.08357E-02
4.76066E-08 1.40359E-01
4.77607E-08 1.29977E-01
4.79147E-08 8.99751E-03
4.80688E-08 -1.19170E-01
4.82229E-08 -1.45398E-01
4.83769E-08 -4.77549E-02
4.85310E-08 9.01637E-02
4.86851E-08 1.50800E-01
4.88391E-08 8.28319E-02
4.89932E-08 -5.53912E-02
4.91473E-08 -1.45936E-01
4.93013E-08 -1.11902E-01
4.94554E-08 1.72672E-02
4.96095E-08 1.31253E-01
4.97635E-08 1.33072E-01
4.99176E-08 2.15953E-02
5.00717E-08 -1.07854E-01
5.02257E-08 -1.45002E-01
5.03798E-08 -5.85636E-02
5.05339E-08 7.74181E-02
5.06879E-08 1.46990E-01
5.08420E-08 9.11625E-02
5.09961E-08 -4.20792E-02
5.11501E-08 -1.39013E-01
5.13042E-08 -1.17239E-01
5.14583E-08 4.27747E-03
5.16123E-08 1.21718E-01
5.17664E-08 1.35104E-01
5.19205E-08 3.34075E-02
5.20745E-08 -9.63744E-02
5.22286E-08 -1.43639E-01
5.23827E-08 -6.84324E-02
5.25367E-08 6.47806E-02
5.26908E-08 1.42369E-01
5.28449E-08 9.84604E-02
5.29989E-08 -2.91362E-02
5.31530E-08 -1.31483E-01
5.33071E-08 -1.21517E-01
5.34611E-08 -8.10931E-03
5.36152E-08 1.11816E-01
5.37693E-08 1.36117E-01
5.39233E-08 4.44243E-02
5.40774E-08 -8.47886E-02
5.42315E-08 -1.41363E-01
5.43855E-08 -7.73663E-02
5.45396E-08 5.23003E-02
5.46937E-08 1.36996E-01
5.48477E-08 1.04745E-01
5.50018E-08 -1.66005E-02
5.51559E-08 -1.23409E-01
5.53099E-08 -1.24768E-01
5.54640E-08 -1.98679E-02
5.56181E-08 1.01610E-01
5.57721E-08 1.36157E-01
5.59262E-08 5.46348E-02
5.60803E-08 -7.31536E-02
5.62343E-08 -1.38228E-01
5.63884E-08 -8.53694E-02
5.65425E-08 4.00264E-02
5.66965E-08 1.30932E-01
5.68506E-08 1.10036E-01
5.70047E-08 -4.51058E-03
5.71587E-08 -1.14853E-01
5.73128E-08 -1.27027E-01
5.74669E-08 -3.09727E-02
5.76209E-08 9.11602E-02
5.77750E-08 1.35269E-01
5.79291E-08 6.40279E-02
5.80831E-08 -6.15263E-02
5.82372E-08 -1.34288E-01
5.83913E-08 -9.24459E-02
5.85453E-08 2.80079E-02
5.86994E-08 1.24237E-01
5.88535E-08 1.14351E-01
5.90075E-08 7.09542E-03
5.91616E-08 -1.05878E-01
5.93157E-08 -1.28325E-01
5.94697E-08 -4.13988E-02
5.96238E-08 8.05286E-02
5.97779E-08 1.33496E-01
5.99319E-08 7.25933E-02
6.00860E-08 -4.99633E-02
6.02401E-08 -1.29596E-01
6.03941E-08 -9.86006E-02
6.05482E-08 1.62932E-02
6.07023E-08 1.16969E-01
6.08563E-08 1.17711E-01
6.10104E-08 1.81803E-02
6.11645E-08 -9.65467E-02
6.13185E-08 -1.28696E-01
6.14726E-08 -5.11223E-02
6.16267E-08 6.97760E-02
6.17807E-08 1.30886E-01
6.19348E-08 8.03220E-02
6.20889E-08 -3.85205E-02
6.22429E-08 -1.24208E-01
6.23970E-08 -1.03840E-01
6.25511E-08 4.92964E-03
6.27051E-08 1.09191E-01
6.28592E-08 1.20138E-01
6.30133E-08 2.87082E-02
6.31673E-08 -8.69210E-02
6.33214E-08 -1.28177E-01
6.34755E-08 -6.01211E-02
6.36295E-08 5.89628E-02
6.37836E-08 1.27483E-01
6.39377E-08 8.72070E-02
6.40917E-08 -2.72526E-02
6.42458E-08 -1.18179E-01
6.43999E-08 -1.08173E-01
6.45539E-08 -6.03712E-03
6.47080E-08 1.00963E-01
6.48621E-08 1.21654E-01
6.50161E-08 3.86452E-02
6.51702E-08 -7.70630E-02
6.53243E-08 -1.26803E-01
6.54783E-08 -6.83755E-02
6.56324E-08 4.81488E-02
6.57865E-08 1.23338E-01
6.59405E-08 9.32437E-02
6.60946E-08 -1.62131E-02
6.62487E-08 -1.11565E-01
6.64027E-08 -1.11610E-01
6.65568E-08 -1.65631E-02
6.67109E-08 9.23446E-02
6.68649E-08 1.22287E-01
6.70190E-08 4.79599E-02
6.71731E-08 -6.70347E-02
6.73271E-08 -1.24613E-01
6.74812E-08 -7.58679E-02
6.76353E-08 3.73926E-02
6.77893E-08 1.18499E-01
6.79434E-08 9.84302E-02
6.80975E-08 -5.45388E-03
6.82515E-08 -1.04424E-01
6.84056E-08 -1.14165E-01
6.85597E-08 -2.66067E-02
6.87137E-08 8.33984E-02
6.88678E-08 1.22062E-01
6.90219E-08 5.66231E-02
6.91759E-08 -5.68972E-02
6.93300E-08 -1.21650E-01
6.94841E-08 -8.25842E-02
6.96381E-08 2.67515E-02
6.97922E-08 1.13018E-01
6.99463E-08 1.02768E-01
7.01003E-08 4.97514E-03
7.02544E-08 -9.68130E-02
7.04085E-08 -1.15854E-01
7.05625E-08 -3.61284E-02
7.07166E-08 7.41852E-02
7.08707E-08 1.21013E-01
7.10247E-08 6.46089E-02
7.11788E-08 -4.67111E-02
7.13329E-08 -1.17955E-01
7.14869E-08 -8.85129E-02
7.16410E-08 1.62817E-02
7.17951E-08 1.06947E-01
7.19491E-08 1.06260E-01
7.21032E-08 1.50263E-02
7.22573E-08 -8.87919E-02
7.24113E-08 -1.16697E-01
7.25654E-08 -4.50920E-02
7.27195E-08 6.47663E-02
7.28735E-08 1.19171E-01
7.30276E-08 7.18942E-02
7.31817E-08 -3.65359E-02
7.33357E-08 -1.13574E-01
7.34898E-08 -9.36462E-02
7.36439E-08 6.03704E-03
7.37979E-08 1.00341E-01
7.39520E-08 1.08915E-01
7.41061E-08 2.46543E-02
7.42601E-08 -8.04195E-02
7.44142E-08 -1.16716E-01
7.45683E-08 -5.34640E-02
7.47223E-08 5.52024E-02
7.48764E-08 1.16574E-01
7.50305E-08 7.84596E-02
7.51845E-08 -2.64299E-02
7.53386E-08 -1.08554E-01
7.54927E-08 -9.79798E-02
7.56467E-08 -3.93018E-03
7.58008E-08 9.32538E-02
7.59549E-08 1.10744E-01
7.61089E-08 3.38165E-02
7.62630E-08 -7.17555E-02
7.64171E-08 -1.15937E-01
7.65711E-08 -6.12140E-02
7.67252E-08 4.55537E-02
7.68793E-08 1.13259E-01
7.70333E-08 8.42891E-02
7.71874E-08 -1.64501E-02
7.73415E-08 -1.02945E-01
7.74955E-08 -1.01513E-01
7.76496E-08 -1.35702E-02
7.78037E-08 8.57425E-02
7.79577E-08 1.11761E-01
7.81118E-08 4.24735E-02
7.82659E-08 -6.28596E-02
7.84199E-08 -1.14388E-01
7.85740E-08 -6.83153E-02
7.87281E-08 3.58796E-02
7.88821E-08 1.09268E-01
7.90362E-08 8.93704E-02
7.91903E-08 -6.65159E-03
7.93443E-08 -9.67961E-02
7.94984E-08 -1.04248E-01
7.96525E-08 -2.28356E-02
7.98065E-08 7.78638E-02
7.99606E-08 1.11984E-01
8.01147E-08 5.05888E-02
8.02687E-08 -5.37915E-02
8.04228E-08 -1.12103E-01
8.05769E-08 -7.47447E-02
8.07309E-08 2.62383E-02
8.08850E-08 1.04644E-01
8.10391E-08 9.36949E-02
8.11931E-08 2.91251E-03
8.13472E-08 -9.01606E-02
8.15013E-08 -1.06193E-01
8.16553E-08 -3.16819E-02
8.18094E-08 6.96756E-02
8.19635E-08 1.11435E-01
8.21175E-08 5.81292E-02
8.22716E-08 -4.46105E-02
8.24257E-08 -1.09114E-01
8.25797E-08 -8.04827E-02
8.27338E-08 1.66869E-02
8.28879E-08 9.94328E-02
8.30419E-08 9.72581E-02
8.31960E-08 1.21912E-02
8.33501E-08 -8.30918E-02
8.35041E-08 -1.07357E-01
8.36582E-08 -4.00675E-02
8.38123E-08 6.12359E-02
8.39663E-08 1.10139E-01
8.41204E-08 6.50653E-02
8.42745E-08 -3.53751E-02
8.44285E-08 -1.05460E-01
8.45826E-08 -8.55136E-02
8.47367E-08 7.28067E-03
8.48907E-08 9.36824E-02
8.50448E-08 1.00059E-01
8.51989E-08 2.11361E-02
8.53529E-08 -7.56446E-02
8.55070E-08 -1.07755E-01
8.56611E-08 -4.79540E-02
8.58151E-08 5.26027E-02
8.59692E-08 1.08123E-01
8.61233E-08 7.13710E-02
8.62773E-08 -2.61430E-02
8.64314E-08 -1.01181E-01
8.65855E-08 -8.98258E-02
8.67395E-08 -1.92687E-03
8.68936E-08 8.74421E-02
8.70477E-08 1.02101E-01
8.72017E-08 2.97014E-02
8.73558E-08 -6.78746E-02
8.75099E-08 -1.07405E-01
8.76639E-08 -5.53062E-02
8.78180E-08 4.38342E-02
8.79721E-08 1.05418E-01
8.81261E-08 7.70244E-02
8.82802E-08 -1.69709E-02
8.84343E-08 -9.63192E-02
8.85883E-08 -9.34116E-02
8.87424E-08 -1.08843E-02
8.88965E-08 8.07630E-02
8.90505E-08 1.03392E-01
8.92046E-08 3.78441E-02
8.93587E-08 -5.98378E-02
8.95127E-08 -1.06327E-01
8.96668E-08 -6.20926E-02
8.98209E-08 3.49877E-02
8.99749E-08 1.02060E-01
9.01290E-08 8.20072E-02
9.02831E-08 -7.91378E-03
9.04371E-08 -9.09200E-02
9.05912E-08 -9.62672E-02
9.07453E-08 -1.95426E-02
9.08993E-08 7.36976E-02
9.10534E-08 1.03941E-01
9.12075E-08 4.55246E-02
9.13615E-08 -5.15909E-02
9.15156E-08 -1.04548E-01
9.16697E-08 -6.82853E-02
9.18237E-08 2.61203E-02
9.19778E-08 9.80856E-02
9.21319E-08 8.63051E-02
9.22859E-08 9.74909E-04
9.24400E-08 -8.50300E-02
9.25941E-08 -9.83930E-02
9.27481E-08 -2.78553E-02
9.29022E-08 6.62994E-02
9.30563E-08 1.03765E-01
9.32103E-08 5.27063E-02
9.33644E-08 -4.31903E-02
9.35185E-08 -1.02095E-01
9.36725E-08 -7.38602E-02
9.38266E-08 1.72876E-02
9.39807E-08 9.35341E-02
9.41347E-08 8.99080E-02
9.42888E-08 9.64373E-03
9.44429E-08 -7.86980E-02
9.45969E-08 -9.97933E-02
9.47510E-08 -3.57788E-02
9.49051E-08 5.86227E-02
9.50591E-08 1.02881E-01
9.52132E-08 5.93563E-02
9.53673E-08 -3.46924E-02
9.55213E-08 -9.89999E-02
9.56754E-08 -7.87971E-02
9.58295E-08 8.54428E-03
9.59835E-08 8.84481E-02
9.61376E-08 9.28098E-02
9.62917E-08 1.80435E-02
9.64457E-08 -7.19742E-02
9.65998E-08 -1.00476E-01
9.67539E-08 -4.32723E-02
9.69079E-08 5.07223E-02
9.70620E-08 1.01312E-01
9.72161E-08 6.54451E-02
9.73701E-08 -2.61529E-02
9.75242E-08 -9.52970E-02
9.76783E-08 -8.30797E-02
9.78323E-08 -5.66447E-05
9.79864E-08 8.28720E-02
9.81405E-08 9.50084E-02
9.82945E-08 2.61273E-02
9.84486E-08 -6.49101E-02
9.86027E-08 -1.00455E-01
9.87567E-08 -5.02985E-02
9.89108E-08 4.26532E-02
9.90649E-08 9.90840E-02
9.92189E-08 7.09471E-02
9.93730E-08 -1.76269E-02
9.95271E-08 -9.10236E-02
9.96811E-08 -8.66958E-02
9.98352E-08 -8.46397E-03
9.99893E-08 7.68522E-02
1.00143E-07 9.65057E-02
1.00297E-07 3.38512E-02
1.00451E-07 -5.75580E-02
1.00606E-07 -9.97439E-02
1.00760E-07 -5.68233E-02
1.00914E-07 3.44703E-02
1.01068E-07 9.62247E-02
1.01222E-07 7.58404E-02
1.01376E-07 -9.16799E-03
1.01530E-07 -8.62196E-02
1.01684E-07 -8.96372E-02
1.01838E-07 -1.66286E-02
1.01992E-07 7.04368E-02
1.02146E-07 9.73077E-02
1.02300E-07 4.11740E-02
1.02454E-07 -4.99712E-02
1.02608E-07 -9.83639E-02
1.02762E-07 -6.28162E-02
1.02917E-07 2.62284E-02
1.03071E-07 9.27668E-02
1.03225E-07 8.01072E-02
1.03379E-07 -8.28820E-04
1.03533E-07 -8.09272E-02
1.03687E-07 -9.18999E-02
1.03841E-07 -2.45036E-02
1.03995E-07 6.36753E-02
1.04149E-07 9.74244E-02
1.04303E-07 4.80575E-02
1.04457E-07 -4.22031E-02
1.04611E-07 -9.63377E-02
1.04765E-07 -6.82502E-02
1.04919E-07 1.79814E-02
1.05073E-07 8.87450E-02
1.05228E-07 8.37335E-02
1.05382E-07 7.33986E-03
1.05536E-07 -7.51905E-02
1.05690E-07 -9.34837E-02
1.05844E-07 -3.20447E-02
1.05998E-07 5.66184E-02
1.06152E-07 9.68695E-02
1.06306E-07 5.44669E-02
1.06460E-07 -3.43073E-02
1.06614E-07 -9.36921E-02
1.06768E-07 -7.31022E-02
1.06922E-07 9.78229E-03
1.07076E-07 8.41971E-02
1.07230E-07 8.67094E-02
1.07384E-07 1.52891E-02
1.07539E-07 -6.90558E-02
1.07693E-07 -9.43927E-02
1.07847E-07 -3.92105E-02
1.08001E-07 4.93176E-02
1.08155E-07 9.56604E-02
1.08309E-07 6.03708E-02
1.08463E-07 -2.63373E-02
1.08617E-07 -9.04567E-02
1.08771E-07 -7.73531E-02
1.08925E-07 1.68284E-03
1.09079E-07 7.91631E-02
1.09233E-07 8.90292E-02
1.09387E-07 2.29723E-02
1.09541E-07 -6.25707E-02
1.09695E-07 -9.46346E-02
1.09850E-07 -4.59623E-02
1.10004E-07 4.18247E-02
1.10158E-07 9.38182E-02
1.10312E-07 6.57413E-02
1.10466E-07 -1.83460E-02
1.10620E-07 -8.66644E-02
1.10774E-07 -8.09874E-02
1.10928E-07 -6.26664E-03
1.11082E-07 7.36852E-02
1.11236E-07 9.06910E-02
1.11390E-07 3.03451E-02
1.11544E-07 -5.57840E-02
1.11698E-07 -9.42213E-02
1.11852E-07 -5.22648E-02
1.12006E-07 3.41923E-02
1.12161E-07 9.13674E-02
1.12315E-07 7.05543E-02
1.12469E-07 -1.03856E-02
1.12623E-07 -8.23507E-02
1.12777E-07 -8.39938E-02
1.12931E-07 -1.40176E-02
1.13085E-07 6.78077E-02
1.13239E-07 9.16969E-02
1.13393E-07 3.73658E-02
1.13547E-07 -4.87456E-02
1.13701E-07 -9.31682E-02
1.13855E-07 -5.80859E-02
1.14009E-07 2.64724E-02
1.14163E-07 8.83357E-02
1.14317E-07 7.47893E-02
1.14472E-07 -2.50700E-03
1.14626E-07 -7.75537E-02
1.14780E-07 -8.63650E-02
1.14934E-07 -2.15237E-02
1.15088E-07 6.15764E-02
1.15242E-07 9.20530E-02
1.15396E-07 4.39956E-02
1.15550E-07 -4.15062E-02
1.15704E-07 -9.14944E-02
1.15858E-07 -6.33969E-02
1.16012E-07 1.87168E-02
1.16166E-07 8.47540E-02
1.16320E-07 7.84299E-02
1.16474E-07 5.24003E-03
1.16628E-07 -7.23138E-02
1.16783E-07 -8.80975E-02
1.16937E-07 -2.87405E-02
1.17091E-07 5.50387E-02
1.17245E-07 9.17693E-02
1.17399E-07 5.01986E-02
1.17553E-07 -3.41166E-02
1.17707E-07 -8.92226E-02
1.17861E-07 -6.81729E-02
1.18015E-07 1.09769E-02
1.18169E-07 8.06559E-02
1.18323E-07 8.14635E-02
1.18477E-07 1.28074E-02
1.18631E-07 -6.66734E-02
1.18785E-07 -8.91920E-02
1.18939E-07 -3.56265E-02
1.19094E-07 4.82428E-02
1.19248E-07 9.08596E-02
1.19402E-07 5.59423E-02
1.19556E-07 -2.66280E-02
1.19710E-07 -8.63786E-02
1.19864E-07 -7.23925E-02
1.20018E-07 3.30292E-03
1.20172E-07 7.60777E-02
1.20326E-07 8.38813E-02
1.20480E-07 2.01491E-02
1.20634E-07 -6.06768E-02
1.20788E-07 -8.96530E-02
1.20942E-07 -4.21426E-02
1.21096E-07 4.12378E-02
1.21250E-07 8.93411E-02
1.21405E-07 6.11975E-02
1.21559E-07 -1.90909E-02
1.21713E-07 -8.29914E-02
1.21867E-07 -7.60381E-02
1.22021E-07 -4.25618E-03
1.22175E-07 7.10579E-02
1.22329E-07 8.56787E-02
1.22483E-07 2.72209E-02
1.22637E-07 -5.43696E-02
1.22791E-07 -8.94888E-02
1.22945E-07 -4.82528E-02
1.23099E-07 3.40736E-02
1.23253E-07 8.72347E-02
1.23407E-07 6.59385E-02
1.23561E-07 -1.15559E-02
1.23716E-07 -7.90929E-02
1.23870E-07 -7.90961E-02
1.24024E-07 -1.16528E-02
1.24178E-07 6.56374E-02
1.24332E-07 8.68548E-02
1.24486E-07 3.39813E-02
1.24640E-07 -4.77987E-02
1.24794E-07 -8.87116E-02
1.24948E-07 -5.39241E-02
1.25102E-07 2.67998E-02
1.25256E-07 8.45645E-02
1.25410E-07 7.01430E-02
1.25564E-07 -4.07222E-03
1.25718E-07 -7.47176E-02
1.25872E-07 -8.15567E-02
1.26027E-07 -1.88412E-02
1.26181E-07 5.98588E-02
1.26335E-07 8.74126E-02
1.26489E-07 4.03912E-02
1.26643E-07 -4.10119E-02
1.26797E-07 -8.73369E-02
1.26951E-07 -5.91268E-02
1.27105E-07 1.94662E-02
1.27259E-07 8.13579E-02
1.27413E-07 7.37927E-02
1.27567E-07 3.31164E-03
1.27721E-07 -6.99025E-02
1.27875E-07 -8.34138E-02
1.28029E-07 -2.57775E-02
1.28183E-07 5.37662E-02
1.28338E-07 8.73592E-02
1.28492E-07 4.64143E-02
1.28646E-07 -3.40575E-02
1.28800E-07 -8.53842E-02
1.28954E-07 -6.38345E-02
1.29108E-07 1.21222E-02
1.29262E-07 7.76450E-02
1.29416E-07 7.68730E-02
1.29570E-07 1.05487E-02
1.29724E-07 -6.46868E-02
1.29878E-07 -8.46654E-02
1.30032E-07 -3.24204E-02
1.30186E-07 4.74051E-02
1.30340E-07 8.67050E-02
1.30494E-07 5.20175E-02
1.30649E-07 -2.69843E-02
1.30803E-07 -8.28759E-02
1.30957E-07 -6.80245E-02
1.31111E-07 4.81638E-03
1.31265E-07 7.34587E-02
1.31419E-07 7.93726E-02
1.31573E-07 1.75934E-02
1.31727E-07 -5.91120E-02
1.31881E-07 -8.53138E-02
1.32035E-07 -3.87316E-02
1.32189E-07 4.08206E-02
1.32343E-07 8.54624E-02
1.32497E-07 5.71678E-02
1.32651E-07 -1.98451E-02
1.32805E-07 -7.98436E-02
1.32960E-07 -7.16859E-02
1.33114E-07 -2.41531E-03
1.33268E-07 6.88180E-02
1.33422E-07 8.12615E-02
1.33576E-07 2.43696E-02
1.33730E-07 -5.32661E-02
1.33884E-07 -8.54276E-02
1.34038E-07 -4.47614E-02
1.34192E-07 3.39409E-02
1.34346E-07 8.34864E-02
1.34500E-07 6.16170E-02
1.34654E-07 -1.29879E-02
1.34808E-07 -7.67196E-02
1.34962E-07 -7.53442E-02
1.35116E-07 -1.02479E-02
1.35271E-07 6.28033E-02
1.35425E-07 8.12734E-02
1.35579E-07 2.91787E-02
1.35733E-07 -4.93567E-02
1.35887E-07 -8.78238E-02
1.36041E-07 -5.41005E-02
1.36195E-07 2.21639E-02
1.36349E-07 7.48678E-02
1.36503E-07 5.78243E-02
1.36657E-07 -1.59300E-02
1.36811E-07 -8.53868E-02
1.36965E-07 -9.37216E-02
1.37119E-07 -3.68286E-02
1.37273E-07 3.31523E-02
1.37427E-07 5.22700E-02
1.37582E-07 -7.89586E-04
1.37736E-07 -8.66831E-02
1.37890E-07 -1.39138E-01
1.38044E-07 -1.21598E-01
1.38198E-07 -5.84522E-02
1.38352E-07 -1.42258E-02
1.38506E-07 -3.85470E-02
1.38660E-07 -1.23837E-01
1.38814E-07 -2.11787E-01
1.38968E-07 -2.43019E-01
1.39122E-07 -2.07527E-01
1.39276E-07 -1.52861E-01
1.39430E-07 -1.43113E-01
1.39584E-07 -2.03739E-01
1.39738E-07 -2.99271E-01
1.39893E-07 -3.62901E-01
1.40047E-07 -3.52647E-01
1.40201E-07 -2.86192E-01
1.40355E-07 -2.24739E-01
1.40509E-07 -2.19748E-01
1.40663E-07 -2.68076E-01
1.40817E-07 -3.13826E-01
1.40971E-07 -2.95354E-01
1.41125E-07 -1.97384E-01
1.41279E-07 -6.38673E-02
1.41433E-07 3.92284E-02
1.41587E-07 7.93252E-02
1.41741E-07 8.34737E-02
1.41895E-07 1.13020E-01
1.42049E-07 2.08324E-01
1.42204E-07 3.50699E-01
1.42358E-07 4.74051E-01
1.42512E-07 5.16305E-01
1.42666E-07 4.66859E-01
1.42820E-07 3.69769E-01
1.42974E-07 2.80226E-01
1.43128E-07 2.11752E-01
1.43282E-07 1.19433E-01
1.43436E-07 -6.62787E-02
1.43590E-07 -3.83811E-01
1.43744E-07 -8.10137E-01
1.43898E-07 -1.28154E+00
1.44052E-07 -1.74767E+00
1.44206E-07 -2.21277E+00
1.44360E-07 -2.72916E+00
1.44515E-07 -3.34874E+00
1.44669E-07 -4.07439E+00
1.44823E-07 -4.85307E+00
1.44977E-07 -5.61692E+00
1.45131E-07 -6.33760E+00
1.45285E-07 -7.04790E+00
1.45439E-07 -7.81229E+00
1.45593E-07 -8.67149E+00
1.45747E-07 -9.60809E+00
1.45901E-07 -1.05618E+01
1.46055E-07 -1.14803E+01
1.46209E-07 -1.23616E+01
1.46363E-07 -1.32495E+01
1.46517E-07 -1.41864E+01
1.46671E-07 -1.51607E+01
1.46826E-07 -1.60945E+01
1.46980E-07 -1.68808E+01
1.47134E-07 -1.74387E+01
1.47288E-07 -1.77411E+01
1.47442E-07 -1.77928E+01
1.47596E-07 -1.75805E+01
1.47750E-07 -1.70410E+01
1.47904E-07 -1.60785E+01
1.48058E-07 -1.46203E+01
1.48212E-07 -1.26675E+01
1.48366E-07 -1.03010E+01
1.48520E-07 -7.63994E+00
1.48674E-07 -4.78924E+00
1.48828E-07 -1.82112E+00
1.48982E-07 1.19703E+00
1.49137E-07 4.15551E+00
1.49291E-07 6.88230E+00
1.49445E-07 9.17425E+00
1.49599E-07 1.08607E+01
1.49753E-07 1.18535E+01
1.49907E-07 1.21478E+01
1.50061E-07 1.17807E+01
1.50215E-07 1.07861E+01
1.50369E-07 9.18787E+00
1.50523E-07 7.03646E+00
1.50677E-07 4.45462E+00
1.50831E-07 1.64829E+00
1.50985E-07 -1.13438E+00
1.51139E-07 -3.66981E+00
1.51293E-07 -5.80463E+00
1.51448E-07 -7.45126E+00
1.51602E-07 -8.54704E+00
1.51756E-07 -9.01991E+00
1.51910E-07 -8.79658E+00
1.52064E-07 -7.85029E+00
1.52218E-07 -6.24911E+00
1.52372E-07 -4.16252E+00
1.52526E-07 -1.81683E+00
1.52680E-07 5.69019E-01
1.52834E-07 2.82138E+00
1.52988E-07 4.80223E+00
1.53142E-07 6.37264E+00
1.53296E-07 7.37354E+00
1.53450E-07 7.65312E+00
1.53604E-07 7.12863E+00
1.53759E-07 5.83874E+00
1.53913E-07 3.94639E+00
1.54067E-07 1.68990E+00
1.54221E-07 -6.81916E-01
1.54375E-07 -2.94669E+00
1.54529E-07 -4.90289E+00
1.54683E-07 -6.34720E+00
1.54837E-07 -7.07683E+00
1.54991E-07 -6.93661E+00
1.55145E-07 -5.88868E+00
1.55299E-07 -4.05690E+00
1.55453E-07 -1.71076E+00
1.55607E-07 8.05012E-01
1.55761E-07 3.15265E+00
1.55915E-07 5.05149E+00
1.56070E-07 6.28490E+00
1.56224E-07 6.69105E+00
1.56378E-07 6.17474E+00
1.56532E-07 4.75087E+00
1.56686E-07 2.59147E+00
1.56840E-07 3.01706E-02
1.56994E-07 -2.49940E+00
1.57148E-07 -4.57100E+00
1.57302E-07 -5.86692E+00
1.57456E-07 -6.22774E+00
1.57610E-07 -5.64437E+00
1.57764E-07 -4.22364E+00
1.57918E-07 -2.16540E+00
1.58072E-07 2.38954E-01
1.58226E-07 2.61201E+00
1.58381E-07 4.53505E+00
1.58535E-07 5.64009E+00
1.58689E-07 5.71602E+00
1.58843E-07 4.77394E+00
1.58997E-07 3.03629E+00
1.59151E-07 8.59206E-01
1.59305E-07 -1.36526E+00
1.59459E-07 -3.28047E+00
1.59613E-07 -4.59633E+00
1.59767E-07 -5.10273E+00
1.59921E-07 -4.69593E+00
1.60075E-07 -3.42229E+00
1.60229E-07 -1.50926E+00
1.60383E-07 6.57166E-01
1.60537E-07 2.62236E+00
1.60692E-07 3.98897E+00
1.60846E-07 4.52090E+00
1.61000E-07 4.18047E+00
1.61154E-07 3.09699E+00
1.61308E-07 1.50395E+00
1.61462E-07 -3.12733E-01
1.61616E-07 -2.04136E+00
1.61770E-07 -3.36670E+00
1.61924E-07 -4.01646E+00
1.62078E-07 -3.83530E+00
1.62232E-07 -2.85287E+00
1.62386E-07 -1.29854E+00
1.62540E-07 4.59510E-01
1.62694E-07 2.02761E+00
1.62848E-07 3.09672E+00
1.63003E-07 3.50102E+00
1.63157E-07 3.21593E+00
1.63311E-07 2.32500E+00
1.63465E-07 9.93534E-01
1.63619E-07 -5.39273E-01
1.63773E-07 -1.97157E+00
1.63927E-07 -2.98428E+00
1.64081E-07 -3.32614E+00
1.64235E-07 -2.90454E+00
1.64389E-07 -1.82990E+00
1.64543E-07 -3.82627E-01
1.64697E-07 1.08279E+00
1.64851E-07 2.24559E+00
1.65005E-07 2.88851E+00
1.65159E-07 2.91445E+00
1.65314E-07 2.33267E+00
1.65468E-07 1.24801E+00
1.65622E-07 -1.36743E-01
1.65776E-07 -1.52728E+00
1.65930E-07 -2.58479E+00
1.66084E-07 -3.01966E+00
1.66238E-07 -2.69701E+00
1.66392E-07 -1.69759E+00
1.66546E-07 -2.95907E-01
1.66700E-07 1.13558E+00
1.66854E-07 2.24610E+00
1.67008E-07 2.79493E+00
1.67162E-07 2.68416E+00
1.67316E-07 1.95085E+00
1.67470E-07 7.49269E-01
1.67625E-07 -6.63515E-01
1.67779E-07 -1.95399E+00
1.67933E-07 -2.77580E+00
1.68087E-07 -2.87217E+00
1.68241E-07 -2.18000E+00
1.68395E-07 -8.77865E-01
1.68549E-07 6.59671E-01
1.68703E-07 1.98868E+00
1.68857E-07 2.74519E+00
1.69011E-07 2.75042E+00
1.69165E-07 2.03783E+00
1.69319E-07 8.13838E-01
1.69473E-07 -6.09525E-01
1.69627E-07 -1.88097E+00
1.69781E-07 -2.67250E+00
1.69936E-07 -2.75014E+00
1.70090E-07 -2.05114E+00
1.70244E-07 -7.37058E-01
1.70398E-07 8.21202E-01
1.70552E-07 2.14721E+00
1.70706E-07 2.82291E+00
1.70860E-07 2.64203E+00
1.71014E-07 1.68095E+00
1.71168E-07 2.57788E-01
1.71322E-07 -1.19167E+00
1.71476E-07 -2.25761E+00
1.71630E-07 -2.66359E+00
1.71784E-07 -2.31744E+00
1.71938E-07 -1.31732E+00
1.72092E-07 7.03183E-02
1.72247E-07 1.46021E+00
1.72401E-07 2.43627E+00
1.72555E-07 2.67553E+00
1.72709E-07 2.07228E+00
1.72863E-07 8.02411E-01
1.73017E-07 -7.19110E-01
1.73171E-07 -1.98456E+00
1.73325E-07 -2.58292E+00
1.73479E-07 -2.34613E+00
1.73633E-07 -1.39069E+00
1.73787E-07 -5.02557E-02
1.73941E-07 1.25382E+00
1.74095E-07 2.14302E+00
1.74249E-07 2.37428E+00
1.74403E-07 1.88844E+00
1.74558E-07 8.22962E-01
1.74712E-07 -5.11031E-01
1.74866E-07 -1.69894E+00
1.75020E-07 -2.34369E+00
1.75174E-07 -2.20922E+00
1.75328E-07 -1.32653E+00
1.75482E-07 -1.39026E-03
1.75636E-07 1.29540E+00
1.75790E-07 2.11199E+00
1.75944E-07 2.18854E+00
1.76098E-07 1.54092E+00
1.76252E-07 4.27884E-01
1.76406E-07 -7.65677E-01
1.76560E-07 -1.66586E+00
1.76714E-07 -2.01474E+00
1.76869E-07 -1.72492E+00
1.77023E-07 -8.91146E-01
1.77177E-07 2.31634E-01
1.77331E-07 1.28685E+00
1.77485E-07 1.91647E+00
1.77639E-07 1.88648E+00
1.77793E-07 1.19057E+00
1.77947E-07 7.44102E-02
1.78101E-07 -1.04895E+00
1.78255E-07 -1.76458E+00
1.78409E-07 -1.82555E+00
1.78563E-07 -1.24474E+00
1.78717E-07 -2.69350E-01
1.78871E-07 7.37247E-01
1.79025E-07 1.43966E+00
1.79180E-07 1.63596E+00
1.79334E-07 1.29691E+00
1.79488E-07 5.50230E-01
1.79642E-07 -3.64737E-01
1.79796E-07 -1.15762E+00
1.79950E-07 -1.56267E+00
1.80104E-07 -1.42527E+00
1.80258E-07 -7.73376E-01
1.80412E-07 1.67753E-01
1.80566E-07 1.04592E+00
1.80720E-07 1.52178E+00
1.80874E-07 1.41598E+00
1.81028E-07 7.87461E-01
1.81182E-07 -9.90472E-02
1.81336E-07 -8.97009E-01
1.81491E-07 -1.32555E+00
1.81645E-07 -1.26793E+00
1.81799E-07 -7.86798E-01
1.81953E-07 -7.18788E-02
1.82107E-07 6.37560E-01
1.82261E-07 1.12106E+00
1.82415E-07 1.22731E+00
1.82569E-07 9.12746E-01
1.82723E-07 2.66791E-01
1.82877E-07 -4.94960E-01
1.83031E-07 -1.09043E+00
1.83185E-07 -1.27830E+00
1.83339E-07 -9.69608E-01
1.83493E-07 -2.81780E-01
1.83647E-07 5.04215E-01
1.83802E-07 1.06914E+00
1.83956E-07 1.19876E+00
1.84110E-07 8.70138E-01
1.84264E-07 2.42124E-01
1.84418E-07 -4.32003E-01
1.84572E-07 -9.13911E-01
1.84726E-07 -1.05819E+00
1.84880E-07 -8.38939E-01
1.85034E-07 -3.38011E-01
1.85188E-07 2.82950E-01
1.85342E-07 8.19150E-01
1.85496E-07 1.07487E+00
1.85650E-07 9.32730E-01
1.85804E-07 4.17439E-01
1.85958E-07 -2.86955E-01
1.86113E-07 -8.95802E-01
1.86267E-07 -1.14588E+00
1.86421E-07 -9.22594E-01
1.86575E-07 -3.20914E-01
1.86729E-07 3.97844E-01
1.86883E-07 9.31060E-01
1.87037E-07 1.07264E+00
1.87191E-07 7.92572E-01
1.87345E-07 2.27737E-01
1.87499E-07 -3.94467E-01
1.87653E-07 -8.50090E-01
1.87807E-07 -9.89013E-01
1.87961E-07 -7.69093E-01
1.88115E-07 -2.62117E-01
1.88269E-07 3.61342E-01
1.88424E-07 8.73163E-01
1.88578E-07 1.06106E+00
1.88732E-07 8.19854E-01
1.88886E-07 2.18997E-01
1.89040E-07 -5.01921E-01
1.89194E-07 -1.02740E+00
1.89348E-07 -1.11383E+00
1.89502E-07 -7.13981E-01
1.89656E-07 -6.18039E-03
1.89810E-07 6.91554E-01
1.89964E-07 1.07583E+00
1.90118E-07 9.96636E-01
1.90272E-07 5.11754E-01
1.90426E-07 -1.58888E-01
1.90580E-07 -7.40812E-01
1.90735E-07 -1.01552E+00
1.90889E-07 -8.90924E-01
1.91043E-07 -4.20131E-01
1.91197E-07 2.21895E-01
1.91351E-07 7.92605E-01
1.91505E-07 1.06029E+00
1.91659E-07 8.93849E-01
1.91813E-07 3.33203E-01
1.91967E-07 -4.01712E-01
1.92121E-07 -9.88799E-01
1.92275E-07 -1.14855E+00
1.92429E-07 -7.87733E-01
1.92583E-07 -6.02656E-02
1.92737E-07 6.98105E-01
1.92891E-07 1.13363E+00
1.93046E-07 1.04972E+00
1.93200E-07 4.98899E-01
1.93354E-07 -2.53793E-01
1.93508E-07 -8.67861E-01
1.93662E-07 -1.08640E+00
1.93816E-07 -8.38705E-01
1.93970E-07 -2.50065E-01
1.94124E-07 4.27264E-01
1.94278E-07 9.19283E-01
1.94432E-07 1.03018E+00
1.94586E-07 7.10717E-01
1.94740E-07 8.05044E-02
1.94894E-07 -6.05957E-01
1.95048E-07 -1.05049E+00
1.95202E-07 -1.03784E+00
1.95357E-07 -5.46596E-01
1.95511E-07 2.17639E-01
1.95665E-07 9.01693E-01
1.95819E-07 1.17203E+00
1.95973E-07 8.87270E-01
1.96127E-07 1.79249E-01
1.96281E-07 -6.08677E-01
1.96435E-07 -1.09636E+00
1.96589E-07 -1.05906E+00
1.96743E-07 -5.32983E-01
1.96897E-07 2.16726E-01
1.97051E-07 8.37818E-01
1.97205E-07 1.06016E+00
1.97359E-07 8.07924E-01
1.97513E-07 2.13113E-01
1.97668E-07 -4.57862E-01
1.97822E-07 -9.20078E-01
1.97976E-07 -9.80970E-01
1.98130E-07 -6.12459E-01
1.98284E-07 3.48688E-02
1.98438E-07 6.83410E-01
1.98592E-07 1.03778E+00
1.98746E-07 9.17684E-01
1.98900E-07 3.56284E-01
1.99054E-07 -3.94477E-01
1.99208E-07 -9.72105E-01
1.99362E-07 -1.08308E+00
1.99516E-07 -6.61087E-01
1.99670E-07 8.81457E-02
1.99824E-07 7.88689E-01
1.99979E-07 1.09094E+00
2.00133E-07 8.53801E-01
2.00287E-07 2.11464E-01
2.00441E-07 -5.07250E-01
2.00595E-07 -9.54796E-01
2.00749E-07 -9.35752E-01
2.00903E-07 -4.86392E-01
2.01057E-07 1.63977E-01
2.01211E-07 7.13869E-01
2.01365E-07 9.25685E-01
2.01519E-07 7.18807E-01
2.01673E-07 1.92329E-01
2.01827E-07 -4.20601E-01
2.01981E-07 -8.47172E-01
2.02135E-07 -8.87978E-01
2.02290E-07 -5.09637E-01
2.02444E-07 1.25392E-01
2.02598E-07 7.18637E-01
2.02752E-07 9.72599E-01
2.02906E-07 7.44908E-01
2.03060E-07 1.35848E-01
2.03214E-07 -5.49767E-01
2.03368E-07 -9.57576E-01
2.03522E-07 -8.74603E-01
2.03676E-07 -3.47123E-01
2.03830E-07 3.44750E-01
2.03984E-07 8.41765E-01
2.04138E-07 8.99228E-01
2.04292E-07 5.09515E-01
2.04446E-07 -1.09509E-01
2.04601E-07 -6.42313E-01
2.04755E-07 -8.39948E-01
2.04909E-07 -6.32346E-01
2.05063E-07 -1.41680E-01
2.05217E-07 3.92636E-01
2.05371E-07 7.28634E-01
2.05525E-07 7.23001E-01
2.05679E-07 3.84268E-01
2.05833E-07 -1.34013E-01
2.05987E-07 -5.95483E-01
2.06141E-07 -7.80321E-01
2.06295E-07 -5.87796E-01
2.06449E-07 -9.61466E-02
2.06603E-07 4.59329E-01
2.06757E-07 7.94472E-01
2.06912E-07 7.24894E-01
2.07066E-07 2.74642E-01
2.07220E-07 -3.24433E-01
2.07374E-07 -7.52973E-01
2.07528E-07 -7.80804E-01
2.07682E-07 -3.97107E-01
2.07836E-07 1.84550E-01
2.07990E-07 6.49524E-01
2.08144E-07 7.58899E-01
2.08298E-07 4.75150E-01
2.08452E-07 -3.17526E-02
2.08606E-07 -4.90958E-01
2.08760E-07 -6.79368E-01
2.08914E-07 -5.27499E-01
2.09068E-07 -1.34580E-01
2.09223E-07 2.98546E-01
2.09377E-07 5.71375E-01
2.09531E-07 5.69316E-01
2.09685E-07 3.03125E-01
2.09839E-07 -1.02617E-01
2.09993E-07 -4.61996E-01
2.10147E-07 -6.04559E-01
2.10301E-07 -4.52642E-01
2.10455E-07 -6.73389E-02
2.10609E-07 3.66761E-01
2.10763E-07 6.24743E-01
2.10917E-07 5.59736E-01
2.11071E-07 1.92673E-01
2.11225E-07 -2.85881E-01
2.11379E-07 -6.14402E-01
2.11534E-07 -6.08646E-01
2.11688E-07 -2.71170E-01
2.11842E-07 2.07623E-01
2.11996E-07 5.60409E-01
2.12150E-07 5.98337E-01
2.12304E-07 3.15690E-01
2.12458E-07 -1.17025E-01
2.12612E-07 -4.60526E-01
2.12766E-07 -5.43423E-01
2.12920E-07 -3.46514E-01
2.13074E-07 5.67985E-03
2.13228E-07 3.26947E-01
2.13382E-07 4.68332E-01
2.13536E-07 3.80950E-01
2.13690E-07 1.22071E-01
2.13845E-07 -1.83023E-01
2.13999E-07 -3.97278E-01
2.14153E-07 -4.24984E-01
2.14307E-07 -2.49474E-01
2.14461E-07 5.45826E-02
2.14615E-07 3.44601E-01
2.14769E-07 4.70778E-01
2.14923E-07 3.54034E-01
2.15077E-07 4.01623E-02
2.15231E-07 -3.09853E-01
2.15385E-07 -5.01041E-01
2.15539E-07 -4.17346E-01
2.15693E-07 -9.74432E-02
2.15847E-07 2.79803E-01
2.16001E-07 4.98101E-01
2.16156E-07 4.33405E-01
2.16310E-07 1.28324E-01
2.16464E-07 -2.36315E-01
2.16618E-07 -4.53300E-01
2.16772E-07 -4.11426E-01
2.16926E-07 -1.52490E-01
2.17080E-07 1.66338E-01
2.17234E-07 3.72212E-01
2.17388E-07 3.71817E-01
2.17542E-07 1.88336E-01
2.17696E-07 -6.92583E-02
2.17850E-07 -2.73190E-01
2.18004E-07 -3.37105E-01
2.18158E-07 -2.43985E-01
2.18312E-07 -4.18042E-02
2.18467E-07 1.79869E-01
2.18621E-07 3.22052E-01
2.18775E-07 3.13394E-01
2.18929E-07 1.45383E-01
2.19083E-07 -1.11132E-01
2.19237E-07 -3.27502E-01
2.19391E-07 -3.79304E-01
2.19545E-07 -2.21156E-01
2.19699E-07 7.32036E-02
2.19853E-07 3.40814E-01
2.20007E-07 4.21608E-01
2.20161E-07 2.59066E-01
2.20315E-07 -5.75677E-02
2.20469E-07 -3.42597E-01
2.20623E-07 -4.27134E-01
2.20778E-07 -2.63784E-01
2.20932E-07 4.56639E-02
2.21086E-07 3.16548E-01
2.21240E-07 3.96227E-01
2.21394E-07 2.52396E-01
2.21548E-07 -1.81360E-02
2.21702E-07 -2.57767E-01
2.21856E-07 -3.43025E-01
2.22010E-07 -2.46398E-01
2.22164E-07 -3.56989E-02
2.22318E-07 1.75618E-01
2.22472E-07 2.89283E-01
2.22626E-07 2.61743E-01
2.22780E-07 1.12590E-01
2.22934E-07 -8.98278E-02
2.23089E-07 -2.54644E-01
2.23243E-07 -3.01577E-01
2.23397E-07 -1.96742E-01
2.23551E-07 2.16516E-02
2.23705E-07 2.47908E-01
2.23859E-07 3.55054E-01
2.24013E-07 2.67161E-01
2.24167E-07 1.57248E-02
2.24321E-07 -2.63376E-01
2.24475E-07 -4.02739E-01
2.24629E-07 -3.07495E-01
2.24783E-07 -2.30508E-02
2.24937E-07 2.83964E-01
2.25091E-07 4.26033E-01
2.25245E-07 3.13719E-01
2.25400E-07 1.43940E-02
2.25554E-07 -2.89603E-01
2.25708E-07 -4.16187E-01
2.25862E-07 -2.96072E-01
2.26016E-07 -1.03416E-02
2.26170E-07 2.66969E-01
2.26324E-07 3.78667E-01
2.26478E-07 2.74327E-01
2.26632E-07 2.82154E-02
2.26786E-07 -2.15981E-01
2.26940E-07 -3.30826E-01
2.27094E-07 -2.68631E-01
2.27248E-07 -7.38883E-02
2.27402E-07 1.50038E-01
2.27556E-07 2.94000E-01
2.27711E-07 2.90207E-01
2.27865E-07 1.39023E-01
2.28019E-07 -8.98943E-02
2.28173E-07 -2.83731E-01
2.28327E-07 -3.36270E-01
2.28481E-07 -2.05006E-01
2.28635E-07 5.40714E-02
2.28789E-07 3.02717E-01
2.28943E-07 3.91518E-01
2.29097E-07 2.51709E-01
2.29251E-07 -5.03183E-02
2.29405E-07 -3.39770E-01
2.29559E-07 -4.35486E-01
2.29713E-07 -2.66944E-01
2.29867E-07 7.21134E-02
2.30022E-07 3.75271E-01
2.30176E-07 4.52283E-01
2.30330E-07 2.52186E-01
2.30484E-07 -1.01846E-01
2.30638E-07 -3.90530E-01
2.30792E-07 -4.38151E-01
2.30946E-07 -2.21878E-01
2.31100E-07 1.19168E-01
2.31254E-07 3.76665E-01
2.31408E-07 4.03297E-01
2.31562E-07 1.96656E-01
2.31716E-07 -1.10588E-01
2.31870E-07 -3.38841E-01
2.32024E-07 -3.67163E-01
2.32178E-07 -1.93694E-01
2.32333E-07 7.58163E-02
2.32487E-07 2.93888E-01
2.32641E-07 3.49358E-01
2.32795E-07 2.18691E-01
2.32949E-07 -2.78891E-02
2.33103E-07 -2.62441E-01
2.33257E-07 -3.60527E-01
2.33411E-07 -2.63254E-01
2.33565E-07 -1.29570E-02
2.33719E-07 2.59301E-01
2.33873E-07 3.97421E-01
2.34027E-07 3.08884E-01
2.34181E-07 2.87802E-02
2.34335E-07 -2.86539E-01
2.34489E-07 -4.44482E-01
2.34644E-07 -3.35684E-01
2.34798E-07 -1.23314E-02
2.34952E-07 3.32568E-01
2.35106E-07 4.81176E-01
2.35260E-07 3.31690E-01
2.35414E-07 -2.95760E-02
2.35568E-07 -3.77607E-01
2.35722E-07 -4.91615E-01
2.35876E-07 -2.98449E-01
2.36030E-07 7.92916E-02
2.36184E-07 4.02950E-01
2.36338E-07 4.71972E-01
2.36492E-07 2.50244E-01
2.36646E-07 -1.16617E-01
2.36800E-07 -3.99698E-01
2.36955E-07 -4.32194E-01
2.37109E-07 -2.07346E-01
2.37263E-07 1.28261E-01
2.37417E-07 3.72845E-01
2.37571E-07 3.91250E-01
2.37725E-07 1.86472E-01
2.37879E-07 -1.14022E-01
2.38033E-07 -3.38839E-01
2.38187E-07 -3.68147E-01
2.38341E-07 -1.92936E-01
2.38495E-07 8.68096E-02
2.38649E-07 3.17755E-01
2.38803E-07 3.72941E-01
2.38957E-07 2.18158E-01
2.39111E-07 -6.65098E-02
2.39266E-07 -3.23776E-01
2.39420E-07 -4.01956E-01
2.39574E-07 -2.43707E-01
2.39728E-07 7.05839E-02
2.39882E-07 3.58452E-01
2.40036E-07 4.39454E-01
2.40190E-07 2.49942E-01
2.40344E-07 -1.05816E-01
2.40498E-07 -4.09882E-01
2.40652E-07 -4.64939E-01
2.40806E-07 -2.25213E-01
2.40960E-07 1.65070E-01
2.41114E-07 4.58185E-01
2.41268E-07 4.62675E-01
2.41422E-07 1.71302E-01
2.41577E-07 -2.30570E-01
2.41731E-07 -4.84697E-01
2.41885E-07 -4.28949E-01
2.42039E-07 -1.02560E-01
2.42193E-07 2.82133E-01
2.42347E-07 4.80549E-01
2.42501E-07 3.73683E-01
2.42655E-07 3.91793E-02
2.42809E-07 -3.06498E-01
2.42963E-07 -4.50635E-01
2.43117E-07 -3.15651E-01
2.43271E-07 2.24373E-03
2.43425E-07 3.03364E-01
2.43579E-07 4.11105E-01
2.43733E-07 2.73580E-01
2.43888E-07 -1.64073E-02
2.44042E-07 -2.85316E-01
2.44196E-07 -3.81586E-01
2.44350E-07 -2.57307E-01
2.44504E-07 1.16674E-02
2.44658E-07 2.71701E-01
2.44812E-07 3.75798E-01
2.44966E-07 2.63146E-01
2.45120E-07 -5.96551E-03
2.45274E-07 -2.79324E-01
2.45428E-07 -3.94966E-01
2.45582E-07 -2.75630E-01
2.45736E-07 1.82456E-02
2.45890E-07 3.14355E-01
2.46044E-07 4.27117E-01
2.46199E-07 2.74802E-01
2.46353E-07 -5.93951E-02
2.46507E-07 -3.69227E-01
2.46661E-07 -4.52579E-01
2.46815E-07 -2.45618E-01
2.46969E-07 1.26957E-01
2.47123E-07 4.25976E-01
2.47277E-07 4.53100E-01
2.47431E-07 1.85066E-01
2.47585E-07 -2.06085E-01
2.47739E-07 -4.64446E-01
2.47893E-07 -4.20298E-01
2.48047E-07 -1.03656E-01
2.48201E-07 2.76274E-01
2.48355E-07 4.71500E-01
2.48510E-07 3.59501E-01
2.48664E-07 2.06145E-02
2.48818E-07 -3.20710E-01
2.48972E-07 -4.46933E-01
2.49126E-07 -2.87181E-01
2.49280E-07 4.49561E-02
2.49434E-07 3.33841E-01
2.49588E-07 4.03323E-01
2.49742E-07 2.23221E-01
2.49896E-07 -8.27955E-02
2.50050E-07 -3.23638E-01
2.50204E-07 -3.59914E-01
2.50358E-07 -1.81648E-01
2.50512E-07 9.59946E-02
2.50666E-07 3.07508E-01
2.50821E-07 3.33422E-01
2.50975E-07 1.64184E-01
2.51129E-07 -9.91983E-02
2.51283E-07 -3.03795E-01
2.51437E-07 -3.30099E-01
2.51591E-07 -1.59642E-01
2.51745E-07 1.11363E-01
2.51899E-07 3.22868E-01
2.52053E-07 3.42760E-01
2.52207E-07 1.49428E-01
2.52361E-07 -1.46483E-01
2.52515E-07 -3.62004E-01
2.52669E-07 -3.54183E-01
2.52823E-07 -1.16559E-01
2.52977E-07 2.06652E-01
2.53132E-07 4.06439E-01
2.53286E-07 3.45263E-01
2.53440E-07 5.39550E-02
2.53594E-07 -2.80706E-01
2.53748E-07 -4.36115E-01
2.53902E-07 -3.04098E-01
2.54056E-07 3.18806E-02
2.54210E-07 3.49091E-01
2.54364E-07 4.34938E-01
2.54518E-07 2.31746E-01
2.54672E-07 -1.23516E-01
2.54826E-07 -3.92662E-01
2.54980E-07 -3.98221E-01
2.55134E-07 -1.41967E-01
2.55288E-07 2.00328E-01
2.55443E-07 4.01302E-01
2.55597E-07 3.34832E-01
2.55751E-07 5.50761E-02
2.55905E-07 -2.47693E-01
2.56059E-07 -3.78319E-01
2.56213E-07 -2.63064E-01
2.56367E-07 1.11863E-02
2.56521E-07 2.63333E-01
2.56675E-07 3.38604E-01
2.56829E-07 2.02180E-01
2.56983E-07 -4.94988E-02
2.57137E-07 -2.57861E-01
2.57291E-07 -3.01424E-01
2.57445E-07 -1.63619E-01
2.57599E-07 6.58463E-02
2.57754E-07 2.49306E-01
2.57908E-07 2.81272E-01
2.58062E-07 1.45974E-01
2.58216E-07 -7.61250E-02
2.58370E-07 -2.54214E-01
2.58524E-07 -2.81059E-01
2.58678E-07 -1.36096E-01
2.58832E-07 9.80847E-02
2.58986E-07 2.79519E-01
2.59140E-07 2.90863E-01
2.59294E-07 1.15776E-01
2.59448E-07 -1.42418E-01
2.59602E-07 -3.19018E-01
2.59756E-07 -2.92798E-01
2.59910E-07 -7.08549E-02
2.60065E-07 2.07192E-01
2.60219E-07 3.56100E-01
2.60373E-07 2.69711E-01
2.60527E-07 -1.53686E-03
2.60681E-07 -2.78252E-01
2.60835E-07 -3.71453E-01
2.60989E-07 -2.13625E-01
2.61143E-07 9.10092E-02
2.61297E-07 3.35404E-01
2.61451E-07 3.52132E-01
2.61605E-07 1.29948E-01
2.61759E-07 -1.78149E-01
2.61913E-07 -3.61497E-01
2.62067E-07 -2.97742E-01
2.62221E-07 -3.54931E-02
2.62376E-07 2.42983E-01
2.62530E-07 3.50149E-01
2.62684E-07 2.20847E-01
2.62838E-07 -4.87778E-02
2.62992E-07 -2.73711E-01
2.63146E-07 -3.08521E-01
2.63300E-07 -1.41427E-01
2.63454E-07 1.06888E-01
2.63608E-07 2.71649E-01
2.63762E-07 2.53868E-01
2.63916E-07 7.79860E-02
2.64070E-07 -1.34586E-01
2.64224E-07 -2.50079E-01
2.64378E-07 -2.05486E-01
2.64532E-07 -3.94721E-02
2.64687E-07 1.40592E-01
2.64841E-07 2.27625E-01
2.64995E-07 1.75905E-01
2.65149E-07 2.18158E-02
2.65303E-07 -1.41729E-01
2.65457E-07 -2.19184E-01
2.65611E-07 -1.65302E-01
2.65765E-07 -1.05116E-02
2.65919E-07 1.54508E-01
2.66073E-07 2.29017E-01
2.66227E-07 1.62190E-01
2.66381E-07 -1.14359E-02
2.66535E-07 -1.86371E-01
2.66689E-07 -2.48194E-01
2.66843E-07 -1.48625E-01
2.66998E-07 5.58270E-02
2.67152E-07 2.33193E-01
2.67306E-07 2.60883E-01
2.67460E-07 1.11824E-01
2.67614E-07 -1.19708E-01
2.67768E-07 -2.76622E-01
2.67922E-07 -2.46478E-01
2.68076E-07 -4.35408E-02
2.68230E-07 1.95708E-01
2.68384E-07 3.05058E-01
2.68538E-07 2.05984E-01
2.68692E-07 -3.42538E-02
2.68846E-07 -2.47768E-01
2.69000E-07 -2.84138E-01
2.69154E-07 -1.17237E-01
2.69309E-07 1.36409E-01
2.69463E-07 3.01080E-01
2.69617E-07 2.66694E-01
2.69771E-07 6.50759E-02
2.69925E-07 -1.55853E-01
2.70079E-07 -2.38974E-01
2.70233E-07 -1.27467E-01
2.70387E-07 1.00523E-01
2.70541E-07 2.92919E-01
2.70695E-07 3.32520E-01
2.70849E-07 2.14923E-01
2.71003E-07 4.38431E-02
2.71157E-07 -4.64873E-02
2.71311E-07 1.73725E-02
2.71465E-07 2.06027E-01
2.71620E-07 4.17371E-01
2.71774E-07 5.50669E-01
2.71928E-07 5.70845E-01
2.72082E-07 5.23198E-01
2.72236E-07 4.96713E-01
2.72390E-07 5.66662E-01
2.72544E-07 7.54072E-01
2.72698E-07 1.02211E+00
2.72852E-07 1.30433E+00
2.73006E-07 1.54430E+00
2.73160E-07 1.72545E+00
2.73314E-07 1.87910E+00
2.73468E-07 2.06906E+00
2.73622E-07 2.35954E+00
2.73776E-07 2.78031E+00
2.73931E-07 3.30694E+00
2.74085E-07 3.87067E+00
2.74239E-07 4.39778E+00
2.74393E-07 4.85854E+00
2.74547E-07 5.29336E+00
2.74701E-07 5.79315E+00
2.74855E-07 6.44027E+00
2.75009E-07 7.24713E+00
2.75163E-07 8.13763E+00
2.75317E-07 8.99027E+00
2.75471E-07 9.71787E+00
2.75625E-07 1.03276E+01
2.75779E-07 1.09145E+01
2.75933E-07 1.15890E+01
2.76087E-07 1.23868E+01
2.76242E-07 1.32288E+01
2.76396E-07 1.39630E+01
2.76550E-07 1.44607E+01
2.76704E-07 1.46977E+01
2.76858E-07 1.47594E+01
2.77012E-07 1.47665E+01
2.77166E-07 1.47736E+01
2.77320E-07 1.47182E+01
2.77474E-07 1.44566E+01
2.77628E-07 1.38601E+01
2.77782E-07 1.29018E+01
2.77936E-07 1.16696E+01
2.78090E-07 1.03002E+01
2.78244E-07 8.88461E+00
2.78398E-07 7.41516E+00
2.78553E-07 5.81057E+00
2.78707E-07 3.99645E+00
2.78861E-07 1.97971E+00
2.79015E-07 -1.35584E-01
2.79169E-07 -2.19791E+00
2.79323E-07 -4.08317E+00
2.79477E-07 -5.74080E+00
2.79631E-07 -7.18375E+00
2.79785E-07 -8.43760E+00
2.79939E-07 -9.49058E+00
2.80093E-07 -1.02792E+01
2.80247E-07 -1.07141E+01
2.80401E-07 -1.07237E+01
2.80555E-07 -1.02847E+01
2.80709E-07 -9.42544E+00
2.80864E-07 -8.20905E+00
2.81018E-07 -6.71016E+00
2.81172E-07 -4.99960E+00
2.81326E-07 -3.13868E+00
2.81480E-07 -1.18067E+00
2.81634E-07 8.21793E-01
2.81788E-07 2.80408E+00
2.81942E-07 4.67625E+00
2.82096E-07 6.31972E+00
2.82250E-07 7.60455E+00
2.82404E-07 8.42532E+00
2.82558E-07 8.73716E+00
2.82712E-07 8.56632E+00
2.82866E-07 7.98367E+00
2.83020E-07 7.05612E+00
2.83175E-07 5.81169E+00
2.83329E-07 4.24773E+00
2.83483E-07 2.38068E+00
2.83637E-07 3.01056E-01
2.83791E-07 -1.81228E+00
2.83945E-07 -3.73788E+00
2.84099E-07 -5.29219E+00
2.84253E-07 -6.39047E+00
2.84407E-07 -7.04540E+00
2.84561E-07 -7.30619E+00
2.84715E-07 -7.18655E+00
2.84869E-07 -6.63924E+00
2.85023E-07 -5.59977E+00
2.85177E-07 -4.06766E+00
2.85331E-07 -2.16242E+00
2.85486E-07 -1.08505E-01
2.85640E-07 1.84472E+00
2.85794E-07 3.51346E+00
2.85948E-07 4.81970E+00
2.86102E-07 5.75925E+00
2.86256E-07 6.33038E+00
2.86410E-07 6.48354E+00
2.86564E-07 6.13322E+00
2.86718E-07 5.22318E+00
2.86872E-07 3.79469E+00
2.87026E-07 2.00566E+00
2.87180E-07 8.59633E-02
2.87334E-07 -1.73991E+00
2.87488E-07 -3.31180E+00
2.87642E-07 -4.54246E+00
2.87797E-07 -5.38400E+00
2.87951E-07 -5.78917E+00
2.88105E-07 -5.70228E+00
2.88259E-07 -5.08612E+00
2.88413E-07 -3.96181E+00
2.88567E-07 -2.43066E+00
2.88721E-07 -6.62524E-01
2.88875E-07 1.14021E+00
2.89029E-07 2.78157E+00
2.89183E-07 4.09766E+00
2.89337E-07 4.96781E+00
2.89491E-07 5.31920E+00
2.89645E-07 5.13069E+00
2.89799E-07 4.43389E+00
2.89953E-07 3.30647E+00
2.90108E-07 1.85894E+00
2.90262E-07 2.23214E-01
2.90416E-07 -1.44950E+00
2.90570E-07 -2.98564E+00
2.90724E-07 -4.19613E+00
2.90878E-07 -4.90624E+00
2.91032E-07 -5.00405E+00
2.91186E-07 -4.48256E+00
2.91340E-07 -3.44598E+00
2.91494E-07 -2.07090E+00
2.91648E-07 -5.44052E-01
2.91802E-07 9.83443E-01
2.91956E-07 2.39765E+00
2.92110E-07 3.58721E+00
2.92264E-07 4.41188E+00
2.92419E-07 4.71426E+00
2.92573E-07 4.38098E+00
2.92727E-07 3.41644E+00
2.92881E-07 1.97455E+00
2.93035E-07 3.18142E-01
2.93189E-07 -1.27422E+00
2.93343E-07 -2.59667E+00
2.93497E-07 -3.54679E+00
2.93651E-07 -4.08997E+00
2.93805E-07 -4.19863E+00
2.93959E-07 -3.82443E+00
2.94113E-07 -2.93188E+00
2.94267E-07 -1.56866E+00
2.94421E-07 8.63965E-02
2.94575E-07 1.74475E+00
2.94730E-07 3.09707E+00
2.94884E-07 3.91864E+00
2.95038E-07 4.12904E+00
2.95192E-07 3.77749E+00
2.95346E-07 2.97788E+00
2.95500E-07 1.84760E+00
2.95654E-07 4.92083E-01
2.95808E-07 -9.65885E-01
2.95962E-07 -2.35159E+00
2.96116E-07 -3.44201E+00
2.96270E-07 -4.02020E+00
2.96424E-07 -3.95268E+00
2.96578E-07 -3.24341E+00
2.96732E-07 -2.03345E+00
2.96886E-07 -5.51120E-01
2.97041E-07 9.55360E-01
2.97195E-07 2.26846E+00
2.97349E-07 3.22190E+00
2.97503E-07 3.70145E+00
2.97657E-07 3.64483E+00
2.97811E-07 3.05050E+00
2.97965E-07 1.98988E+00
2.98119E-07 6.09965E-01
2.98273E-07 -8.81654E-01
2.98427E-07 -2.24760E+00
2.98581E-07 -3.25946E+00
2.98735E-07 -3.73759E+00
2.98889E-07 -3.58766E+00
2.99043E-07 -2.82761E+00
2.99197E-07 -1.59414E+00
2.99352E-07 -1.18122E-01
2.99506E-07 1.32999E+00
2.99660E-07 2.50660E+00
2.99814E-07 3.24455E+00
2.99968E-07 3.46641E+00
3.00122E-07 3.16559E+00
3.00276E-07 2.38192E+00
3.00430E-07 1.19820E+00
3.00584E-07 -2.39006E-01
3.00738E-07 -1.70134E+00
3.00892E-07 -2.89983E+00
3.01046E-07 -3.55899E+00
3.01200E-07 -3.51600E+00
3.01354E-07 -2.78949E+00
3.01508E-07 -1.57313E+00
3.01663E-07 -1.54657E-01
3.01817E-07 1.19090E+00
3.01971E-07 2.27104E+00
3.02125E-07 2.97760E+00
3.02279E-07 3.24289E+00
3.02433E-07 3.00629E+00
3.02587E-07 2.23378E+00
3.02741E-07 9.82276E-01
3.02895E-07 -5.46184E-01
3.03049E-07 -2.01970E+00
3.03203E-07 -3.07568E+00
3.03357E-07 -3.45694E+00
3.03511E-07 -3.10692E+00
3.03665E-07 -2.17024E+00
3.03819E-07 -9.06526E-01
3.03974E-07 4.20563E-01
3.04128E-07 1.61075E+00
3.04282E-07 2.52543E+00
3.04436E-07 3.04821E+00
3.04590E-07 3.06555E+00
3.04744E-07 2.50180E+00
3.04898E-07 1.39039E+00
3.05052E-07 -7.61240E-02
3.05206E-07 -1.56848E+00
3.05360E-07 -2.71991E+00
3.05514E-07 -3.25414E+00
3.05668E-07 -3.07483E+00
3.05822E-07 -2.27494E+00
3.05976E-07 -1.07494E+00
3.06130E-07 2.63602E-01
3.06285E-07 1.50144E+00
3.06439E-07 2.44445E+00
3.06593E-07 2.94281E+00
3.06747E-07 2.89622E+00
3.06901E-07 2.27943E+00
3.07055E-07 1.17553E+00
3.07209E-07 -2.11560E-01
3.07363E-07 -1.58702E+00
3.07517E-07 -2.63560E+00
3.07671E-07 -3.10824E+00
3.07825E-07 -2.89253E+00
3.07979E-07 -2.04285E+00
